// Start Time: Unknown
// Update Rate: 100.0Hz
// Filter Profile: human (46.1)
// Firmware Version: 4.6.0
PacketCounter,SampleTimeFine,Year,Month,Day,Second,UTC_Nano,UTC_Year,UTC_Month,UTC_Day,UTC_Hour,UTC_Minute,UTC_Second,UTC_Valid,Acc_X,Acc_Y,Acc_Z,FreeAcc_X,FreeAcc_Y,FreeAcc_Z,Mag_X,Mag_Y,Mag_Z,VelInc_X,VelInc_Y,VelInc_Z,Pressure,Mat[1][1],Mat[2][1],Mat[3][1],Mat[1][2],Mat[2][2],Mat[3][2],Mat[1][3],Mat[2][3],Mat[3][3],Latitude,Longitude,Altitude,Vel_X,Vel_Y,Vel_Z,Temperature,GyrTemp_X,GyrTemp_Y,GyrTemp_Z
03327,,,,,,,,,,,,,,-9.689686,0.951754,1.235254,-0.000000,0.000000,0.001675,0.867676,0.119873,-0.510742,-0.096898,0.009518,0.012343,,-0.069811,-0.142649,-0.987308,0.446260,-0.889633,0.096982,-0.892176,-0.433825,0.125764,,,0.000000,,,,0.00,,,
03328,,,,,,,,,,,,,,-9.668004,0.954312,1.273501,-0.025214,-0.032897,-0.014672,0.859131,0.124023,-0.504395,-0.096681,0.009543,0.012726,99930.0000,-0.071915,-0.141121,-0.987377,0.440235,-0.892785,0.095537,-0.894998,-0.427808,0.126331,,,0.000000,,,,0.00,,,
03329,,,,,,,,,,,,,,-9.686611,0.913338,1.256586,-0.025120,0.014350,-0.002347,0.863281,0.124023,-0.510986,-0.096867,0.009134,0.012557,,-0.072130,-0.141167,-0.987355,0.439940,-0.892932,0.095528,-0.895126,-0.427486,0.126512,,,0.000000,,,,0.00,,,
03330,,,,,,,,,,,,,,-9.676963,0.933828,1.267666,-0.025235,-0.011073,-0.008512,0.863525,0.121826,-0.515137,-0.096771,0.009338,0.012668,99938.0000,-0.072306,-0.141050,-0.987359,0.439726,-0.893054,0.095376,-0.895217,-0.427270,0.126596,,,0.000000,,,,0.00,,,
03331,,,,,,,,,,,,,,-9.635264,0.909945,1.279119,-0.047587,-0.000067,-0.050505,0.865723,0.119873,-0.512939,-0.096353,0.009102,0.012785,,-0.072482,-0.141038,-0.987347,0.439510,-0.893166,0.095320,-0.895309,-0.427040,0.126726,,,0.000000,,,,0.00,,,
03332,,,,,,,,,,,,,,-9.638500,0.933113,1.231336,0.007011,-0.000357,-0.051155,0.865723,0.119873,-0.510742,-0.096385,0.009335,0.012308,99936.0000,-0.072648,-0.140961,-0.987346,0.439373,-0.893246,0.095198,-0.895362,-0.426897,0.126827,,,0.000000,,,,0.00,,,
03333,,,,,,,,,,,,,,-9.648376,0.993761,1.299256,-0.025358,-0.082297,-0.027016,0.865479,0.124023,-0.512939,-0.096484,0.009939,0.012989,,-0.072783,-0.140927,-0.987341,0.439031,-0.893418,0.095158,-0.895519,-0.426548,0.126897,,,0.000000,,,,0.00,,,
03334,,,,,,,,,,,,,,-9.656518,0.905317,1.245882,-0.014648,0.019610,-0.034162,0.859375,0.119873,-0.515137,-0.096566,0.009058,0.012453,99936.0000,-0.072973,-0.140794,-0.987346,0.438819,-0.893541,0.094985,-0.895608,-0.426335,0.126988,,,0.000000,,,,0.00,,,
03335,,,,,,,,,,,,,,-9.697265,0.942538,1.268525,-0.014046,-0.017809,0.012483,0.863525,0.121826,-0.512939,-0.096973,0.009430,0.012678,,-0.073171,-0.140753,-0.987337,0.438612,-0.893653,0.094892,-0.895693,-0.426114,0.127126,,,0.000000,,,,0.00,,,
03336,,,,,,,,,,,,,,-9.666968,0.950313,1.284312,-0.025232,-0.036198,-0.014684,0.863525,0.119873,-0.510742,-0.096670,0.009508,0.012835,99930.0000,-0.073386,-0.140698,-0.987329,0.438467,-0.893737,0.094771,-0.895746,-0.425956,0.127280,,,0.000000,,,,0.00,,,
03337,,,,,,,,,,,,,,-9.684271,0.937281,1.329801,-0.068644,-0.041774,0.006962,0.865479,0.121826,-0.512939,-0.096843,0.009379,0.013291,,-0.073582,-0.140642,-0.987322,0.438341,-0.893811,0.094653,-0.895792,-0.425819,0.127418,,,0.000000,,,,0.00,,,
03338,,,,,,,,,,,,,,-9.666791,0.948156,1.287232,-0.025146,-0.036764,-0.014686,0.863525,0.119873,-0.515137,-0.096668,0.009487,0.012865,99935.0000,-0.073802,-0.140542,-0.987320,0.438223,-0.893887,0.094485,-0.895832,-0.425693,0.127559,,,0.000000,,,,0.00,,,
03339,,,,,,,,,,,,,,-9.654595,0.929345,1.315766,-0.058028,-0.034047,-0.024858,0.861084,0.126221,-0.515381,-0.096547,0.009298,0.013150,,-0.074000,-0.140515,-0.987309,0.438120,-0.893947,0.094390,-0.895865,-0.425575,0.127715,,,0.000000,,,,0.00,,,
03340,,,,,,,,,,,,,,-9.642410,0.910561,1.344106,-0.090761,-0.031856,-0.035031,0.861572,0.115479,-0.512695,-0.096424,0.009111,0.013435,99935.0000,-0.074178,-0.140411,-0.987311,0.438068,-0.893990,0.094226,-0.895876,-0.425520,0.127824,,,0.000000,,,,0.00,,,
03341,,,,,,,,,,,,,,-9.642374,0.909605,1.345007,-0.090761,-0.031856,-0.035031,0.863281,0.124023,-0.515381,-0.096424,0.009100,0.013447,,-0.074279,-0.140359,-0.987311,0.438049,-0.894008,0.094139,-0.895877,-0.425498,0.127890,,,0.000000,,,,0.00,,,
03342,,,,,,,,,,,,,,-9.612946,0.902736,1.328417,-0.079926,-0.023487,-0.066847,0.865479,0.121826,-0.515137,-0.096129,0.009034,0.013283,99932.0000,-0.074389,-0.140258,-0.987317,0.438051,-0.894022,0.094000,-0.895867,-0.425502,0.127946,,,0.000000,,,,0.00,,,
03343,,,,,,,,,,,,,,-9.654595,0.925199,1.318684,-0.057570,-0.034501,-0.024857,0.859375,0.119873,-0.519531,-0.096546,0.009257,0.013186,,-0.074447,-0.140184,-0.987323,0.438093,-0.894012,0.093902,-0.895842,-0.425548,0.127970,,,0.000000,,,,0.00,,,
03344,,,,,,,,,,,,,,-9.678825,0.959777,1.265335,0.008660,-0.039676,-0.004515,0.865723,0.115723,-0.508301,-0.096788,0.009603,0.012648,99935.0000,-0.074600,-0.140181,-0.987312,0.438332,-0.893905,0.093799,-0.895712,-0.425773,0.128131,,,0.000000,,,,0.00,,,
03345,,,,,,,,,,,,,,-9.649230,0.952953,1.250070,0.019186,-0.031380,-0.036334,0.865723,0.121826,-0.517334,-0.096493,0.009535,0.012488,,-0.074782,-0.140242,-0.987289,0.438917,-0.893630,0.093693,-0.895410,-0.426331,0.128382,,,0.000000,,,,0.00,,,
03346,,,,,,,,,,,,,,-9.702404,0.885814,1.323429,-0.067311,0.004956,0.019312,0.861084,0.128174,-0.515381,-0.097026,0.008873,0.013207,99940.0000,-0.075205,-0.140363,-0.987240,0.440405,-0.892927,0.093405,-0.894644,-0.427761,0.128969,,,0.000000,,,,0.00,,,
03347,,,,,,,,,,,,,,-9.698762,0.734291,1.455433,-0.242128,0.081100,0.018805,0.859131,0.124023,-0.515381,-0.096992,0.007393,0.014499,,-0.076204,-0.140298,-0.987172,0.443540,-0.891473,0.092458,-0.893009,-0.430804,0.130162,,,0.000000,,,,0.00,,,
03348,,,,,,,,,,,,,,-9.658189,0.750292,1.491996,-0.252441,0.038931,-0.014507,0.863037,0.130371,-0.513184,-0.096587,0.007584,0.014847,99929.0000,-0.077680,-0.139950,-0.987107,0.448154,-0.889331,0.090820,-0.890575,-0.435321,0.131803,,,0.000000,,,,0.00,,,
03349,,,,,,,,,,,,,,-9.786686,0.690612,1.472567,-0.229250,0.108599,0.104984,0.864990,0.136719,-0.511230,-0.097872,0.007014,0.014641,,-0.079436,-0.139361,-0.987050,0.453370,-0.886894,0.088734,-0.887775,-0.440451,0.133634,,,0.000000,,,,0.00,,,
03350,,,,,,,,,,,,,,-9.801958,0.387325,0.861337,0.206582,0.635683,0.011947,0.856689,0.136719,-0.517822,-0.098024,0.004002,0.008498,99929.0000,-0.082154,-0.138477,-0.986952,0.460913,-0.883310,0.085569,-0.883634,-0.447869,0.136393,,,0.000000,,,,0.00,,,
03351,,,,,,,,,,,,,,-9.933449,0.364502,0.454655,0.600244,0.843317,0.083846,0.860352,0.145020,-0.513916,-0.099335,0.003786,0.004417,,-0.085240,-0.137374,-0.986845,0.469288,-0.879243,0.081860,-0.878921,-0.456137,0.139415,,,0.000000,,,,0.00,,,
03352,,,,,,,,,,,,,,-10.048954,0.259287,-0.265923,1.233088,1.268818,0.086246,0.858154,0.153564,-0.518555,-0.100481,0.002717,-0.002832,99929.0000,-0.089339,-0.136239,-0.986639,0.477921,-0.874973,0.077544,-0.873848,-0.464608,0.143281,,,0.000000,,,,0.00,,,
03353,,,,,,,,,,,,,,-10.302847,-0.155103,-1.212409,1.931609,2.106044,0.161072,0.855469,0.164062,-0.516602,-0.103000,-0.001462,-0.012374,,-0.095223,-0.135854,-0.986142,0.487882,-0.869874,0.072726,-0.867700,-0.474196,0.149113,,,0.000000,,,,0.00,,,
03354,,,,,,,,,,,,,,-10.418006,-0.152262,-1.269427,2.049043,2.151050,0.254261,0.848877,0.174561,-0.530273,-0.104139,-0.001435,-0.013036,99932.0000,-0.102320,-0.135559,-0.985472,0.498859,-0.864084,0.067066,-0.860622,-0.484750,0.156038,,,0.000000,,,,0.00,,,
03355,,,,,,,,,,,,,,-10.246521,-0.457662,-1.204600,1.893509,2.379865,0.056561,0.855225,0.176758,-0.536865,-0.102422,-0.004499,-0.012433,,-0.110613,-0.137062,-0.984367,0.507815,-0.859191,0.062570,-0.854335,-0.492955,0.164640,,,0.000000,,,,0.00,,,
03356,,,,,,,,,,,,,,-10.220450,-0.959874,-0.354287,0.980609,2.403445,0.125404,0.840332,0.182861,-0.543701,-0.102196,-0.009514,-0.003988,99940.0000,-0.118918,-0.138949,-0.983134,0.514201,-0.855656,0.058736,-0.849385,-0.498544,0.173201,,,0.000000,,,,0.00,,,
03357,,,,,,,,,,,,,,-10.099733,-1.260570,0.553033,0.129239,2.226009,0.133509,0.836182,0.185059,-0.550293,-0.101031,-0.012540,0.005032,,-0.128341,-0.143304,-0.981322,0.518233,-0.853349,0.056839,-0.845555,-0.501259,0.183784,,,0.000000,,,,0.00,,,
03358,,,,,,,,,,,,,,-10.003673,-1.275185,1.256780,-0.402831,1.901629,0.162266,0.827881,0.182861,-0.561279,-0.100102,-0.012734,0.012052,99940.0000,-0.136480,-0.146977,-0.979679,0.519803,-0.852483,0.055480,-0.843314,-0.501668,0.192746,,,0.000000,,,,0.00,,,
03359,,,,,,,,,,,,,,-9.941834,-1.015288,2.183947,-0.968724,1.262001,0.292186,0.825684,0.189209,-0.574463,-0.099528,-0.010188,0.021315,,-0.145009,-0.152778,-0.977564,0.519631,-0.852543,0.056159,-0.841995,-0.499829,0.203014,,,0.000000,,,,0.00,,,
03360,,,,,,,,,,,,,,-9.822225,-0.985424,2.520434,-1.172489,1.105176,0.247251,0.813477,0.180664,-0.585205,-0.098356,-0.009982,0.024622,99947.0000,-0.153185,-0.157943,-0.975494,0.515947,-0.854697,0.057364,-0.842812,-0.494516,0.212417,,,0.000000,,,,0.00,,,
03361,,,,,,,,,,,,,,-9.647192,-0.643585,3.472455,-1.739417,0.408914,0.303942,0.811523,0.176514,-0.593750,-0.096668,-0.006666,0.034127,,-0.162133,-0.165493,-0.972792,0.509779,-0.858138,0.061024,-0.844889,-0.486015,0.223497,,,0.000000,,,,0.00,,,
03362,,,,,,,,,,,,,,-9.727860,-0.235935,4.386791,-2.209088,-0.275635,0.626320,0.803711,0.166016,-0.604492,-0.097559,-0.002660,0.043221,99939.0000,-0.171931,-0.171605,-0.970047,0.501666,-0.862713,0.063702,-0.847804,-0.475687,0.234416,,,0.000000,,,,0.00,,,
03363,,,,,,,,,,,,,,-9.716998,0.208814,5.387521,-2.741561,-1.007716,0.909013,0.795410,0.161621,-0.610840,-0.097563,0.001770,0.053170,,-0.183550,-0.179915,-0.966406,0.494384,-0.866624,0.067440,-0.849643,-0.465397,0.248016,,,0.000000,,,,0.00,,,
03364,,,,,,,,,,,,,,-9.733022,0.712557,5.652699,-2.606903,-1.445375,1.064109,0.783447,0.151123,-0.621582,-0.097768,0.006825,0.055801,99943.0000,-0.196654,-0.186236,-0.962623,0.486389,-0.871002,0.069146,-0.851324,-0.454612,0.261869,,,0.000000,,,,0.00,,,
03365,,,,,,,,,,,,,,-9.652344,1.133740,6.070663,-2.660712,-1.879439,1.173276,0.775391,0.146973,-0.641113,-0.097021,0.011025,0.059964,,-0.210354,-0.194122,-0.958159,0.478474,-0.875124,0.072256,-0.852534,-0.443254,0.276968,,,0.000000,,,,0.00,,,
03366,,,,,,,,,,,,,,-9.544163,1.457602,6.223059,-2.531875,-2.120955,1.188686,0.767090,0.144775,-0.656494,-0.095966,0.014272,0.061489,99936.0000,-0.225503,-0.200830,-0.953318,0.470317,-0.879389,0.074005,-0.853200,-0.431673,0.292758,,,0.000000,,,,0.00,,,
03367,,,,,,,,,,,,,,-9.023792,1.632814,6.075183,-2.318447,-2.195041,0.713803,0.754639,0.142578,-0.667236,-0.090714,0.016189,0.060074,,-0.239787,-0.206705,-0.948565,0.464639,-0.882334,0.074817,-0.852416,-0.422800,0.307615,,,0.000000,,,,0.00,,,
03368,,,,,,,,,,,,,,-8.597534,1.733597,5.826974,-2.023594,-2.185468,0.286994,0.748291,0.146729,-0.676270,-0.086386,0.017322,0.057662,99936.0000,-0.254903,-0.210526,-0.943771,0.460962,-0.884430,0.072787,-0.850023,-0.416489,0.322488,,,0.000000,,,,0.00,,,
03369,,,,,,,,,,,,,,-8.393405,1.799387,5.571861,-1.709638,-2.122697,0.051522,0.736084,0.140381,-0.691406,-0.084269,0.018073,0.055184,,-0.267337,-0.213331,-0.939692,0.458814,-0.885727,0.070550,-0.847361,-0.412283,0.334666,,,0.000000,,,,0.00,,,
03370,,,,,,,,,,,,,,-8.306183,1.823336,5.509067,-1.538574,-2.102919,-0.021031,0.729736,0.144531,-0.704590,-0.083333,0.018384,0.054628,99930.0000,-0.280223,-0.214692,-0.935619,0.457970,-0.886495,0.066256,-0.843646,-0.409919,0.346739,,,0.000000,,,,0.00,,,
03371,,,,,,,,,,,,,,-8.162659,1.710429,5.430527,-1.464053,-1.986401,-0.171360,0.723145,0.150879,-0.702881,-0.081839,0.017292,0.053924,,-0.289738,-0.214887,-0.932671,0.457599,-0.886980,0.062204,-0.840628,-0.408767,0.355324,,,0.000000,,,,0.00,,,
03372,,,,,,,,,,,,,,-8.042324,1.413528,5.360012,-1.465816,-1.715281,-0.309248,0.723145,0.148926,-0.702637,-0.080591,0.014357,0.053287,99929.0000,-0.300087,-0.214550,-0.929471,0.457955,-0.887151,0.056927,-0.836795,-0.408573,0.364476,,,0.000000,,,,0.00,,,
03373,,,,,,,,,,,,,,-8.060744,1.166856,5.480212,-1.595738,-1.553056,-0.251776,0.716553,0.157227,-0.713867,-0.080745,0.011913,0.054546,,-0.307287,-0.212883,-0.927500,0.458244,-0.887313,0.051841,-0.834019,-0.409091,0.370212,,,0.000000,,,,0.00,,,
03374,,,,,,,,,,,,,,-7.988123,0.892302,5.517430,-1.683627,-1.352649,-0.305654,0.714355,0.161377,-0.709717,-0.079997,0.009172,0.054964,99928.0000,-0.315807,-0.211330,-0.924990,0.458573,-0.887456,0.046190,-0.830649,-0.409588,0.377174,,,0.000000,,,,0.00,,,
03375,,,,,,,,,,,,,,-7.868845,0.660765,5.513888,-1.761994,-1.194721,-0.419820,0.711670,0.176270,-0.716797,-0.078794,0.006861,0.054957,,-0.321815,-0.208671,-0.923521,0.458604,-0.887705,0.040770,-0.828322,-0.410410,0.381374,,,0.000000,,,,0.00,,,
03376,,,,,,,,,,,,,,-7.404250,0.317477,5.304030,-1.812891,-0.921320,-0.928956,0.707520,0.176025,-0.718994,-0.074144,0.003437,0.052882,99932.0000,-0.330152,-0.206398,-0.921086,0.459025,-0.887757,0.034397,-0.824800,-0.411445,0.387836,,,0.000000,,,,0.00,,,
03377,,,,,,,,,,,,,,-6.909887,0.047552,5.007280,-1.802810,-0.691087,-1.500428,0.707275,0.180420,-0.721436,-0.069185,0.000719,0.049951,,-0.335435,-0.203195,-0.919889,0.459344,-0.887798,0.028608,-0.822488,-0.412949,0.391135,,,0.000000,,,,0.00,,,
03378,,,,,,,,,,,,,,-6.607675,-0.171164,4.849286,-1.807401,-0.516061,-1.833151,0.703125,0.180420,-0.717041,-0.066140,-0.001485,0.048414,99935.0000,-0.342538,-0.200616,-0.917835,0.459793,-0.887742,0.022442,-0.819303,-0.414327,0.396327,,,0.000000,,,,0.00,,,
03379,,,,,,,,,,,,,,-6.762960,-0.331378,4.861712,-1.803679,-0.379432,-1.683340,0.698730,0.186523,-0.721680,-0.067675,-0.003100,0.048569,,-0.345995,-0.196998,-0.917322,0.459870,-0.887820,0.017209,-0.817806,-0.415894,0.397775,,,0.000000,,,,0.00,,,
03380,,,,,,,,,,,,,,-6.393020,-0.462247,4.847839,-1.931814,-0.353403,-2.019806,0.698486,0.195068,-0.724121,-0.063958,-0.004432,0.048459,99936.0000,-0.351165,-0.194547,-0.915879,0.460278,-0.887693,0.012081,-0.815370,-0.417317,0.401272,,,0.000000,,,,0.00,,,
03381,,,,,,,,,,,,,,-6.706092,-0.552054,4.958216,-1.933777,-0.291059,-1.686433,0.698242,0.197266,-0.719971,-0.067070,-0.005335,0.049590,,-0.352916,-0.191006,-0.915951,0.460618,-0.887566,0.007611,-0.814421,-0.419218,0.401217,,,0.000000,,,,0.00,,,
03382,,,,,,,,,,,,,,-6.802956,-0.618795,4.935897,-1.871840,-0.228681,-1.598675,0.700195,0.203369,-0.719971,-0.068023,-0.006015,0.049390,99941.0000,-0.356968,-0.188538,-0.914892,0.461112,-0.887337,0.002945,-0.812372,-0.420817,0.403688,,,0.000000,,,,0.00,,,
03383,,,,,,,,,,,,,,-6.816080,-0.672073,4.920156,-1.871699,-0.205103,-1.592398,0.699951,0.205566,-0.718018,-0.068139,-0.006569,0.049253,,-0.357374,-0.185093,-0.915437,0.461322,-0.887232,-0.000703,-0.812075,-0.422563,0.402461,,,0.000000,,,,0.00,,,
03384,,,,,,,,,,,,,,-6.968703,-0.733918,4.961978,-1.849186,-0.162667,-1.429570,0.702148,0.207764,-0.718018,-0.069654,-0.007206,0.049685,99935.0000,-0.360445,-0.182649,-0.914723,0.461276,-0.887245,-0.004603,-0.810743,-0.423599,0.404054,,,0.000000,,,,0.00,,,
03385,,,,,,,,,,,,,,-7.045254,-0.853528,4.987474,-1.901150,-0.082283,-1.349957,0.708252,0.211914,-0.715820,-0.070408,-0.008429,0.049956,,-0.359798,-0.179456,-0.915610,0.460920,-0.887413,-0.007193,-0.811233,-0.424611,0.402004,,,0.000000,,,,0.00,,,
03386,,,,,,,,,,,,,,-7.200912,-1.017178,5.011912,-1.917815,0.063282,-1.191495,0.701904,0.214111,-0.713867,-0.071950,-0.010097,0.050220,99939.0000,-0.361989,-0.177236,-0.915178,0.459997,-0.887864,-0.010001,-0.810781,-0.424600,0.402925,,,0.000000,,,,0.00,,,
03387,,,,,,,,,,,,,,-7.282941,-1.166532,4.911700,-1.894699,0.231226,-1.159169,0.704102,0.207764,-0.711426,-0.072746,-0.011634,0.049247,,-0.359700,-0.174079,-0.916686,0.458313,-0.888722,-0.011070,-0.812751,-0.424111,0.399456,,,0.000000,,,,0.00,,,
03388,,,,,,,,,,,,,,-7.328822,-1.275372,4.817381,-1.853635,0.365399,-1.153834,0.706055,0.207764,-0.707031,-0.073164,-0.012769,0.048358,99932.0000,-0.358996,-0.171518,-0.917444,0.455818,-0.889992,-0.011976,-0.814464,-0.422487,0.397685,,,0.000000,,,,0.00,,,
03389,,,,,,,,,,,,,,-7.418136,-1.231889,4.907206,-1.925981,0.287584,-1.047158,0.712646,0.203613,-0.704590,-0.073998,-0.012388,0.049331,,-0.353097,-0.167568,-0.920458,0.452236,-0.891829,-0.011127,-0.819027,-0.420193,0.390682,,,0.000000,,,,0.00,,,
03390,,,,,,,,,,,,,,-7.666486,-1.102442,5.195829,-2.057388,0.085523,-0.716190,0.727295,0.203613,-0.700195,-0.076424,-0.011147,0.052285,99936.0000,-0.348628,-0.164360,-0.922738,0.448140,-0.893907,-0.010091,-0.823183,-0.417033,0.385297,,,0.000000,,,,0.00,,,
03391,,,,,,,,,,,,,,-7.831047,-0.970716,5.219974,-2.051430,-0.026965,-0.576576,0.731689,0.197266,-0.688965,-0.078029,-0.009884,0.052586,,-0.339732,-0.159921,-0.926826,0.442589,-0.896693,-0.007511,-0.829878,-0.412755,0.375415,,,0.000000,,,,0.00,,,
03392,,,,,,,,,,,,,,-8.151659,-0.741843,5.494676,-2.138926,-0.292685,-0.193463,0.733887,0.193115,-0.682373,-0.081194,-0.007664,0.055388,99932.0000,-0.333521,-0.156384,-0.929681,0.435977,-0.899944,-0.005024,-0.835875,-0.406995,0.368330,,,0.000000,,,,0.00,,,
03393,,,,,,,,,,,,,,-8.508925,-0.431974,5.847077,-2.304248,-0.656075,0.238938,0.744873,0.180420,-0.675293,-0.084737,-0.004647,0.058954,,-0.323138,-0.152299,-0.934017,0.427878,-0.903836,-0.000654,-0.844098,-0.399857,0.357229,,,0.000000,,,,0.00,,,
03394,,,,,,,,,,,,,,-8.840121,-0.096242,6.040850,-2.318590,-0.966024,0.595871,0.751221,0.178467,-0.670654,-0.088050,-0.001336,0.060910,99931.0000,-0.315885,-0.149687,-0.936915,0.419604,-0.907700,0.003548,-0.850970,-0.392013,0.349538,,,0.000000,,,,0.00,,,
03395,,,,,,,,,,,,,,-9.110370,0.084736,6.221589,-2.446108,-1.140516,0.884437,0.761963,0.167969,-0.661621,-0.090789,0.000468,0.062677,,-0.306688,-0.146993,-0.940391,0.411321,-0.911453,0.008326,-0.858346,-0.384249,0.339992,,,0.000000,,,,0.00,,,
03396,,,,,,,,,,,,,,-9.425658,0.004222,6.180897,-2.426177,-0.971397,1.151599,0.766357,0.163818,-0.656982,-0.094012,-0.000296,0.062178,99929.0000,-0.302691,-0.146142,-0.941818,0.404416,-0.914497,0.011927,-0.863033,-0.377276,0.335912,,,0.000000,,,,0.00,,,
03397,,,,,,,,,,,,,,-9.638090,-0.169426,5.873322,-2.258355,-0.640565,1.228434,0.770752,0.159424,-0.654785,-0.096215,-0.001958,0.058996,,-0.297343,-0.145168,-0.943670,0.398755,-0.916928,0.015410,-0.867515,-0.371711,0.330528,,,0.000000,,,,0.00,,,
03398,,,,,,,,,,,,,,-9.721873,-0.413665,5.516489,-2.046705,-0.241751,1.181396,0.769043,0.151123,-0.652100,-0.097106,-0.004333,0.055347,99930.0000,-0.296922,-0.145281,-0.943785,0.394349,-0.918797,0.017370,-0.869670,-0.367023,0.330102,,,0.000000,,,,0.00,,,
03399,,,,,,,,,,,,,,-9.680783,-0.697419,5.266552,-2.000310,0.120240,1.046625,0.771240,0.148926,-0.658691,-0.096724,-0.007107,0.052802,,-0.293926,-0.144807,-0.944795,0.391324,-0.920051,0.019273,-0.872051,-0.364057,0.327094,,,0.000000,,,,0.00,,,
03400,,,,,,,,,,,,,,-9.562353,-0.938347,5.103555,-1.982811,0.402190,0.877121,0.770996,0.148926,-0.649902,-0.095557,-0.009471,0.051144,99936.0000,-0.294914,-0.145391,-0.944398,0.389850,-0.920661,0.019996,-0.872378,-0.362276,0.328196,,,0.000000,,,,0.00,,,
03401,,,,,,,,,,,,,,-9.378001,-1.105553,4.950284,-1.997799,0.588576,0.643736,0.775391,0.146973,-0.647705,-0.093714,-0.011116,0.049614,,-0.292531,-0.144606,-0.945259,0.388050,-0.921402,0.020866,-0.873981,-0.360704,0.325653,,,0.000000,,,,0.00,,,
03402,,,,,,,,,,,,,,-9.065298,-1.283915,4.819969,-2.041658,0.760257,0.302337,0.775391,0.146973,-0.647705,-0.090577,-0.012897,0.048328,99928.0000,-0.292792,-0.144077,-0.945259,0.386241,-0.922161,0.020919,-0.874695,-0.358973,0.325650,,,0.000000,,,,0.00,,,
03403,,,,,,,,,,,,,,-8.763769,-1.391280,4.829517,-2.214277,0.812687,0.010751,0.781982,0.138428,-0.638672,-0.087545,-0.013992,0.048441,,-0.289380,-0.142785,-0.946505,0.383544,-0.923260,0.022016,-0.877014,-0.356655,0.321937,,,0.000000,,,,0.00,,,
03404,,,,,,,,,,,,,,-8.772232,-1.530000,5.020626,-2.442558,0.881791,0.074467,0.775391,0.142578,-0.634521,-0.087608,-0.015417,0.050369,99936.0000,-0.288286,-0.141980,-0.946960,0.380286,-0.924587,0.022853,-0.878791,-0.353527,0.320538,,,0.000000,,,,0.00,,,
03405,,,,,,,,,,,,,,-9.496911,-1.850302,5.018530,-2.397722,1.289712,0.741363,0.786133,0.140625,-0.640869,-0.094861,-0.018631,0.050341,,-0.284463,-0.140881,-0.948279,0.376573,-0.926060,0.024616,-0.881631,-0.350094,0.316482,,,0.000000,,,,0.00,,,
03406,,,,,,,,,,,,,,-10.420118,-2.246863,4.833384,-2.123336,1.862648,1.545602,0.781738,0.140625,-0.634277,-0.104131,-0.022581,0.048432,99934.0000,-0.284788,-0.140104,-0.948297,0.373010,-0.927490,0.025010,-0.883040,-0.346601,0.316398,,,0.000000,,,,0.00,,,
03407,,,,,,,,,,,,,,-11.600711,-2.324543,4.521454,-1.559093,2.222989,2.558694,0.781982,0.136475,-0.638428,-0.115992,-0.023340,0.045205,,-0.284181,-0.140220,-0.948462,0.370146,-0.928599,0.026379,-0.884439,-0.343573,0.315792,,,0.000000,,,,0.00,,,
03408,,,,,,,,,,,,,,-12.790412,-2.279044,4.203882,-0.874935,2.471795,3.588280,0.782227,0.132080,-0.636230,-0.127933,-0.022872,0.041906,99936.0000,-0.288354,-0.140127,-0.947215,0.366477,-0.930063,0.026025,-0.884616,-0.339628,0.319541,,,0.000000,,,,0.00,,,
03409,,,,,,,,,,,,,,-13.916086,-2.135597,4.047318,-0.329083,2.578335,4.604062,0.784424,0.130127,-0.642578,-0.139222,-0.021434,0.040222,,-0.290985,-0.141106,-0.946265,0.362944,-0.931411,0.027282,-0.885211,-0.335502,0.322240,,,0.000000,,,,0.00,,,
03410,,,,,,,,,,,,,,-14.585922,-1.160402,3.798001,0.536839,1.876203,5.177700,0.778076,0.130127,-0.642578,-0.145940,-0.011693,0.037639,99936.0000,-0.297713,-0.141567,-0.944101,0.357547,-0.933498,0.027229,-0.885171,-0.329454,0.328531,,,0.000000,,,,0.00,,,
03411,,,,,,,,,,,,,,-14.161742,0.280186,3.189633,1.521133,0.716576,4.608804,0.772217,0.121582,-0.651123,-0.141696,0.002676,0.031554,,-0.302231,-0.142903,-0.942462,0.349209,-0.936564,0.030023,-0.886966,-0.320042,0.332962,,,0.000000,,,,0.00,,,
03412,,,,,,,,,,,,,,-12.635802,1.391427,4.747105,0.146794,-1.005184,3.718843,0.768066,0.119629,-0.655518,-0.126470,0.013763,0.047215,99941.0000,-0.309406,-0.142421,-0.940204,0.340090,-0.939899,0.030456,-0.888035,-0.310331,0.339246,,,0.000000,,,,0.00,,,
03413,,,,,,,,,,,,,,-10.353608,1.882420,4.985144,-0.576373,-1.822641,1.673739,0.770508,0.108887,-0.655029,-0.103617,0.018669,0.049742,,-0.312943,-0.142556,-0.939013,0.332331,-0.942608,0.032347,-0.889732,-0.301940,0.342358,,,0.000000,,,,0.00,,,
03414,,,,,,,,,,,,,,-8.166124,2.110951,3.568309,0.105191,-1.895730,-0.853357,0.768555,0.106934,-0.661621,-0.081720,0.021007,0.035610,99943.0000,-0.318851,-0.141942,-0.937116,0.324139,-0.945437,0.032915,-0.890656,-0.293261,0.347462,,,0.000000,,,,0.00,,,
03415,,,,,,,,,,,,,,-7.012610,1.280671,2.279362,0.626076,-0.874635,-2.406250,0.764404,0.104736,-0.661621,-0.070162,0.012736,0.022723,,-0.322229,-0.142245,-0.935914,0.316295,-0.948008,0.035185,-0.892259,-0.284687,0.350467,,,0.000000,,,,0.00,,,
03416,,,,,,,,,,,,,,-7.360483,1.233307,1.414479,1.518861,-0.526579,-2.388789,0.764648,0.102539,-0.663574,-0.073617,0.012319,0.014091,99924.0000,-0.326926,-0.141283,-0.934430,0.308544,-0.950537,0.035769,-0.893264,-0.276619,0.354347,,,0.000000,,,,0.00,,,
03417,,,,,,,,,,,,,,-7.954961,1.060183,1.266166,1.801807,-0.233115,-1.893867,0.758789,0.090088,-0.661133,-0.079557,0.010608,0.012610,,-0.329183,-0.140746,-0.933718,0.302359,-0.952477,0.036977,-0.894549,-0.270146,0.356095,,,0.000000,,,,0.00,,,
03418,,,,,,,,,,,,,,-8.104953,0.997599,0.963774,2.118981,-0.076069,-1.867975,0.760742,0.092041,-0.661133,-0.081050,0.010001,0.009607,99910.0000,-0.331858,-0.139296,-0.932988,0.296345,-0.954361,0.037079,-0.895572,-0.264181,0.357992,,,0.000000,,,,0.00,,,
03419,,,,,,,,,,,,,,-8.104139,1.072500,0.576378,2.490610,-0.049725,-2.005388,0.760742,0.094238,-0.669922,-0.081037,0.010750,0.005776,,-0.332546,-0.138424,-0.932873,0.290830,-0.956012,0.038184,-0.897124,-0.258610,0.358176,,,0.000000,,,,0.00,,,
03420,,,,,,,,,,,,,,-8.379923,1.571961,0.232193,3.034581,-0.414272,-1.852300,0.762939,0.092041,-0.674316,-0.083794,0.015735,0.002406,99919.0000,-0.332851,-0.136800,-0.933004,0.284029,-0.958017,0.039140,-0.899187,-0.251972,0.357732,,,0.000000,,,,0.00,,,
03421,,,,,,,,,,,,,,-8.473141,2.134278,-0.290254,3.673215,-0.816983,-1.921334,0.765381,0.081543,-0.662842,-0.084735,0.021348,-0.002741,,-0.330932,-0.136373,-0.933749,0.277748,-0.959747,0.041733,-0.901854,-0.245536,0.355488,,,0.000000,,,,0.00,,,
03422,,,,,,,,,,,,,,-8.544903,2.236403,-0.856490,4.207142,-0.784318,-2.038689,0.763672,0.071045,-0.658203,-0.085473,0.022362,-0.008323,99920.0000,-0.328518,-0.135516,-0.934725,0.269782,-0.961886,0.044636,-0.905149,-0.237508,0.352557,,,0.000000,,,,0.00,,,
03423,,,,,,,,,,,,,,-8.540764,2.076520,-1.206610,4.428827,-0.560600,-2.145659,0.767822,0.071045,-0.656006,-0.085455,0.020763,-0.011725,,-0.322920,-0.135455,-0.936683,0.261838,-0.963861,0.049117,-0.909485,-0.229398,0.346717,,,0.000000,,,,0.00,,,
03424,,,,,,,,,,,,,,-8.697786,1.840057,-1.213727,4.352727,-0.329000,-1.973344,0.772461,0.060547,-0.649170,-0.087038,0.018394,-0.011704,99925.0000,-0.314892,-0.134772,-0.939510,0.252909,-0.965993,0.053804,-0.914811,-0.220668,0.338269,,,0.000000,,,,0.00,,,
03425,,,,,,,,,,,,,,-8.987998,1.419669,-0.753191,3.833564,-0.002442,-1.525962,0.776611,0.056396,-0.642334,-0.089923,0.014178,-0.007033,,-0.305783,-0.133863,-0.942644,0.244283,-0.967955,0.058215,-0.920230,-0.212471,0.328684,,,0.000000,,,,0.00,,,
03426,,,,,,,,,,,,,,-9.340001,1.006706,-0.012092,3.055631,0.264028,-0.933405,0.787354,0.048096,-0.633301,-0.093400,0.010051,0.000416,99929.0000,-0.295221,-0.131509,-0.946335,0.235087,-0.970029,0.061464,-0.926056,-0.204325,0.317289,,,0.000000,,,,0.00,,,
03427,,,,,,,,,,,,,,-9.687219,0.591419,0.731436,2.272223,0.540854,-0.364377,0.793945,0.043701,-0.626465,-0.096832,0.005903,0.007831,,-0.285907,-0.128981,-0.949537,0.226176,-0.971986,0.063928,-0.931183,-0.196485,0.307070,,,0.000000,,,,0.00,,,
03428,,,,,,,,,,,,,,-9.813435,0.258691,1.418606,1.492254,0.724465,-0.033599,0.797852,0.043701,-0.617676,-0.098071,0.002563,0.014617,99930.0000,-0.277320,-0.125870,-0.952497,0.215799,-0.974211,0.065909,-0.936229,-0.187270,0.297331,,,0.000000,,,,0.00,,,
03429,,,,,,,,,,,,,,-9.591071,0.090421,1.541100,1.203748,0.828951,-0.208768,0.800537,0.031250,-0.613037,-0.095859,0.000852,0.015733,,-0.271242,-0.123797,-0.954517,0.204217,-0.976518,0.068619,-0.940597,-0.176316,0.290154,,,0.000000,,,,0.00,,,
03430,,,,,,,,,,,,,,-9.458778,0.159934,1.444007,1.202774,0.758567,-0.349238,0.798584,0.024902,-0.612793,-0.094550,0.001500,0.014698,99931.0000,-0.265315,-0.122029,-0.956408,0.189803,-0.979158,0.072279,-0.945295,-0.162352,0.282947,,,0.000000,,,,0.00,,,
03431,,,,,,,,,,,,,,-9.470083,0.569614,1.523298,1.150342,0.362851,-0.280004,0.809570,0.010254,-0.603516,-0.094666,0.005521,0.015509,,-0.260489,-0.122212,-0.957711,0.174109,-0.981640,0.077910,-0.949648,-0.146451,0.276984,,,0.000000,,,,0.00,,,
03432,,,,,,,,,,,,,,-9.535720,1.132475,1.498663,1.210095,-0.152166,-0.170572,0.807861,0.001709,-0.603271,-0.095331,0.011086,0.015326,99923.0000,-0.254291,-0.123091,-0.959262,0.156991,-0.983966,0.084644,-0.954301,-0.129071,0.269538,,,0.000000,,,,0.00,,,
03433,,,,,,,,,,,,,,-9.529344,1.624388,1.470177,1.231441,-0.592848,-0.130760,0.810303,-0.010986,-0.593994,-0.095277,0.015962,0.015110,,-0.248575,-0.125380,-0.960464,0.140007,-0.985825,0.092455,-0.958441,-0.111489,0.262605,,,0.000000,,,,0.00,,,
03434,,,,,,,,,,,,,,-9.155870,1.978224,1.372775,1.178590,-0.937596,-0.466097,0.819336,-0.025635,-0.586914,-0.091551,0.019500,0.014175,99922.0000,-0.241250,-0.127558,-0.962043,0.123153,-0.987334,0.100029,-0.962617,-0.094347,0.253904,,,0.000000,,,,0.00,,,
03435,,,,,,,,,,,,,,-8.677538,2.205876,1.300185,1.064489,-1.172203,-0.904946,0.815186,-0.033936,-0.577881,-0.086769,0.021795,0.013476,,-0.234355,-0.130411,-0.963364,0.107668,-0.988347,0.107601,-0.966171,-0.078506,0.245665,,,0.000000,,,,0.00,,,
03436,,,,,,,,,,,,,,-8.573213,2.497152,1.366840,0.892029,-1.440918,-0.939640,0.823975,-0.042480,-0.575439,-0.085723,0.024719,0.014173,99931.0000,-0.225527,-0.132657,-0.965163,0.092854,-0.989103,0.114250,-0.969802,-0.063852,0.235387,,,0.000000,,,,0.00,,,
03437,,,,,,,,,,,,,,-8.417939,2.637455,1.326944,0.804004,-1.556795,-1.065829,0.826660,-0.057129,-0.563965,-0.084169,0.026138,0.013786,,-0.217811,-0.135359,-0.966559,0.078966,-0.989533,0.120782,-0.972791,-0.050018,0.226220,,,0.000000,,,,0.00,,,
03438,,,,,,,,,,,,,,-8.495145,2.658028,1.330639,0.700407,-1.532985,-0.971788,0.828857,-0.065674,-0.554932,-0.084933,0.026368,0.013834,99930.0000,-0.208403,-0.137226,-0.968368,0.065616,-0.989839,0.126148,-0.975839,-0.037251,0.215290,,,0.000000,,,,0.00,,,
03439,,,,,,,,,,,,,,-8.565171,2.618842,1.239862,0.693823,-1.447202,-0.914321,0.831299,-0.076172,-0.547852,-0.085629,0.026005,0.012926,,-0.200089,-0.139233,-0.969834,0.053178,-0.989936,0.131148,-0.978334,-0.025332,0.205479,,,0.000000,,,,0.00,,,
03440,,,,,,,,,,,,,,-8.754408,2.519150,1.326627,0.520809,-1.296193,-0.713603,0.837891,-0.084473,-0.541016,-0.087509,0.025027,0.013795,99931.0000,-0.189970,-0.140692,-0.971657,0.041663,-0.989943,0.135194,-0.980905,-0.014799,0.193922,,,0.000000,,,,0.00,,,
03441,,,,,,,,,,,,,,-8.898203,2.450401,1.321558,0.443693,-1.179661,-0.574747,0.842041,-0.088623,-0.530029,-0.088944,0.024352,0.013737,,-0.181446,-0.142221,-0.973062,0.030585,-0.989824,0.138968,-0.982925,-0.004545,0.183949,,,0.000000,,,,0.00,,,
03442,,,,,,,,,,,,,,-8.872653,2.468221,1.334943,0.310469,-1.174427,-0.586554,0.842285,-0.093018,-0.519043,-0.088688,0.024534,0.013863,99930.0000,-0.171661,-0.143760,-0.974611,0.020196,-0.989601,0.142414,-0.984949,0.004764,0.172779,,,0.000000,,,,0.00,,,
03443,,,,,,,,,,,,,,-8.853940,2.518683,1.395264,0.145733,-1.197224,-0.580826,0.852783,-0.097168,-0.512207,-0.088504,0.025025,0.014458,,-0.163348,-0.145689,-0.975752,0.009695,-0.989226,0.146078,-0.986521,0.014401,0.163000,,,0.000000,,,,0.00,,,
03444,,,,,,,,,,,,,,-8.770389,2.439843,1.506842,-0.088575,-1.098763,-0.651512,0.851074,-0.107666,-0.505371,-0.087666,0.024228,0.015550,99933.0000,-0.154042,-0.147751,-0.976955,0.000067,-0.988758,0.149526,-0.988064,0.022968,0.152320,,,0.000000,,,,0.00,,,
03445,,,,,,,,,,,,,,-8.844291,2.638409,1.459263,-0.126954,-1.250582,-0.553573,0.857422,-0.109619,-0.500732,-0.088414,0.026210,0.015071,,-0.146323,-0.150100,-0.977783,-0.009878,-0.988151,0.153169,-0.989187,0.032071,0.143107,,,0.000000,,,,0.00,,,
03446,,,,,,,,,,,,,,-8.797141,2.544202,1.384560,-0.158914,-1.130025,-0.621571,0.859619,-0.115967,-0.487549,-0.087946,0.025269,0.014313,99933.0000,-0.137773,-0.152916,-0.978588,-0.018498,-0.987441,0.156903,-0.990291,0.039719,0.133214,,,0.000000,,,,0.00,,,
03447,,,,,,,,,,,,,,-8.837437,2.275205,1.347617,-0.202562,-0.824535,-0.627302,0.862061,-0.130859,-0.478271,-0.088347,0.022591,0.013915,,-0.130306,-0.155343,-0.979229,-0.027621,-0.986697,0.160204,-0.991089,0.047923,0.124282,,,0.000000,,,,0.00,,,
03448,,,,,,,,,,,,,,-8.846721,2.206302,1.363991,-0.305255,-0.718114,-0.626655,0.857910,-0.128662,-0.476074,-0.088437,0.021919,0.014058,99937.0000,-0.122560,-0.157961,-0.979810,-0.035801,-0.985906,0.163422,-0.991815,0.055107,0.115178,,,0.000000,,,,0.00,,,
03449,,,,,,,,,,,,,,-8.835395,2.006805,1.236791,-0.254756,-0.501751,-0.685591,0.864502,-0.139160,-0.464844,-0.088323,0.019954,0.012763,,-0.115598,-0.159672,-0.980378,-0.044252,-0.985187,0.165673,-0.992310,0.062535,0.106820,,,0.000000,,,,0.00,,,
03450,,,,,,,,,,,,,,-8.940297,1.965100,1.188960,-0.272009,-0.419704,-0.595665,0.870850,-0.145508,-0.455811,-0.089369,0.019572,0.012268,99938.0000,-0.108649,-0.161338,-0.980900,-0.051677,-0.984491,0.167652,-0.992736,0.068905,0.098626,,,0.000000,,,,0.00,,,
03451,,,,,,,,,,,,,,-8.928667,1.908880,1.359020,-0.513914,-0.337236,-0.602174,0.875000,-0.147705,-0.447021,-0.089244,0.019027,0.013953,,-0.102108,-0.161963,-0.981500,-0.059297,-0.983911,0.168529,-0.993004,0.075408,0.090862,,,0.000000,,,,0.00,,,
03452,,,,,,,,,,,,,,-8.888739,1.786672,1.262895,-0.487355,-0.212550,-0.674105,0.872803,-0.145508,-0.440674,-0.088844,0.017834,0.012972,99938.0000,-0.095664,-0.162723,-0.982023,-0.066366,-0.983310,0.169402,-0.993199,0.081379,0.083268,,,0.000000,,,,0.00,,,
03453,,,,,,,,,,,,,,-8.885712,1.712462,1.277878,-0.565942,-0.130628,-0.692180,0.876709,-0.141357,-0.434082,-0.088812,0.017110,0.013109,,-0.089553,-0.162443,-0.982646,-0.073870,-0.982809,0.169203,-0.993239,0.087741,0.076014,,,0.000000,,,,0.00,,,
03454,,,,,,,,,,,,,,-8.921689,1.661007,1.383223,-0.728613,-0.055207,-0.662030,0.876953,-0.145508,-0.427490,-0.089169,0.016608,0.014142,99939.0000,-0.083730,-0.162425,-0.983162,-0.080579,-0.982292,0.169143,-0.993225,0.093384,0.069159,,,0.000000,,,,0.00,,,
03455,,,,,,,,,,,,,,-8.839533,1.740082,1.478780,-0.898483,-0.135580,-0.728301,0.881348,-0.153809,-0.418457,-0.088342,0.017421,0.015080,,-0.078219,-0.161351,-0.983793,-0.087274,-0.981919,0.167982,-0.993109,0.098999,0.062723,,,0.000000,,,,0.00,,,
03456,,,,,,,,,,,,,,-8.830095,1.883076,1.385241,-0.876711,-0.284133,-0.725013,0.876953,-0.151855,-0.416260,-0.088249,0.018866,0.014129,99940.0000,-0.073093,-0.160609,-0.984308,-0.093346,-0.981514,0.167085,-0.992947,0.104094,0.056750,,,0.000000,,,,0.00,,,
03457,,,,,,,,,,,,,,-8.750309,1.918543,1.359842,-0.916070,-0.338403,-0.804694,0.883301,-0.156006,-0.407471,-0.087453,0.019228,0.013856,,-0.068362,-0.159121,-0.984889,-0.099886,-0.981147,0.165449,-0.992648,0.109687,0.051179,,,0.000000,,,,0.00,,,
03458,,,,,,,,,,,,,,-8.590633,1.985285,1.224290,-0.850091,-0.445227,-0.962934,0.887451,-0.151855,-0.403076,-0.085859,0.019903,0.012488,99938.0000,-0.063916,-0.158065,-0.985358,-0.105964,-0.980720,0.164195,-0.992314,0.114907,0.045934,,,0.000000,,,,0.00,,,
03459,,,,,,,,,,,,,,-8.491450,2.046844,1.288352,-0.977697,-0.520297,-1.053273,0.885254,-0.151855,-0.398926,-0.084864,0.020521,0.013128,,-0.059457,-0.156309,-0.985917,-0.112704,-0.980298,0.162215,-0.991848,0.120762,0.040669,,,0.000000,,,,0.00,,,
03460,,,,,,,,,,,,,,-8.452215,2.168602,1.189799,-0.945920,-0.660870,-1.081900,0.887207,-0.145508,-0.401123,-0.084470,0.021749,0.012149,99933.0000,-0.055025,-0.154941,-0.986390,-0.119071,-0.979819,0.160551,-0.991360,0.126285,0.035466,,,0.000000,,,,0.00,,,
03461,,,,,,,,,,,,,,-8.570407,2.183795,0.990096,-0.797126,-0.691702,-0.976002,0.897705,-0.149658,-0.390137,-0.085654,0.021914,0.010163,,-0.050294,-0.152950,-0.986953,-0.126041,-0.979331,0.158192,-0.990749,0.132352,0.029976,,,0.000000,,,,0.00,,,
03462,,,,,,,,,,,,,,-8.740480,2.063410,1.036121,-0.873197,-0.547551,-0.831339,0.891602,-0.156006,-0.376953,-0.087353,0.020713,0.010636,99936.0000,-0.045380,-0.151496,-0.987416,-0.132466,-0.978793,0.156261,-0.990148,0.137890,0.024350,,,0.000000,,,,0.00,,,
03463,,,,,,,,,,,,,,-9.044323,2.015939,1.186533,-1.061956,-0.443666,-0.541941,0.897705,-0.153809,-0.379150,-0.090387,0.020236,0.012161,,-0.040076,-0.149549,-0.987942,-0.139859,-0.978163,0.153743,-0.989360,0.144334,0.018286,,,0.000000,,,,0.00,,,
03464,,,,,,,,,,,,,,-9.417956,1.989391,1.261132,-1.177624,-0.354635,-0.182884,0.891357,-0.153809,-0.372559,-0.094122,0.019969,0.012920,99934.0000,-0.034993,-0.148154,-0.988345,-0.147479,-0.977358,0.151729,-0.988446,0.151070,0.012351,,,0.000000,,,,0.00,,,
03465,,,,,,,,,,,,,,-9.735061,2.025655,1.366633,-1.342990,-0.332635,0.128526,0.897705,-0.156006,-0.365967,-0.097291,0.020315,0.014000,,-0.029631,-0.146433,-0.988777,-0.156675,-0.976303,0.149281,-0.987206,0.159340,0.005986,,,0.000000,,,,0.00,,,
03466,,,,,,,,,,,,,,-10.309639,2.360867,1.446822,-1.527580,-0.560005,0.737575,0.903809,-0.156006,-0.352783,-0.103030,0.023660,0.014848,99938.0000,-0.024361,-0.145402,-0.989073,-0.166040,-0.975036,0.147428,-0.985818,0.167818,-0.000390,,,0.000000,,,,0.00,,,
03467,,,,,,,,,,,,,,-10.819252,2.669481,1.354827,-1.556320,-0.801336,1.275733,0.903809,-0.153809,-0.350586,-0.108128,0.026745,0.013954,,-0.019024,-0.144026,-0.989391,-0.176414,-0.973561,0.145114,-0.984132,0.177303,-0.006888,,,0.000000,,,,0.00,,,
03468,,,,,,,,,,,,,,-11.125011,2.834268,1.245858,-1.552469,-0.928155,1.592525,0.907959,-0.156006,-0.346191,-0.111189,0.028394,0.012881,99939.0000,-0.014072,-0.143407,-0.989564,-0.186611,-0.971897,0.143500,-0.982333,0.186683,-0.013084,,,0.000000,,,,0.00,,,
03469,,,,,,,,,,,,,,-11.216113,3.053104,1.198268,-1.632977,-1.132529,1.702893,0.914551,-0.160156,-0.339355,-0.112100,0.030579,0.012420,,-0.008828,-0.142328,-0.989780,-0.197311,-0.970110,0.141259,-0.980301,0.196541,-0.019519,,,0.000000,,,,0.00,,,
03470,,,,,,,,,,,,,,-11.139163,3.018861,1.322845,-1.832243,-1.074203,1.608026,0.908203,-0.162354,-0.330811,-0.111328,0.030227,0.013667,99939.0000,-0.003838,-0.141896,-0.989874,-0.207309,-0.968264,0.139602,-0.978268,0.205745,-0.025700,,,0.000000,,,,0.00,,,
03471,,,,,,,,,,,,,,-11.029304,3.040184,1.505195,-2.104842,-1.063017,1.483012,0.912109,-0.162354,-0.322021,-0.110224,0.030425,0.015501,,0.001709,-0.141094,-0.989995,-0.217904,-0.966259,0.137335,-0.975969,0.215489,-0.032397,,,0.000000,,,,0.00,,,
03472,,,,,,,,,,,,,,-11.030899,3.181470,1.752096,-2.460974,-1.125916,1.481006,0.910156,-0.162354,-0.315430,-0.110231,0.031826,0.017981,99930.0000,0.006890,-0.141010,-0.989984,-0.227952,-0.964163,0.135746,-0.973648,0.224733,-0.038786,,,0.000000,,,,0.00,,,
03473,,,,,,,,,,,,,,-10.967421,3.306151,1.895048,-2.718505,-1.205008,1.410642,0.920654,-0.168701,-0.306396,-0.109597,0.033050,0.019408,,0.012364,-0.140567,-0.989994,-0.238290,-0.961959,0.133610,-0.971115,0.234254,-0.045390,,,0.000000,,,,0.00,,,
03474,,,,,,,,,,,,,,-10.907601,3.370909,1.851924,-2.771503,-1.256054,1.345665,0.914307,-0.170654,-0.299805,-0.109010,0.033672,0.018965,99939.0000,0.016976,-0.141312,-0.989820,-0.247966,-0.959630,0.132749,-0.968620,0.243188,-0.051332,,,0.000000,,,,0.00,,,
03475,,,,,,,,,,,,,,-10.745660,3.451318,1.807381,-2.827721,-1.338998,1.180852,0.916504,-0.172852,-0.295410,-0.107404,0.034455,0.018490,,0.021614,-0.141808,-0.989658,-0.257695,-0.957232,0.131534,-0.965985,0.252187,-0.057233,,,0.000000,,,,0.00,,,
03476,,,,,,,,,,,,,,-10.674299,3.815422,1.407325,-2.600585,-1.760772,1.169789,0.918701,-0.175049,-0.286621,-0.106716,0.038084,0.014463,99931.0000,0.024739,-0.143461,-0.989347,-0.266657,-0.954740,0.131775,-0.963474,0.260557,-0.061874,,,0.000000,,,,0.00,,,
03477,,,,,,,,,,,,,,-10.852655,4.119165,0.875763,-2.243569,-2.130503,1.409678,0.914307,-0.172852,-0.278076,-0.108527,0.041112,0.009121,,0.027752,-0.144990,-0.989044,-0.275480,-0.952220,0.131862,-0.960906,0.268802,-0.066368,,,0.000000,,,,0.00,,,
03478,,,,,,,,,,,,,,-11.235769,3.933475,0.636514,-2.023231,-1.917328,1.778254,0.920898,-0.181152,-0.281982,-0.112382,0.039215,0.006672,99920.0000,0.029378,-0.148117,-0.988533,-0.282222,-0.949952,0.133949,-0.958899,0.275051,-0.069710,,,0.000000,,,,0.00,,,
03479,,,,,,,,,,,,,,-11.521809,3.927090,0.183531,-1.640349,-1.952788,2.091237,0.918701,-0.179199,-0.279785,-0.115264,0.039125,0.002060,,0.030747,-0.150994,-0.988056,-0.287497,-0.948085,0.135939,-0.957288,0.279883,-0.072561,,,0.000000,,,,0.00,,,
03480,,,,,,,,,,,,,,-11.581912,4.070473,-0.769626,-0.785604,-2.296563,2.245930,0.918701,-0.183350,-0.273193,-0.115884,0.040543,-0.007574,99917.0000,0.029794,-0.154866,-0.987486,-0.291076,-0.946453,0.139649,-0.956236,0.283273,-0.073276,,,0.000000,,,,0.00,,,
03481,,,,,,,,,,,,,,-11.718889,4.265682,-1.943773,0.274283,-2.754348,2.501730,0.912842,-0.189697,-0.279541,-0.117256,0.042467,-0.019449,,0.027493,-0.158049,-0.987049,-0.294252,-0.944952,0.143112,-0.955332,0.286506,-0.072485,,,0.000000,,,,0.00,,,
03482,,,,,,,,,,,,,,-11.799102,4.142956,-2.377658,0.762443,-2.699174,2.603792,0.910889,-0.191895,-0.283936,-0.118048,0.041172,-0.023939,99917.0000,0.022180,-0.162433,-0.986470,-0.295620,-0.943656,0.148736,-0.955048,0.288321,-0.068949,,,0.000000,,,,0.00,,,
03483,,,,,,,,,,,,,,-11.774874,3.560998,-2.818479,1.420816,-2.234337,2.526696,0.908936,-0.196045,-0.281494,-0.117780,0.035237,-0.028519,,0.015402,-0.166606,-0.985903,-0.294603,-0.943006,0.154755,-0.955496,0.288067,-0.063607,,,0.000000,,,,0.00,,,
03484,,,,,,,,,,,,,,-11.491100,2.690900,-2.905572,1.875819,-1.416103,2.112206,0.907227,-0.204346,-0.296631,-0.114900,0.026428,-0.029533,99900.0000,0.005911,-0.172233,-0.985038,-0.289416,-0.943192,0.163180,-0.957185,0.284122,-0.055422,,,0.000000,,,,0.00,,,
03485,,,,,,,,,,,,,,-11.051404,1.318312,-2.758227,2.264592,-0.087934,1.427464,0.892822,-0.210938,-0.302979,-0.110435,0.012617,-0.028156,,-0.005329,-0.177272,-0.984147,-0.281392,-0.944127,0.171587,-0.959578,0.277845,-0.044852,,,0.000000,,,,0.00,,,
