// Start Time: Unknown
// Update Rate: 100.0Hz
// Filter Profile: human (46.1)
// Firmware Version: 4.6.0
PacketCounter,SampleTimeFine,Year,Month,Day,Second,UTC_Nano,UTC_Year,UTC_Month,UTC_Day,UTC_Hour,UTC_Minute,UTC_Second,UTC_Valid,Acc_X,Acc_Y,Acc_Z,FreeAcc_X,FreeAcc_Y,FreeAcc_Z,Mag_X,Mag_Y,Mag_Z,VelInc_X,VelInc_Y,VelInc_Z,Pressure,Mat[1][1],Mat[2][1],Mat[3][1],Mat[1][2],Mat[2][2],Mat[3][2],Mat[1][3],Mat[2][3],Mat[3][3],Latitude,Longitude,Altitude,Vel_X,Vel_Y,Vel_Z,Temperature,GyrTemp_X,GyrTemp_Y,GyrTemp_Z
03327,,,,,,,,,,,,,,9.717403,1.470570,0.100776,0.000000,0.000000,0.015876,-1.004395,-0.213135,0.409912,0.097173,0.014715,0.001007,,0.014200,0.149393,0.988676,-0.161274,-0.975487,0.149716,0.986808,-0.161573,0.010241,,,0.000000,,,,0.00,,,
03328,,,,,,,,,,,,,,9.696636,1.370736,0.092497,-0.010386,0.086972,-0.019601,-1.002197,-0.213135,0.407715,0.096965,0.013716,0.000923,99728.0000,0.012386,0.148341,0.988859,-0.161998,-0.975572,0.148377,0.986713,-0.162031,0.011948,,,0.000000,,,,0.00,,,
03329,,,,,,,,,,,,,,9.707890,1.418630,0.124104,0.012865,0.035118,-0.000978,-1.004639,-0.210938,0.407715,0.097078,0.014195,0.001242,,0.012354,0.148167,0.988885,-0.161801,-0.975631,0.148203,0.986746,-0.161834,0.011921,,,0.000000,,,,0.00,,,
03330,,,,,,,,,,,,,,9.696393,1.440575,0.090871,-0.023775,0.015671,-0.009487,-1.004395,-0.213135,0.412109,0.096963,0.014414,0.000909,99735.0000,0.012328,0.147997,0.988911,-0.161775,-0.975662,0.148031,0.986751,-0.161806,0.011915,,,0.000000,,,,0.00,,,
03331,,,,,,,,,,,,,,9.730878,1.366924,0.135419,0.032252,0.083803,0.014252,-1.008789,-0.213135,0.407715,0.097308,0.013677,0.001353,,0.012289,0.147841,0.988935,-0.161793,-0.975683,0.147871,0.986748,-0.161820,0.011929,,,0.000000,,,,0.00,,,
03332,,,,,,,,,,,,,,9.686770,1.389165,0.114118,0.006651,0.057726,-0.026322,-1.006836,-0.208740,0.414062,0.096867,0.013897,0.001140,99730.0000,0.012226,0.147739,0.988951,-0.161699,-0.975715,0.147760,0.986764,-0.161719,0.011960,,,0.000000,,,,0.00,,,
03333,,,,,,,,,,,,,,9.708692,1.413123,0.124195,0.012792,0.035097,-0.000978,-1.004395,-0.215332,0.409912,0.097086,0.014135,0.001243,,0.012224,0.147667,0.988962,-0.161626,-0.975738,0.147690,0.986776,-0.161648,0.011939,,,0.000000,,,,0.00,,,
03334,,,,,,,,,,,,,,9.730825,1.412816,0.134790,0.023361,0.036174,0.020995,-1.002441,-0.208740,0.409912,0.097308,0.014132,0.001346,99726.0000,0.012165,0.147590,0.988974,-0.161568,-0.975760,0.147605,0.986787,-0.161583,0.011975,,,0.000000,,,,0.00,,,
03335,,,,,,,,,,,,,,9.698157,1.436358,0.146115,0.029893,0.005808,-0.007699,-1.006592,-0.213135,0.407715,0.096981,0.014368,0.001460,,0.012118,0.147511,0.988986,-0.161531,-0.975779,0.147521,0.986793,-0.161539,0.012003,,,0.000000,,,,0.00,,,
03336,,,,,,,,,,,,,,9.708855,1.434838,0.124057,0.008301,0.011177,0.002394,-1.008545,-0.219727,0.416260,0.097087,0.014356,0.001242,99723.0000,0.012108,0.147347,0.989011,-0.161433,-0.975820,0.147358,0.986809,-0.161443,0.011971,,,0.000000,,,,0.00,,,
03337,,,,,,,,,,,,,,9.731515,1.385143,0.135626,0.027760,0.059856,0.017625,-1.006592,-0.213135,0.405762,0.097314,0.013857,0.001354,,0.012045,0.147245,0.989027,-0.161425,-0.975838,0.147247,0.986811,-0.161427,0.012015,,,0.000000,,,,0.00,,,
03338,,,,,,,,,,,,,,9.677085,1.383553,0.137233,0.028084,0.051982,-0.036413,-1.006836,-0.210938,0.407715,0.096770,0.013841,0.001368,99722.0000,0.011931,0.147129,0.989045,-0.161387,-0.975864,0.147115,0.986819,-0.161374,0.012102,,,0.000000,,,,0.00,,,
03339,,,,,,,,,,,,,,9.688720,1.383326,0.170227,0.060214,0.047666,-0.024533,-1.011230,-0.210938,0.409912,0.096887,0.013838,0.001702,,0.011893,0.147045,0.989058,-0.161283,-0.975895,0.147027,0.986837,-0.161267,0.012110,,,0.000000,,,,0.00,,,
03340,,,,,,,,,,,,,,9.731903,1.382315,0.136625,0.027548,0.059494,0.017628,-1.006592,-0.213135,0.409912,0.097319,0.013826,0.001367,99725.0000,0.011879,0.146966,0.989070,-0.161188,-0.975922,0.146949,0.986852,-0.161171,0.012096,,,0.000000,,,,0.00,,,
03341,,,,,,,,,,,,,,9.699416,1.381775,0.148323,0.038520,0.052898,-0.014438,-1.004395,-0.213135,0.412109,0.096994,0.013820,0.001480,,0.011805,0.146931,0.989076,-0.161170,-0.975932,0.146902,0.986856,-0.161144,0.012160,,,0.000000,,,,0.00,,,
03342,,,,,,,,,,,,,,9.665687,1.404924,0.105019,-0.008835,0.031975,-0.044922,-1.006592,-0.217529,0.407959,0.096657,0.014048,0.001051,99722.0000,0.011789,0.146929,0.989077,-0.161123,-0.975941,0.146898,0.986864,-0.161095,0.012168,,,0.000000,,,,0.00,,,
03343,,,,,,,,,,,,,,9.709724,1.405854,0.125977,0.012322,0.034252,-0.000974,-1.002441,-0.206543,0.407715,0.097097,0.014059,0.001260,,0.011798,0.146916,0.989079,-0.161123,-0.975942,0.146887,0.986864,-0.161096,0.012157,,,0.000000,,,,0.00,,,
03344,,,,,,,,,,,,,,9.720628,1.357041,0.104849,-0.000555,0.086848,0.002384,-1.006592,-0.215332,0.414307,0.097207,0.013566,0.001049,99735.0000,0.011792,0.146961,0.989072,-0.161020,-0.975953,0.146931,0.986881,-0.160993,0.012155,,,0.000000,,,,0.00,,,
03345,,,,,,,,,,,,,,9.709356,1.431331,0.125293,0.007677,0.010084,0.002395,-1.004395,-0.215332,0.412109,0.097094,0.014311,0.001253,,0.011802,0.147015,0.989064,-0.161072,-0.975936,0.146986,0.986872,-0.161045,0.012162,,,0.000000,,,,0.00,,,
03346,,,,,,,,,,,,,,9.644832,1.358403,0.150150,0.042737,0.067704,-0.071836,-1.006592,-0.217529,0.405762,0.096449,0.013583,0.001499,99729.0000,0.011742,0.146997,0.989067,-0.161187,-0.975921,0.146957,0.986854,-0.161150,0.012234,,,0.000000,,,,0.00,,,
03347,,,,,,,,,,,,,,9.657697,1.189605,0.185633,0.105943,0.229775,-0.083520,-1.006592,-0.217529,0.414307,0.096578,0.011884,0.001866,,0.011981,0.147200,0.989034,-0.161281,-0.975870,0.147195,0.986836,-0.161276,0.012049,,,0.000000,,,,0.00,,,
03348,,,,,,,,,,,,,,9.839710,1.217497,0.027751,-0.050559,0.258746,0.098592,-1.004150,-0.219727,0.409912,0.098402,0.012136,0.000281,99724.0000,0.012165,0.147870,0.988932,-0.161561,-0.975720,0.147882,0.986788,-0.161572,0.012021,,,0.000000,,,,0.00,,,
03349,,,,,,,,,,,,,,9.710815,1.278382,0.235624,0.145500,0.155536,-0.017569,-1.004395,-0.215332,0.407715,0.097115,0.012733,0.002362,,0.012514,0.148883,0.988776,-0.162014,-0.975485,0.148932,0.986709,-0.162059,0.011914,,,0.000000,,,,0.00,,,
03350,,,,,,,,,,,,,,10.063510,1.361534,-0.059471,-0.150116,0.184534,0.339896,-1.006592,-0.213135,0.412109,0.100644,0.013548,-0.000568,99725.0000,0.013237,0.149946,0.988606,-0.162241,-0.975269,0.150096,0.986662,-0.162379,0.011418,,,0.000000,,,,0.00,,,
03351,,,,,,,,,,,,,,10.294486,1.791538,-0.173018,-0.323981,-0.168028,0.631583,-1.000000,-0.213135,0.409912,0.102958,0.017841,-0.001731,,0.013451,0.151363,0.988387,-0.162222,-0.975050,0.151528,0.986663,-0.162376,0.011439,,,0.000000,,,,0.00,,,
03352,,,,,,,,,,,,,,10.294332,1.954486,0.045275,-0.135620,-0.351249,0.658872,-1.001953,-0.224121,0.405762,0.102952,0.019498,0.000425,99730.0000,0.013294,0.152166,0.988266,-0.163276,-0.974757,0.152282,0.986491,-0.163385,0.011887,,,0.000000,,,,0.00,,,
03353,,,,,,,,,,,,,,10.810460,1.964849,-0.296263,-0.472269,-0.216670,1.166587,-1.006348,-0.224121,0.407959,0.108112,0.019603,-0.003000,,0.013032,0.153016,0.988138,-0.164833,-0.974373,0.153058,0.986235,-0.164873,0.012524,,,0.000000,,,,0.00,,,
03354,,,,,,,,,,,,,,11.616881,2.788862,-0.259969,-0.569772,-0.895805,2.089839,-1.001953,-0.221924,0.407959,0.116169,0.027883,-0.002666,99722.0000,0.012081,0.153251,0.988113,-0.164987,-0.974336,0.153131,0.986222,-0.164876,0.013513,,,0.000000,,,,0.00,,,
03355,,,,,,,,,,,,,,13.307449,3.660767,-0.365286,-0.812580,-1.473724,3.890986,-1.012939,-0.221924,0.409912,0.133051,0.036684,-0.003732,,0.010682,0.152334,0.988271,-0.164880,-0.974531,0.151998,0.986256,-0.164570,0.014707,,,0.000000,,,,0.00,,,
03356,,,,,,,,,,,,,,17.332770,3.096078,-0.807049,-1.115482,-0.259920,7.775659,-1.006348,-0.219727,0.407959,0.173291,0.031172,-0.008037,99724.0000,0.011699,0.149906,0.988631,-0.168952,-0.974187,0.149715,0.985555,-0.168783,0.013930,,,0.000000,,,,0.00,,,
03357,,,,,,,,,,,,,,17.653222,2.448596,-3.057771,-3.282909,0.796562,7.951556,-1.010742,-0.219727,0.399414,0.176433,0.024382,-0.031225,,0.005012,0.151675,0.988418,-0.172084,-0.973554,0.150267,0.985070,-0.170844,0.021221,,,0.000000,,,,0.00,,,
03358,,,,,,,,,,,,,,16.802090,2.445599,-2.298132,-2.700804,0.573691,7.097201,-1.008545,-0.224121,0.386719,0.167842,0.024537,-0.024165,99724.0000,-0.007605,0.152837,0.988222,-0.175235,-0.973162,0.149159,0.984497,-0.172037,0.034183,,,0.000000,,,,0.00,,,
03359,,,,,,,,,,,,,,16.266527,3.122090,-1.709800,-2.478167,-0.233296,6.651503,-1.017334,-0.224121,0.371826,0.162535,0.031171,-0.018368,,-0.022281,0.155642,0.987562,-0.178678,-0.972523,0.149240,0.983655,-0.173130,0.049478,,,0.000000,,,,0.00,,,
03360,,,,,,,,,,,,,,16.412998,2.808577,-2.536320,-3.475484,0.287997,6.665732,-1.023926,-0.228516,0.356934,0.163898,0.028070,-0.026825,99722.0000,-0.037178,0.158018,0.986736,-0.184061,-0.971608,0.148660,0.982212,-0.176092,0.065207,,,0.000000,,,,0.00,,,
03361,,,,,,,,,,,,,,16.156646,2.328866,-2.850673,-4.008299,0.828709,6.244153,-1.030273,-0.232910,0.337646,0.161238,0.023196,-0.030359,,-0.058668,0.161650,0.985103,-0.191580,-0.970283,0.147809,0.979722,-0.180054,0.087893,,,0.000000,,,,0.00,,,
03362,,,,,,,,,,,,,,14.799607,2.489313,-1.729543,-3.182884,0.321821,4.951093,-1.034668,-0.235107,0.316406,0.147756,0.024867,-0.019243,99726.0000,-0.080439,0.165773,0.982878,-0.197322,-0.969207,0.147318,0.977033,-0.182094,0.110673,,,0.000000,,,,0.00,,,
03363,,,,,,,,,,,,,,12.849500,2.617205,-1.273262,-2.971200,-0.144061,3.021663,-1.045654,-0.234863,0.291016,0.128297,0.026166,-0.014563,,-0.107031,0.170113,0.979595,-0.203877,-0.968073,0.145837,0.973128,-0.184107,0.138296,,,0.000000,,,,0.00,,,
03364,,,,,,,,,,,,,,9.911921,2.166645,-1.695131,-3.246664,-0.076693,-0.052540,-1.041260,-0.237061,0.269531,0.098869,0.021649,-0.018358,99728.0000,-0.129476,0.174227,0.976156,-0.209511,-0.967024,0.144808,0.969196,-0.185766,0.161709,,,0.000000,,,,0.00,,,
03365,,,,,,,,,,,,,,3.673894,0.831634,-4.702208,-5.243368,0.708376,-6.931138,-1.045654,-0.234863,0.248291,0.036152,0.008308,-0.047475,,-0.153600,0.175958,0.972340,-0.211572,-0.967054,0.141579,0.965217,-0.183974,0.185768,,,0.000000,,,,0.00,,,
03366,,,,,,,,,,,,,,3.473862,2.952615,-5.904489,-6.850798,-1.205776,-7.118219,-1.052490,-0.228271,0.248291,0.034326,0.029941,-0.059076,99722.0000,-0.160346,0.169176,0.972455,-0.200787,-0.970194,0.135675,0.966423,-0.173501,0.189535,,,0.000000,,,,0.00,,,
03367,,,,,,,,,,,,,,2.901955,4.790552,-8.664095,-9.785110,-2.723251,-8.004114,-1.050537,-0.219238,0.241943,0.028671,0.048522,-0.086413,,-0.165467,0.162284,0.972771,-0.188231,-0.973433,0.130377,0.968085,-0.161533,0.191618,,,0.000000,,,,0.00,,,
03368,,,,,,,,,,,,,,3.349271,5.992967,-8.023187,-9.448438,-3.966379,-7.263364,-1.054688,-0.228271,0.239746,0.033359,0.059638,-0.080504,99726.0000,-0.161863,0.163356,0.973198,-0.193879,-0.972246,0.130950,0.967580,-0.167487,0.189042,,,0.000000,,,,0.00,,,
03369,,,,,,,,,,,,,,3.888122,3.499235,-8.601215,-9.642650,-1.238538,-7.200076,-1.050293,-0.226074,0.237549,0.039011,0.034158,-0.086287,,-0.158657,0.161150,0.974094,-0.213022,-0.968941,0.125601,0.964080,-0.187576,0.188058,,,0.000000,,,,0.00,,,
03370,,,,,,,,,,,,,,5.026942,0.885286,-10.339198,-10.900099,1.975202,-6.613257,-1.052734,-0.219238,0.248291,0.050685,0.008021,-0.103255,99719.0000,-0.142144,0.156347,0.977421,-0.228316,-0.965999,0.121317,0.963155,-0.205917,0.173007,,,0.000000,,,,0.00,,,
03371,,,,,,,,,,,,,,4.912902,0.477225,-10.842400,-11.233470,2.583860,-6.803722,-1.054932,-0.221680,0.256836,0.049418,0.004338,-0.108311,,-0.137907,0.150642,0.978922,-0.237428,-0.964576,0.114986,0.961566,-0.216567,0.168788,,,0.000000,,,,0.00,,,
03372,,,,,,,,,,,,,,3.694694,1.317001,-9.038345,-9.474001,1.283143,-7.430850,-1.054688,-0.226074,0.254639,0.037184,0.012806,-0.090338,99724.0000,-0.120761,0.146860,0.981758,-0.244624,-0.962899,0.113949,0.962068,-0.226401,0.152206,,,0.000000,,,,0.00,,,
03373,,,,,,,,,,,,,,4.554131,1.066947,-8.717021,-9.172109,1.671001,-6.504629,-1.054932,-0.223877,0.265381,0.046007,0.010117,-0.086990,,-0.110775,0.142021,0.983646,-0.257750,-0.959978,0.109577,0.959841,-0.241396,0.142947,,,0.000000,,,,0.00,,,
03374,,,,,,,,,,,,,,5.932217,-0.028170,-9.343040,-9.506265,3.184899,-5.125584,-1.054688,-0.230469,0.280273,0.059873,-0.000924,-0.093073,99723.0000,-0.085639,0.137327,0.986817,-0.270235,-0.956529,0.109661,0.958978,-0.257281,0.119027,,,0.000000,,,,0.00,,,
03375,,,,,,,,,,,,,,6.452122,-0.695460,-8.437335,-8.408038,3.767292,-4.482350,-1.048096,-0.230469,0.286621,0.064975,-0.007469,-0.083979,,-0.075787,0.133201,0.988187,-0.282835,-0.953205,0.106794,0.956170,-0.271401,0.109914,,,0.000000,,,,0.00,,,
03376,,,,,,,,,,,,,,6.840664,-1.156633,-7.697000,-7.402038,4.129058,-3.851571,-1.045410,-0.241699,0.295166,0.068876,-0.011988,-0.076484,99729.0000,-0.048497,0.128225,0.990559,-0.291999,-0.950220,0.108708,0.955188,-0.283970,0.083524,,,0.000000,,,,0.00,,,
03377,,,,,,,,,,,,,,7.687814,-1.244976,-7.525856,-7.138084,4.329931,-2.914262,-1.049805,-0.241699,0.307861,0.077347,-0.012802,-0.074716,,-0.036069,0.125533,0.991434,-0.300001,-0.947682,0.109079,0.953257,-0.293496,0.071841,,,0.000000,,,,0.00,,,
03378,,,,,,,,,,,,,,8.375847,-1.116404,-6.815880,-6.276475,4.113466,-1.967885,-1.047607,-0.239502,0.322754,0.084127,-0.011505,-0.067645,99727.0000,-0.007669,0.122769,0.992406,-0.304097,-0.945718,0.114644,0.952610,-0.300908,0.044587,,,0.000000,,,,0.00,,,
03379,,,,,,,,,,,,,,8.661515,-1.059015,-5.690625,-5.109242,3.800372,-1.567812,-1.049316,-0.255127,0.327148,0.086880,-0.010952,-0.056431,,0.003747,0.124426,0.992222,-0.308845,-0.943576,0.119492,0.951105,-0.306891,0.034892,,,0.000000,,,,0.00,,,
03380,,,,,,,,,,,,,,8.861096,-1.121814,-4.537804,-3.732559,3.552979,-1.221296,-1.044678,-0.266113,0.335693,0.088802,-0.011641,-0.044894,99726.0000,0.032715,0.124987,0.991619,-0.310482,-0.941792,0.128950,0.950016,-0.312098,0.007996,,,0.000000,,,,0.00,,,
03381,,,,,,,,,,,,,,8.908570,-1.274447,-3.536688,-2.612240,3.447638,-1.164945,-1.039795,-0.281738,0.348633,0.089207,-0.013208,-0.034885,,0.045557,0.130540,0.990396,-0.312553,-0.939787,0.138246,0.948807,-0.315849,-0.002013,,,0.000000,,,,0.00,,,
03382,,,,,,,,,,,,,,8.956243,-1.496820,-2.254632,-1.058887,3.277540,-1.113661,-1.043701,-0.292725,0.353027,0.089620,-0.015396,-0.022019,99721.0000,0.075755,0.131827,0.988374,-0.309635,-0.939111,0.148989,0.947833,-0.317321,-0.030324,,,0.000000,,,,0.00,,,
03383,,,,,,,,,,,,,,9.534044,-1.345290,-1.082140,0.190816,2.879558,-0.563447,-1.032471,-0.299561,0.378418,0.095358,-0.013853,-0.010134,,0.092891,0.135434,0.986422,-0.304043,-0.939527,0.157627,0.948119,-0.314557,-0.046096,,,0.000000,,,,0.00,,,
03384,,,,,,,,,,,,,,10.345524,-0.600800,-0.431020,0.984586,2.061062,0.304421,-1.030029,-0.308594,0.397705,0.103466,-0.006375,-0.003380,99724.0000,0.127375,0.132236,0.983000,-0.291203,-0.942410,0.164509,0.948143,-0.307207,-0.081532,,,0.000000,,,,0.00,,,
03385,,,,,,,,,,,,,,11.540032,0.179500,-0.034120,1.497282,1.366703,1.549168,-1.030029,-0.308594,0.414795,0.115401,0.001451,0.000734,,0.146598,0.132237,0.980317,-0.278229,-0.945504,0.169148,0.949262,-0.297550,-0.101817,,,0.000000,,,,0.00,,,
03386,,,,,,,,,,,,,,12.282637,0.942710,1.173803,2.926502,0.333839,2.206009,-1.023438,-0.312988,0.429688,0.122744,0.009013,0.012855,99721.0000,0.177258,0.127913,0.975817,-0.262955,-0.949316,0.172205,0.948385,-0.287121,-0.134639,,,0.000000,,,,0.00,,,
03387,,,,,,,,,,,,,,13.160371,1.294692,1.915623,3.926558,-0.089841,2.958775,-1.007812,-0.319824,0.448975,0.131471,0.012521,0.020302,,0.193836,0.127696,0.972688,-0.250248,-0.952256,0.174883,0.948580,-0.277311,-0.152626,,,0.000000,,,,0.00,,,
03388,,,,,,,,,,,,,,14.020567,1.657804,2.735819,5.152958,-0.589899,3.600139,-1.012207,-0.317627,0.463867,0.140049,0.016120,0.028405,99721.0000,0.218262,0.123871,0.967997,-0.235659,-0.955866,0.175455,0.947009,-0.266412,-0.179438,,,0.000000,,,,0.00,,,
03389,,,,,,,,,,,,,,13.872538,2.377097,4.131542,6.464340,-1.625733,3.253824,-1.008057,-0.310791,0.472168,0.138579,0.023232,0.042103,,0.227987,0.125313,0.965566,-0.223004,-0.958602,0.177064,0.947782,-0.255693,-0.190603,,,0.000000,,,,0.00,,,
03390,,,,,,,,,,,,,,12.809681,3.253622,6.219357,8.258433,-3.111450,1.826428,-1.007812,-0.315430,0.487061,0.127911,0.031993,0.062853,99720.0000,0.243716,0.122787,0.962043,-0.209768,-0.961799,0.175897,0.946890,-0.244675,-0.208649,,,0.000000,,,,0.00,,,
03391,,,,,,,,,,,,,,12.299952,3.948300,7.333089,9.177363,-4.056662,1.140364,-1.001221,-0.315430,0.495605,0.122759,0.039032,0.073972,,0.251693,0.123296,0.959921,-0.201503,-0.963439,0.176582,0.946598,-0.237872,-0.217646,,,0.000000,,,,0.00,,,
03392,,,,,,,,,,,,,,12.053744,4.206005,8.074217,9.931829,-4.477392,0.650900,-0.996338,-0.328857,0.506348,0.120422,0.041606,0.081148,99722.0000,0.263251,0.124862,0.956613,-0.195880,-0.964016,0.179732,0.944632,-0.234696,-0.229320,,,0.000000,,,,0.00,,,
03393,,,,,,,,,,,,,,10.150055,3.731686,9.658738,11.082804,-4.567622,-1.654981,-0.991943,-0.333252,0.508545,0.101510,0.036986,0.096705,,0.267211,0.131363,0.954642,-0.194776,-0.962855,0.187012,0.943748,-0.235913,-0.231699,,,0.000000,,,,0.00,,,
03394,,,,,,,,,,,,,,7.236351,2.554083,11.237480,12.059290,-4.165406,-5.080679,-0.989502,-0.339844,0.512939,0.072225,0.025512,0.112470,99726.0000,0.274825,0.136274,0.951788,-0.196167,-0.961136,0.194255,0.941270,-0.240096,-0.237412,,,0.000000,,,,0.00,,,
03395,,,,,,,,,,,,,,7.613829,2.469002,11.767891,12.706697,-4.173305,-4.947372,-0.989258,-0.344238,0.521484,0.075542,0.024636,0.118073,,0.286095,0.137858,0.948233,-0.196731,-0.960064,0.198934,0.937788,-0.243461,-0.247549,,,0.000000,,,,0.00,,,
03396,,,,,,,,,,,,,,10.664639,3.538604,10.991663,12.701749,-4.617675,-1.786925,-0.980225,-0.348877,0.530029,0.106015,0.035294,0.110554,99717.0000,0.298444,0.138968,0.944256,-0.197918,-0.958826,0.203667,0.933681,-0.247669,-0.258651,,,0.000000,,,,0.00,,,
03397,,,,,,,,,,,,,,11.581727,3.703108,11.130799,13.146158,-4.706629,-1.050889,-0.975586,-0.362061,0.538574,0.115427,0.036955,0.111737,,0.308396,0.143083,0.940436,-0.201078,-0.956478,0.211463,0.929763,-0.254315,-0.266203,,,0.000000,,,,0.00,,,
03398,,,,,,,,,,,,,,11.190283,3.289283,11.370487,13.342993,-4.443790,-1.594004,-0.975098,-0.373291,0.542969,0.111685,0.032978,0.113894,99724.0000,0.312308,0.149638,0.938122,-0.207653,-0.952883,0.221121,0.927008,-0.263861,-0.266520,,,0.000000,,,,0.00,,,
03399,,,,,,,,,,,,,,10.034735,2.258974,11.469819,13.293016,-3.710124,-2.965356,-0.968018,-0.388672,0.542969,0.100200,0.022891,0.114767,,0.317264,0.154737,0.935628,-0.215689,-0.948968,0.230081,0.923483,-0.274801,-0.267699,,,0.000000,,,,0.00,,,
03400,,,,,,,,,,,,,,8.734608,1.804881,11.393962,12.860183,-3.526752,-4.195717,-0.961426,-0.390869,0.545166,0.087215,0.018489,0.113969,99718.0000,0.315856,0.160595,0.935117,-0.226268,-0.944387,0.238614,0.921432,-0.286955,-0.261953,,,0.000000,,,,0.00,,,
03401,,,,,,,,,,,,,,8.555695,1.856453,10.822509,12.242274,-3.529727,-4.205542,-0.960938,-0.406494,0.547363,0.085433,0.019013,0.108245,,0.320060,0.164638,0.932982,-0.236049,-0.939870,0.246830,0.917520,-0.299230,-0.261952,,,0.000000,,,,0.00,,,
03402,,,,,,,,,,,,,,8.656394,2.356199,10.104196,11.422707,-3.832648,-3.696175,-0.960693,-0.417480,0.538818,0.086514,0.023930,0.100998,99720.0000,0.316525,0.172087,0.932844,-0.247718,-0.934287,0.256407,0.915668,-0.312241,-0.253096,,,0.000000,,,,0.00,,,
03403,,,,,,,,,,,,,,22.603837,4.641260,13.211240,18.131314,-4.633463,9.076354,-0.951660,-0.424316,0.555908,0.225622,0.046808,0.132683,,0.324853,0.173738,0.929670,-0.258679,-0.929177,0.264036,0.909701,-0.326258,-0.256904,,,0.000000,,,,0.00,,,
03404,,,,,,,,,,,,,,20.450872,-2.244767,-3.968804,3.501677,6.631931,9.750912,-0.957031,-0.390869,0.549316,0.205161,-0.019023,-0.038014,99718.0000,0.319169,0.138030,0.937592,-0.285792,-0.929260,0.234091,0.903578,-0.342671,-0.257144,,,0.000000,,,,0.00,,,
03405,,,,,,,,,,,,,,14.576327,-2.281345,-0.188389,5.026009,4.099740,3.439934,-0.968262,-0.379883,0.542969,0.145956,-0.021438,-0.002713,,0.303282,0.124420,0.944743,-0.292724,-0.931336,0.216625,0.906826,-0.342247,-0.246037,,,0.000000,,,,0.00,,,
03406,,,,,,,,,,,,,,14.288736,-1.506793,-5.691312,-0.624494,5.090881,4.765311,-0.979492,-0.375488,0.532227,0.142710,-0.014161,-0.057583,99717.0000,0.281299,0.117061,0.952453,-0.299743,-0.932152,0.203093,0.911606,-0.342621,-0.227125,,,0.000000,,,,0.00,,,
03407,,,,,,,,,,,,,,10.032206,-0.332015,-0.849172,2.005790,1.812085,-0.108961,-0.990723,-0.370850,0.498047,0.100187,-0.003196,-0.009963,,0.253565,0.124613,0.959258,-0.302575,-0.931688,0.201013,0.918778,-0.341218,-0.198538,,,0.000000,,,,0.00,,,
03408,,,,,,,,,,,,,,2.740799,2.195610,8.653545,7.957535,-4.633608,-8.257550,-1.001709,-0.370850,0.485352,0.028610,0.022033,0.086123,99719.0000,0.217797,0.133099,0.966876,-0.305915,-0.931427,0.197129,0.926812,-0.338716,-0.162145,,,0.000000,,,,0.00,,,
03409,,,,,,,,,,,,,,6.834557,0.952401,4.447122,5.316104,-1.530378,-3.747099,-0.999756,-0.362061,0.493896,0.068188,0.009949,0.044619,,0.218584,0.121022,0.968284,-0.310016,-0.932259,0.186504,0.925263,-0.340950,-0.166258,,,0.000000,,,,0.00,,,
03410,,,,,,,,,,,,,,12.639936,-1.996994,-4.827739,-1.170198,5.017969,2.856671,-1.000000,-0.357666,0.498047,0.126604,-0.019697,-0.047850,99715.0000,0.214235,0.116024,0.969867,-0.312862,-0.932459,0.180657,0.925322,-0.342137,-0.163466,,,0.000000,,,,0.00,,,
03411,,,,,,,,,,,,,,10.960456,0.415843,-2.110680,0.208955,1.647186,1.232719,-1.001953,-0.362061,0.485352,0.109485,0.003941,-0.021758,,0.204598,0.124740,0.970865,-0.307141,-0.933573,0.184675,0.929410,-0.335977,-0.152695,,,0.000000,,,,0.00,,,
03412,,,,,,,,,,,,,,7.935923,1.840229,1.799136,2.635643,-1.294909,-2.003838,-1.004150,-0.361816,0.479004,0.079489,0.018217,0.017602,99719.0000,0.187609,0.132632,0.973248,-0.304871,-0.934043,0.186058,0.933733,-0.331621,-0.134800,,,0.000000,,,,0.00,,,
03413,,,,,,,,,,,,,,8.727185,1.715253,0.873312,1.924470,-0.719755,-1.115170,-1.004150,-0.364258,0.481201,0.087304,0.017038,0.008632,,0.186734,0.135908,0.972964,-0.306383,-0.932933,0.189118,0.933413,-0.333414,-0.132570,,,0.000000,,,,0.00,,,
03414,,,,,,,,,,,,,,9.502248,0.824982,-0.273199,1.183948,0.633624,-0.365748,-0.999512,-0.366455,0.474609,0.095029,0.008144,-0.002822,99712.0000,0.177843,0.139285,0.974152,-0.309871,-0.931646,0.189778,0.933998,-0.335612,-0.122526,,,0.000000,,,,0.00,,,
03415,,,,,,,,,,,,,,9.047834,0.894119,0.342790,1.647166,0.331288,-0.870808,-1.003906,-0.373047,0.474854,0.090498,0.008779,0.003317,,0.176632,0.143443,0.973769,-0.308908,-0.931260,0.193214,0.934547,-0.334932,-0.120180,,,0.000000,,,,0.00,,,
03416,,,,,,,,,,,,,,9.218933,1.630860,0.303449,1.344257,-0.277980,-0.546830,-1.006104,-0.370850,0.474854,0.092215,0.016155,0.003061,99717.0000,0.170061,0.147106,0.974392,-0.306531,-0.931843,0.194182,0.936546,-0.331704,-0.113378,,,0.000000,,,,0.00,,,
03417,,,,,,,,,,,,,,9.802312,2.063802,-0.271650,0.786336,-0.378704,0.170127,-0.999268,-0.377441,0.474854,0.098052,0.020503,-0.002698,,0.170754,0.149802,0.973860,-0.303454,-0.932339,0.196622,0.937421,-0.329095,-0.113743,,,0.000000,,,,0.00,,,
03418,,,,,,,,,,,,,,9.737810,2.254477,-0.048825,0.858601,-0.603948,0.127532,-1.003662,-0.375244,0.472656,0.097411,0.022400,-0.000568,99721.0000,0.163218,0.153708,0.974543,-0.304870,-0.931586,0.197992,0.938304,-0.329425,-0.105190,,,0.000000,,,,0.00,,,
03419,,,,,,,,,,,,,,9.422237,1.610457,0.230463,1.262888,-0.114869,-0.335499,-1.003418,-0.384033,0.468506,0.094244,0.015984,0.002259,,0.163419,0.156345,0.974090,-0.306192,-0.930567,0.200728,0.937838,-0.331061,-0.104201,,,0.000000,,,,0.00,,,
03420,,,,,,,,,,,,,,9.762966,1.486431,-0.290298,0.807300,0.260860,0.030553,-1.001465,-0.381836,0.472656,0.097654,0.014704,-0.002898,99726.0000,0.157935,0.160006,0.974400,-0.306936,-0.929947,0.202456,0.938534,-0.331054,-0.097760,,,0.000000,,,,0.00,,,
03421,,,,,,,,,,,,,,9.748894,2.192616,-0.176333,0.705067,-0.405167,0.148147,-1.003418,-0.388428,0.474854,0.097524,0.021770,-0.001779,,0.158256,0.163253,0.973809,-0.304722,-0.930022,0.205434,0.939201,-0.329253,-0.097435,,,0.000000,,,,0.00,,,
03422,,,,,,,,,,,,,,9.647856,2.600398,0.069186,0.737931,-0.846246,0.116423,-1.003418,-0.388428,0.472656,0.096514,0.025875,0.000655,99716.0000,0.152214,0.166602,0.974205,-0.305522,-0.929481,0.206690,0.939940,-0.329102,-0.090579,,,0.000000,,,,0.00,,,
03423,,,,,,,,,,,,,,9.579090,2.353225,0.028580,0.767241,-0.592308,0.003521,-1.003418,-0.388428,0.466309,0.095811,0.023450,0.000269,,0.152587,0.168248,0.973863,-0.305897,-0.928971,0.208421,0.939758,-0.329704,-0.090282,,,0.000000,,,,0.00,,,
03424,,,,,,,,,,,,,,9.717391,2.224268,-0.122864,0.629904,-0.379242,0.129624,-1.005615,-0.388428,0.472656,0.097185,0.022192,-0.001232,99724.0000,0.147153,0.169876,0.974417,-0.307057,-0.928624,0.208263,0.940246,-0.329848,-0.084488,,,0.000000,,,,0.00,,,
03425,,,,,,,,,,,,,,9.686333,2.180670,-0.116054,0.646921,-0.337846,0.089897,-1.000977,-0.390869,0.479248,0.096871,0.021774,-0.001169,,0.147207,0.170553,0.974290,-0.306997,-0.928496,0.208921,0.940257,-0.329859,-0.084322,,,0.000000,,,,0.00,,,
03426,,,,,,,,,,,,,,9.617685,2.142404,-0.015596,0.689071,-0.335024,0.010904,-1.003174,-0.393066,0.479248,0.096181,0.021405,-0.000169,99716.0000,0.141796,0.171635,0.974903,-0.308282,-0.928220,0.208255,0.940668,-0.330075,-0.078705,,,0.000000,,,,0.00,,,
03427,,,,,,,,,,,,,,9.553503,2.137465,0.011888,0.706745,-0.347525,-0.054714,-1.003174,-0.395264,0.472656,0.095536,0.021369,0.000115,,0.141821,0.171764,0.974876,-0.308464,-0.928127,0.208402,0.940605,-0.330270,-0.078644,,,0.000000,,,,0.00,,,
03428,,,,,,,,,,,,,,9.582822,2.016493,0.001998,0.689781,-0.221229,-0.046829,-0.998779,-0.393066,0.470703,0.095826,0.020174,0.000032,99720.0000,0.137041,0.172124,0.975496,-0.309640,-0.927995,0.207242,0.940927,-0.330453,-0.073877,,,0.000000,,,,0.00,,,
03429,,,,,,,,,,,,,,9.675809,1.945734,-0.161780,0.572406,-0.087844,0.041143,-1.000977,-0.393066,0.466309,0.096757,0.019464,-0.001604,,0.137335,0.171877,0.975499,-0.309893,-0.927936,0.207125,0.940800,-0.330746,-0.074175,,,0.000000,,,,0.00,,,
03430,,,,,,,,,,,,,,9.639000,1.929022,-0.074549,0.609145,-0.103095,-0.001708,-1.003174,-0.395264,0.468506,0.096389,0.019294,-0.000742,99730.0000,0.132760,0.172366,0.976045,-0.311064,-0.927762,0.206150,0.941071,-0.330981,-0.069553,,,0.000000,,,,0.00,,,
03431,,,,,,,,,,,,,,9.623290,2.044639,-0.036561,0.609224,-0.227453,0.003967,-1.003174,-0.390869,0.470703,0.096232,0.020452,-0.000342,,0.133157,0.172107,0.976037,-0.310865,-0.927857,0.206022,0.941080,-0.330849,-0.070049,,,0.000000,,,,0.00,,,
03432,,,,,,,,,,,,,,9.829800,1.993467,-0.285859,0.377425,-0.058655,0.214012,-0.996582,-0.395264,0.472656,0.098298,0.019939,-0.002835,99729.0000,0.129270,0.172410,0.976506,-0.312022,-0.927674,0.205093,0.941239,-0.331204,-0.066125,,,0.000000,,,,0.00,,,
03433,,,,,,,,,,,,,,9.807544,1.884445,-0.234978,0.457338,0.020589,0.166525,-1.003174,-0.390869,0.472656,0.098074,0.018849,-0.002362,,0.129087,0.172378,0.976536,-0.312426,-0.927552,0.205030,0.941131,-0.331561,-0.065879,,,0.000000,,,,0.00,,,
03434,,,,,,,,,,,,,,9.684255,1.970314,-0.189226,0.415393,-0.089219,0.062647,-1.000977,-0.393066,0.470703,0.096844,0.019694,-0.001894,99715.0000,0.125102,0.173065,0.976933,-0.313537,-0.927310,0.204425,0.941299,-0.331879,-0.061746,,,0.000000,,,,0.00,,,
03435,,,,,,,,,,,,,,9.715908,2.147306,-0.197015,0.355523,-0.244182,0.130280,-1.000977,-0.390869,0.468506,0.097158,0.021476,-0.001982,,0.124851,0.173106,0.976958,-0.313509,-0.927331,0.204377,0.941342,-0.331802,-0.061508,,,0.000000,,,,0.00,,,
03436,,,,,,,,,,,,,,9.495298,2.051333,0.020115,0.520440,-0.260538,-0.115764,-1.000977,-0.393066,0.468506,0.094950,0.020526,0.000172,99722.0000,0.120547,0.173509,0.977427,-0.315007,-0.927035,0.203414,0.941403,-0.332417,-0.057095,,,0.000000,,,,0.00,,,
03437,,,,,,,,,,,,,,9.490505,1.907972,-0.031168,0.513321,-0.113389,-0.146527,-1.005127,-0.399658,0.468506,0.094902,0.019096,-0.000310,,0.120572,0.173137,0.977490,-0.315461,-0.926950,0.203096,0.941248,-0.332848,-0.057146,,,0.000000,,,,0.00,,,
03438,,,,,,,,,,,,,,9.606672,2.071275,-0.115684,0.360445,-0.216270,0.006428,-1.003174,-0.393066,0.477051,0.096061,0.020739,-0.001144,99724.0000,0.117071,0.173034,0.977933,-0.316197,-0.926967,0.201869,0.941442,-0.332853,-0.053808,,,0.000000,,,,0.00,,,
03439,,,,,,,,,,,,,,9.597565,2.084764,-0.090777,0.377405,-0.245409,-0.001211,-1.003174,-0.390869,0.468506,0.095967,0.020888,-0.000909,,0.116884,0.172228,0.978098,-0.316768,-0.926945,0.201075,0.941274,-0.333333,-0.053789,,,0.000000,,,,0.00,,,
03440,,,,,,,,,,,,,,9.556740,1.919915,-0.056526,0.421629,-0.114948,-0.074641,-1.001221,-0.386230,0.470703,0.095558,0.019246,-0.000557,99717.0000,0.113437,0.171724,0.978592,-0.317703,-0.926967,0.199492,0.941380,-0.333532,-0.050595,,,0.000000,,,,0.00,,,
03441,,,,,,,,,,,,,,9.640277,2.121202,-0.122449,0.304709,-0.276526,0.050380,-1.003174,-0.390869,0.474854,0.096390,0.021271,-0.001199,,0.113385,0.170478,0.978816,-0.317102,-0.927437,0.198262,0.941589,-0.332864,-0.051099,,,0.000000,,,,0.00,,,
03442,,,,,,,,,,,,,,9.779948,2.234556,-0.261906,0.120772,-0.321149,0.216843,-0.998779,-0.393066,0.468506,0.097783,0.022421,-0.002601,99722.0000,0.110062,0.169413,0.979380,-0.317638,-0.927698,0.196170,0.941803,-0.332679,-0.048292,,,0.000000,,,,0.00,,,
03443,,,,,,,,,,,,,,9.713970,2.025494,-0.164016,0.266534,-0.187731,0.106205,-0.994629,-0.386230,0.477051,0.097119,0.020353,-0.001655,,0.109170,0.167633,0.979786,-0.318023,-0.927979,0.194204,0.941776,-0.332796,-0.047997,,,0.000000,,,,0.00,,,
03444,,,,,,,,,,,,,,9.577919,1.863325,-0.083459,0.340642,-0.100557,-0.061314,-1.007812,-0.386230,0.466309,0.095759,0.018734,-0.000849,99722.0000,0.105346,0.166207,0.980448,-0.319012,-0.928177,0.191623,0.941878,-0.332962,-0.044757,,,0.000000,,,,0.00,,,
03445,,,,,,,,,,,,,,9.582964,1.818638,-0.086519,0.345005,-0.076753,-0.064705,-1.005859,-0.381836,0.470459,0.095810,0.018291,-0.000858,,0.104729,0.164156,0.980859,-0.318856,-0.928673,0.189467,0.941999,-0.332596,-0.044917,,,0.000000,,,,0.00,,,
03446,,,,,,,,,,,,,,9.703394,1.986944,-0.167741,0.193989,-0.203724,0.089472,-1.005859,-0.379639,0.472656,0.097010,0.019985,-0.001668,99722.0000,0.101291,0.162362,0.981519,-0.318945,-0.929218,0.186625,0.942345,-0.331954,-0.042337,,,0.000000,,,,0.00,,,
03447,,,,,,,,,,,,,,9.684892,1.986953,-0.174385,0.178541,-0.228563,0.071206,-1.005859,-0.377441,0.470459,0.096822,0.020000,-0.001743,,0.100372,0.159885,0.982019,-0.318834,-0.929785,0.183969,0.942481,-0.331566,-0.042347,,,0.000000,,,,0.00,,,
03448,,,,,,,,,,,,,,9.695679,1.815190,-0.195243,0.178614,-0.081632,0.051419,-1.005859,-0.375244,0.476807,0.096930,0.018292,-0.001966,99722.0000,0.096600,0.157719,0.982748,-0.319476,-0.930208,0.180690,0.942658,-0.331419,-0.039470,,,0.000000,,,,0.00,,,
03449,,,,,,,,,,,,,,9.677062,1.655054,-0.145207,0.264022,0.021231,0.002382,-1.001709,-0.373047,0.470459,0.096746,0.016694,-0.001456,,0.095540,0.155011,0.983282,-0.319447,-0.930779,0.177773,0.942776,-0.331091,-0.039409,,,0.000000,,,,0.00,,,
03450,,,,,,,,,,,,,,9.758242,1.720198,-0.257714,0.110454,-0.012940,0.098738,-1.008301,-0.368652,0.474609,0.097557,0.017346,-0.002580,99722.0000,0.091947,0.152777,0.983974,-0.318994,-0.931564,0.174447,0.943286,-0.329922,-0.036920,,,0.000000,,,,0.00,,,
03451,,,,,,,,,,,,,,9.717886,1.761033,-0.075679,0.253514,-0.144638,0.059445,-1.006348,-0.364014,0.466309,0.097151,0.017760,-0.000776,,0.090449,0.150088,0.984527,-0.318477,-0.932308,0.171386,0.943605,-0.329051,-0.036527,,,0.000000,,,,0.00,,,
03452,,,,,,,,,,,,,,9.836580,1.497800,-0.302772,0.097587,0.170237,0.139941,-1.012939,-0.361816,0.470459,0.098343,0.015121,-0.003047,99724.0000,0.086841,0.147904,0.985182,-0.318734,-0.932812,0.168137,0.943858,-0.328612,-0.033865,,,0.000000,,,,0.00,,,
03453,,,,,,,,,,,,,,9.937118,1.730720,-0.375748,-0.051347,-0.033212,0.280829,-1.008545,-0.361816,0.470459,0.099346,0.017444,-0.003794,,0.085052,0.145705,0.985665,-0.317552,-0.933700,0.165424,0.944419,-0.327070,-0.033144,,,0.000000,,,,0.00,,,
03454,,,,,,,,,,,,,,9.890202,1.949908,-0.215661,-0.013683,-0.318326,0.265167,-1.010986,-0.355225,0.468262,0.098871,0.019651,-0.002214,99724.0000,0.080717,0.143640,0.986333,-0.317253,-0.934395,0.162039,0.944899,-0.325997,-0.029851,,,0.000000,,,,0.00,,,
03455,,,,,,,,,,,,,,10.154727,1.747779,-0.521974,-0.239798,-0.018037,0.501755,-1.011230,-0.350830,0.466064,0.101515,0.017643,-0.005286,,0.078424,0.141054,0.986891,-0.317296,-0.934929,0.158841,0.945078,-0.325594,-0.028565,,,0.000000,,,,0.00,,,
03456,,,,,,,,,,,,,,10.290819,2.096773,-0.576150,-0.441791,-0.330412,0.690876,-1.015625,-0.350830,0.463867,0.102865,0.021143,-0.005892,99724.0000,0.072771,0.139179,0.987590,-0.316648,-0.935759,0.155207,0.945748,-0.324013,-0.024026,,,0.000000,,,,0.00,,,
03457,,,,,,,,,,,,,,9.905683,2.329159,0.105074,0.058078,-0.848872,0.328040,-1.017578,-0.353027,0.459717,0.099010,0.023499,0.000863,,0.067868,0.136493,0.988314,-0.316923,-0.936341,0.151079,0.946020,-0.323473,-0.020289,,,0.000000,,,,0.00,,,
03458,,,,,,,,,,,,,,10.042677,1.933777,0.169975,0.187322,-0.510998,0.401383,-1.018066,-0.341797,0.457520,0.100379,0.019596,0.001542,99729.0000,0.061709,0.132979,0.989196,-0.318848,-0.936526,0.145789,0.945795,-0.324400,-0.015392,,,0.000000,,,,0.00,,,
03459,,,,,,,,,,,,,,10.308338,1.712958,-0.170846,-0.093415,-0.200865,0.636037,-1.022461,-0.337402,0.455322,0.103034,0.017412,-0.001840,,0.057525,0.128682,0.990016,-0.319039,-0.937289,0.140367,0.945994,-0.323928,-0.012863,,,0.000000,,,,0.00,,,
03460,,,,,,,,,,,,,,10.381332,2.313328,0.064487,-0.125089,-0.874792,0.786668,-1.027344,-0.328613,0.457520,0.103742,0.023454,0.000471,99729.0000,0.050471,0.124396,0.990948,-0.318617,-0.938361,0.134022,0.946539,-0.322497,-0.007725,,,0.000000,,,,0.00,,,
03461,,,,,,,,,,,,,,10.502100,1.942404,0.291178,0.159837,-0.641997,0.850967,-1.025146,-0.326416,0.453125,0.104953,0.019807,0.002760,,0.045749,0.118427,0.991908,-0.320740,-0.938633,0.126860,0.946062,-0.323949,-0.004957,,,0.000000,,,,0.00,,,
03462,,,,,,,,,,,,,,11.210235,1.592333,-0.211093,-0.243345,-0.122719,1.508737,-1.025146,-0.324219,0.448975,0.112048,0.016279,-0.002280,99728.0000,0.039518,0.113721,0.992726,-0.322994,-0.938712,0.120391,0.945576,-0.325402,-0.000365,,,0.000000,,,,0.00,,,
03463,,,,,,,,,,,,,,11.194481,2.137415,0.011695,-0.270703,-0.762658,1.555230,-1.031982,-0.317383,0.450928,0.111878,0.021719,-0.000119,,0.033567,0.109289,0.993443,-0.323405,-0.939336,0.114264,0.945665,-0.325120,0.003814,,,0.000000,,,,0.00,,,
03464,,,,,,,,,,,,,,11.723809,2.261159,0.677443,0.253248,-1.080954,2.094721,-1.031982,-0.315186,0.440430,0.117190,0.022927,0.006546,99722.0000,0.027094,0.105877,0.994010,-0.325756,-0.939160,0.108914,0.945066,-0.326756,0.009044,,,0.000000,,,,0.00,,,
03465,,,,,,,,,,,,,,13.212057,0.872294,-0.758246,-0.666687,0.803648,3.408643,-1.027588,-0.315186,0.440430,0.132092,0.009024,-0.007731,,0.023775,0.101829,0.994518,-0.332178,-0.937473,0.103929,0.942917,-0.332828,0.011537,,,0.000000,,,,0.00,,,
03466,,,,,,,,,,,,,,13.480861,0.990413,-1.228100,-1.234201,0.872559,3.675724,-1.032227,-0.308594,0.429688,0.134759,0.009927,-0.012793,99728.0000,0.015189,0.104257,0.994434,-0.333730,-0.936988,0.103332,0.942546,-0.333442,0.020562,,,0.000000,,,,0.00,,,
03467,,,,,,,,,,,,,,13.553636,1.278631,-0.140201,-0.414497,0.262836,3.792953,-1.038818,-0.310791,0.423340,0.135510,0.012979,-0.001986,,0.006228,0.104407,0.994515,-0.334929,-0.936873,0.100452,0.942223,-0.333718,0.029134,,,0.000000,,,,0.00,,,
03468,,,,,,,,,,,,,,13.795939,0.168179,-0.782020,-0.779857,1.549305,3.897098,-1.043213,-0.312988,0.416992,0.137926,0.001855,-0.008350,99724.0000,-0.003107,0.104659,0.994503,-0.339722,-0.935470,0.097385,0.940521,-0.337552,0.038462,,,0.000000,,,,0.00,,,
03469,,,,,,,,,,,,,,14.190736,0.041841,-1.573034,-1.616345,2.001219,4.231294,-1.047607,-0.308594,0.404053,0.141813,0.000447,-0.016556,,-0.014276,0.107936,0.994055,-0.342170,-0.934662,0.096574,0.939530,-0.338757,0.050275,,,0.000000,,,,0.00,,,
03470,,,,,,,,,,,,,,14.060531,0.579630,-0.917450,-1.364768,1.318513,4.161296,-1.043213,-0.308350,0.397705,0.140539,0.005815,-0.010112,99721.0000,-0.027960,0.112319,0.993279,-0.343020,-0.934409,0.096007,0.938912,-0.338030,0.064654,,,0.000000,,,,0.00,,,
03471,,,,,,,,,,,,,,14.748060,0.420734,-1.361506,-1.932854,1.760670,4.771426,-1.049805,-0.310547,0.382812,0.147379,0.004180,-0.014670,,-0.041281,0.117188,0.992251,-0.346113,-0.933286,0.095825,0.937284,-0.339475,0.079087,,,0.000000,,,,0.00,,,
03472,,,,,,,,,,,,,,15.030622,0.881678,-1.553572,-2.516483,1.528421,5.034380,-1.056396,-0.312744,0.357422,0.150167,0.008638,-0.016901,99726.0000,-0.058351,0.125426,0.990385,-0.348011,-0.932398,0.097578,0.935673,-0.338971,0.098057,,,0.000000,,,,0.00,,,
03473,,,,,,,,,,,,,,14.853046,1.726382,-1.279506,-2.795919,0.760291,4.912376,-1.062988,-0.314941,0.340332,0.148420,0.017010,-0.014299,,-0.076033,0.135364,0.987874,-0.349019,-0.931679,0.100801,0.934026,-0.337123,0.118083,,,0.000000,,,,0.00,,,
03474,,,,,,,,,,,,,,15.544298,1.774624,-1.711582,-3.558012,1.104874,5.478292,-1.069336,-0.323730,0.319092,0.155273,0.017503,-0.018801,99722.0000,-0.095568,0.144983,0.984808,-0.353219,-0.929895,0.102622,0.930647,-0.338045,0.140079,,,0.000000,,,,0.00,,,
03475,,,,,,,,,,,,,,16.025876,1.322413,-2.349916,-4.359621,1.988017,5.715559,-1.069336,-0.325928,0.295654,0.159972,0.012848,-0.025541,,-0.117469,0.157036,0.980582,-0.358813,-0.927424,0.105539,0.925988,-0.339449,0.165290,,,0.000000,,,,0.00,,,
03476,,,,,,,,,,,,,,16.383123,1.688404,-2.098642,-4.678469,1.835683,6.010854,-1.075684,-0.330322,0.265869,0.163553,0.016427,-0.023342,99722.0000,-0.142250,0.171221,0.974909,-0.363245,-0.925237,0.109496,0.920770,-0.338556,0.193810,,,0.000000,,,,0.00,,,
03477,,,,,,,,,,,,,,17.725080,1.151921,-3.312081,-6.201872,3.237509,6.845782,-1.080078,-0.334717,0.238281,0.176770,0.010814,-0.035780,,-0.167002,0.187256,0.968011,-0.371171,-0.921512,0.114226,0.913424,-0.340221,0.223398,,,0.000000,,,,0.00,,,
03478,,,,,,,,,,,,,,19.790591,0.906450,-5.182106,-8.637881,4.814772,8.117845,-1.083984,-0.345703,0.199951,0.197011,0.008130,-0.055232,99729.0000,-0.195426,0.205399,0.958968,-0.379702,-0.917408,0.119119,0.904232,-0.340844,0.257276,,,0.000000,,,,0.00,,,
03479,,,,,,,,,,,,,,19.848930,2.837185,-5.967871,-10.676067,3.738566,7.783276,-1.085938,-0.356689,0.153320,0.197282,0.027200,-0.064009,,-0.230294,0.230549,0.945416,-0.383391,-0.914447,0.129607,0.894414,-0.332616,0.298982,,,0.000000,,,,0.00,,,
03480,,,,,,,,,,,,,,20.084093,5.052145,-6.262628,-12.515489,2.325190,7.679649,-1.085693,-0.365234,0.108643,0.199528,0.049341,-0.067503,99726.0000,-0.268551,0.256605,0.928458,-0.386778,-0.911478,0.140039,0.882204,-0.321499,0.344027,,,0.000000,,,,0.00,,,
03481,,,,,,,,,,,,,,22.471536,4.762502,-7.848061,-15.225788,4.233632,8.608818,-1.081055,-0.376221,0.059814,0.222789,0.046099,-0.084559,,-0.310127,0.281029,0.908209,-0.401078,-0.904810,0.143021,0.861950,-0.319908,0.393321,,,0.000000,,,,0.00,,,
03482,,,,,,,,,,,,,,24.741685,2.455429,-9.205086,-17.078642,8.001298,8.814397,-1.078613,-0.380615,-0.010254,0.244489,0.022695,-0.099885,99722.0000,-0.358572,0.306654,0.881697,-0.420574,-0.896284,0.140687,0.833393,-0.320373,0.450353,,,0.000000,,,,0.00,,,
03483,,,,,,,,,,,,,,25.142840,0.446079,-7.176237,-15.802497,9.927520,8.497571,-1.070068,-0.380371,-0.084717,0.248547,0.003243,-0.081041,,-0.417414,0.333374,0.845356,-0.438095,-0.888854,0.134208,0.796139,-0.314326,0.517070,,,0.000000,,,,0.00,,,
03484,,,,,,,,,,,,,,23.392176,-0.661147,-6.083445,-14.886119,10.525780,6.059993,-1.048096,-0.375732,-0.161377,0.231243,-0.007101,-0.070065,99725.0000,-0.477059,0.358130,0.802594,-0.445968,-0.885548,0.130064,0.757316,-0.295883,0.582174,,,0.000000,,,,0.00,,,
03485,,,,,,,,,,,,,,25.001879,0.788891,-4.297687,-16.225440,9.692397,7.117445,-1.026367,-0.371094,-0.235840,0.247997,0.008549,-0.052993,,-0.538912,0.375728,0.753924,-0.444737,-0.887015,0.124153,0.715390,-0.268390,0.645123,,,0.000000,,,,0.00,,,
03486,,,,,,,,,,,,,,23.103989,5.822616,-2.413357,-17.372779,4.393868,6.063228,-0.992920,-0.386475,-0.314453,0.229736,0.057917,-0.034398,99722.0000,-0.598655,0.400888,0.693470,-0.439575,-0.888160,0.133963,0.669616,-0.224634,0.707922,,,0.000000,,,,0.00,,,
03487,,,,,,,,,,,,,,15.574013,9.556091,-0.121945,-14.056815,-2.062084,1.670988,-0.955566,-0.386230,-0.395264,0.155521,0.095489,-0.008199,,-0.661916,0.421882,0.619582,-0.430236,-0.890692,0.146852,0.613811,-0.169363,0.771072,,,0.000000,,,,0.00,,,
