// Start Time: Unknown
// Update Rate: 100.0Hz
// Filter Profile: human (46.1)
// Firmware Version: 4.6.0
PacketCounter,SampleTimeFine,Year,Month,Day,Second,UTC_Nano,UTC_Year,UTC_Month,UTC_Day,UTC_Hour,UTC_Minute,UTC_Second,UTC_Valid,Acc_X,Acc_Y,Acc_Z,FreeAcc_X,FreeAcc_Y,FreeAcc_Z,Mag_X,Mag_Y,Mag_Z,VelInc_X,VelInc_Y,VelInc_Z,Pressure,Mat[1][1],Mat[2][1],Mat[3][1],Mat[1][2],Mat[2][2],Mat[3][2],Mat[1][3],Mat[2][3],Mat[3][3],Latitude,Longitude,Altitude,Vel_X,Vel_Y,Vel_Z,Temperature,GyrTemp_X,GyrTemp_Y,GyrTemp_Z
03327,,,,,,,,,,,,,,-9.750822,-1.021674,0.247129,0.005357,-0.010624,-0.005380,0.851562,-0.282471,0.332520,-0.097507,-0.010224,0.002482,,0.090976,-0.054520,-0.994360,-0.704496,0.702200,-0.102957,0.703853,0.709889,0.025474,,,0.000000,,,,0.00,,,
03328,,,,,,,,,,,,,,-9.761019,-1.080660,0.276877,0.069437,-0.029976,0.011581,0.855957,-0.284668,0.328125,-0.097609,-0.010814,0.002779,99868.0000,0.090709,-0.054572,-0.994381,-0.704354,0.702366,-0.102798,0.704030,0.709721,0.025273,,,0.000000,,,,0.00,,,
03329,,,,,,,,,,,,,,-9.761076,-1.055669,0.281889,0.057903,-0.008881,0.009180,0.853760,-0.282471,0.325928,-0.097610,-0.010565,0.002829,,0.090437,-0.054583,-0.994405,-0.704293,0.702454,-0.102610,0.704125,0.709633,0.025086,,,0.000000,,,,0.00,,,
03330,,,,,,,,,,,,,,-9.751873,-1.076205,0.353072,0.125987,0.027134,0.003895,0.853760,-0.282471,0.328125,-0.097517,-0.010770,0.003542,99871.0000,0.090157,-0.054656,-0.994427,-0.704215,0.702555,-0.102459,0.704239,0.709528,0.024850,,,0.000000,,,,0.00,,,
03331,,,,,,,,,,,,,,-9.723341,-1.069406,0.332841,0.111874,0.015566,-0.025705,0.860352,-0.291016,0.326172,-0.097232,-0.010702,0.003336,,0.089942,-0.054588,-0.994450,-0.704188,0.702611,-0.102258,0.704294,0.709477,0.024755,,,0.000000,,,,0.00,,,
03332,,,,,,,,,,,,,,-9.718893,-1.084433,0.301648,0.102847,-0.017556,-0.029386,0.858154,-0.284668,0.325928,-0.097188,-0.010852,0.003022,99862.0000,0.089754,-0.054567,-0.994468,-0.704120,0.702702,-0.102106,0.704386,0.709389,0.024649,,,0.000000,,,,0.00,,,
03333,,,,,,,,,,,,,,-9.694963,-1.061202,0.312366,0.097647,0.002964,-0.055306,0.851807,-0.286865,0.334961,-0.096949,-0.010619,0.003127,,0.089616,-0.054356,-0.994492,-0.704073,0.702785,-0.101858,0.704451,0.709323,0.024710,,,0.000000,,,,0.00,,,
03334,,,,,,,,,,,,,,-9.737947,-1.026499,0.286655,0.052642,0.010931,-0.016740,0.853760,-0.284668,0.328125,-0.097379,-0.010272,0.002869,99869.0000,0.089475,-0.054308,-0.994507,-0.703979,0.702899,-0.101721,0.704562,0.709214,0.024660,,,0.000000,,,,0.00,,,
03335,,,,,,,,,,,,,,-9.748190,-1.085559,0.318053,0.116511,-0.008840,0.000220,0.845459,-0.288818,0.325928,-0.097481,-0.010863,0.003183,,0.089356,-0.054211,-0.994523,-0.703875,0.703025,-0.101564,0.704681,0.709096,0.024662,,,0.000000,,,,0.00,,,
03336,,,,,,,,,,,,,,-9.767237,-1.052331,0.297281,0.077987,-0.000022,0.015263,0.853760,-0.284668,0.330322,-0.097672,-0.010531,0.002973,99877.0000,0.089233,-0.054130,-0.994539,-0.703745,0.703177,-0.101414,0.704826,0.708951,0.024653,,,0.000000,,,,0.00,,,
03337,,,,,,,,,,,,,,-9.738203,-0.998957,0.293060,0.040561,0.030870,-0.019129,0.855957,-0.286865,0.330566,-0.097381,-0.009996,0.002929,,0.089197,-0.053928,-0.994553,-0.703644,0.703303,-0.101242,0.704932,0.708842,0.024786,,,0.000000,,,,0.00,,,
03338,,,,,,,,,,,,,,-9.738730,-1.044483,0.279195,0.063583,-0.011924,-0.014342,0.855957,-0.282471,0.332520,-0.097387,-0.010451,0.002792,99866.0000,0.089085,-0.053862,-0.994567,-0.703498,0.703468,-0.101111,0.705092,0.708683,0.024777,,,0.000000,,,,0.00,,,
03339,,,,,,,,,,,,,,-9.709882,-1.014571,0.267887,0.037619,-0.001676,-0.046342,0.851562,-0.284668,0.334961,-0.097098,-0.010152,0.002678,,0.089032,-0.053750,-0.994577,-0.703334,0.703650,-0.100988,0.705262,0.708511,0.024843,,,0.000000,,,,0.00,,,
03340,,,,,,,,,,,,,,-9.758073,-1.033464,0.251944,0.036162,-0.024788,0.003095,0.853516,-0.280518,0.330322,-0.097580,-0.010342,0.002518,99872.0000,0.088939,-0.053653,-0.994591,-0.703164,0.703840,-0.100848,0.705444,0.708329,0.024872,,,0.000000,,,,0.00,,,
03341,,,,,,,,,,,,,,-9.715209,-1.042137,0.284370,0.069212,-0.011129,-0.037858,0.851562,-0.284668,0.332764,-0.097151,-0.010427,0.002842,,0.088903,-0.053595,-0.994597,-0.702963,0.704051,-0.100774,0.705648,0.708124,0.024917,,,0.000000,,,,0.00,,,
03342,,,,,,,,,,,,,,-9.758332,-1.030862,0.252551,0.035711,-0.024569,0.003097,0.855957,-0.284668,0.325928,-0.097583,-0.010316,0.002524,99863.0000,0.088808,-0.053495,-0.994611,-0.702766,0.704268,-0.100629,0.705856,0.707916,0.024950,,,0.000000,,,,0.00,,,
03343,,,,,,,,,,,,,,-9.730093,-1.071312,0.220639,0.044139,-0.078750,-0.021725,0.854004,-0.286865,0.337158,-0.097300,-0.010718,0.002205,,0.088807,-0.053383,-0.994617,-0.702528,0.704518,-0.100540,0.706093,0.707676,0.025063,,,0.000000,,,,0.00,,,
03344,,,,,,,,,,,,,,-9.730882,-1.140316,0.199603,0.078673,-0.142939,-0.014544,0.851562,-0.284668,0.330322,-0.097308,-0.011411,0.002000,99865.0000,0.088610,-0.053375,-0.994635,-0.702187,0.704880,-0.100382,0.706457,0.707315,0.024980,,,0.000000,,,,0.00,,,
03345,,,,,,,,,,,,,,-9.711608,-1.123567,-0.026463,-0.090159,-0.291967,-0.041042,0.857910,-0.282471,0.332520,-0.097116,-0.011239,-0.000258,,0.088459,-0.053496,-0.994642,-0.701655,0.705415,-0.100342,0.707004,0.706772,0.024864,,,0.000000,,,,0.00,,,
03346,,,,,,,,,,,,,,-9.591555,-1.084705,0.007725,-0.080742,-0.244884,-0.163434,0.853760,-0.284668,0.337158,-0.095916,-0.010843,0.000098,99866.0000,0.088140,-0.053928,-0.994647,-0.700982,0.706077,-0.100400,0.707712,0.706079,0.024431,,,0.000000,,,,0.00,,,
03347,,,,,,,,,,,,,,-9.525546,-1.143284,0.283954,0.165570,-0.089237,-0.216419,0.851807,-0.286865,0.334961,-0.095254,-0.011435,0.002882,,0.087440,-0.054751,-0.994664,-0.700159,0.706884,-0.100461,0.708612,0.705207,0.023475,,,0.000000,,,,0.00,,,
03348,,,,,,,,,,,,,,-9.516924,-1.128814,0.486385,0.308241,0.070482,-0.221929,0.849609,-0.284668,0.337158,-0.095165,-0.011295,0.004933,99868.0000,0.086233,-0.055873,-0.994707,-0.698970,0.708073,-0.100368,0.709933,0.703925,0.022006,,,0.000000,,,,0.00,,,
03349,,,,,,,,,,,,,,-9.482111,-1.153822,0.911794,0.642725,0.360166,-0.245542,0.854004,-0.286865,0.337158,-0.094811,-0.011554,0.009207,,0.084733,-0.057246,-0.994758,-0.697849,0.709194,-0.100255,0.711216,0.702685,0.020143,,,0.000000,,,,0.00,,,
03350,,,,,,,,,,,,,,-9.266618,-1.228223,1.773992,1.343407,0.910654,-0.437629,0.849609,-0.286865,0.341553,-0.092642,-0.012316,0.017842,99872.0000,0.082716,-0.058597,-0.994849,-0.696910,0.710184,-0.099774,0.712373,0.701573,0.017907,,,0.000000,,,,0.00,,,
03351,,,,,,,,,,,,,,-9.140904,-1.250766,1.592818,1.257057,0.766406,-0.566607,0.847412,-0.286865,0.345947,-0.091387,-0.012555,0.016020,,0.080954,-0.059484,-0.994941,-0.695766,0.711393,-0.099143,0.713692,0.700273,0.016204,,,0.000000,,,,0.00,,,
03352,,,,,,,,,,,,,,-9.028026,-0.828838,1.023455,0.581261,0.662829,-0.731803,0.849854,-0.291016,0.341553,-0.090273,-0.008332,0.010261,99866.0000,0.079888,-0.059553,-0.995023,-0.694149,0.713073,-0.098409,0.715385,0.698556,0.015627,,,0.000000,,,,0.00,,,
03353,,,,,,,,,,,,,,-8.808844,-0.838313,0.185790,0.006752,0.048711,-0.962230,0.856201,-0.288818,0.343750,-0.088086,-0.008420,0.001828,,0.080182,-0.058353,-0.995071,-0.692135,0.715124,-0.097708,0.717301,0.696557,0.016952,,,0.000000,,,,0.00,,,
03354,,,,,,,,,,,,,,-8.777098,-0.117661,0.272322,-0.429696,0.610545,-1.062372,0.851807,-0.288818,0.345947,-0.087773,-0.001210,0.002654,99870.0000,0.080831,-0.056811,-0.995108,-0.690061,0.717222,-0.096998,0.719223,0.694525,0.018771,,,0.000000,,,,0.00,,,
03355,,,,,,,,,,,,,,-8.972999,0.088521,0.583193,-0.373968,0.965780,-0.880159,0.853516,-0.280518,0.345947,-0.089736,0.000842,0.005753,,0.082063,-0.054568,-0.995132,-0.687953,0.719354,-0.096177,0.721101,0.692497,0.021492,,,0.000000,,,,0.00,,,
03356,,,,,,,,,,,,,,-9.594046,0.563156,0.126603,-1.088627,1.006539,-0.316339,0.853760,-0.284668,0.339355,-0.095944,0.005597,0.001161,99868.0000,0.083307,-0.052426,-0.995144,-0.685640,0.721661,-0.095415,0.723159,0.690259,0.024174,,,0.000000,,,,0.00,,,
03357,,,,,,,,,,,,,,-10.206828,1.006005,-0.512238,-1.921840,0.894032,0.235246,0.856201,-0.291016,0.343994,-0.102062,0.010066,-0.005234,,0.085427,-0.049911,-0.995094,-0.682336,0.724848,-0.094933,0.726030,0.687098,0.027865,,,0.000000,,,,0.00,,,
03358,,,,,,,,,,,,,,-10.704546,1.367424,-0.893142,-2.501409,0.910814,0.683418,0.851807,-0.286865,0.339355,-0.107038,0.013706,-0.008978,99868.0000,0.086662,-0.048917,-0.995036,-0.678282,0.728648,-0.094895,0.729673,0.683139,0.029967,,,0.000000,,,,0.00,,,
03359,,,,,,,,,,,,,,-11.051502,1.624869,-0.819156,-2.653332,1.159223,1.006876,0.845215,-0.282471,0.341553,-0.110512,0.016280,-0.008167,,0.086586,-0.047973,-0.995089,-0.674678,0.732102,-0.094000,0.733016,0.679503,0.031024,,,0.000000,,,,0.00,,,
03360,,,,,,,,,,,,,,-11.386642,1.335561,-0.479269,-2.236582,1.201450,1.377633,0.851807,-0.286865,0.345947,-0.113867,0.013367,-0.004759,99872.0000,0.086547,-0.048009,-0.995090,-0.671302,0.735217,-0.093857,0.736114,0.676129,0.031403,,,0.000000,,,,0.00,,,
03361,,,,,,,,,,,,,,-11.430511,0.920158,-0.648753,-2.071251,0.779162,1.457937,0.855713,-0.278320,0.348145,-0.114305,0.009226,-0.006450,,0.085392,-0.047222,-0.995228,-0.667550,0.738818,-0.092333,0.739652,0.672249,0.031565,,,0.000000,,,,0.00,,,
03362,,,,,,,,,,,,,,-11.184521,0.654259,-0.849880,-2.018355,0.448797,1.231255,0.847168,-0.278320,0.343750,-0.111848,0.006592,-0.008426,99867.0000,0.084969,-0.048153,-0.995219,-0.662841,0.743020,-0.092542,0.743924,0.667535,0.031216,,,0.000000,,,,0.00,,,
03363,,,,,,,,,,,,,,-10.515418,0.489950,-0.888650,-1.861096,0.275064,0.582715,0.853271,-0.274170,0.347900,-0.105159,0.004955,-0.008799,,0.082795,-0.048190,-0.995401,-0.657429,0.748014,-0.090897,0.748954,0.661931,0.030250,,,0.000000,,,,0.00,,,
03364,,,,,,,,,,,,,,-9.933943,0.195496,-0.897008,-1.620510,0.039310,0.031014,0.851318,-0.274170,0.350342,-0.099345,0.002000,-0.008899,99873.0000,0.081983,-0.049208,-0.995418,-0.651744,0.752972,-0.090901,0.753995,0.656210,0.029660,,,0.000000,,,,0.00,,,
03365,,,,,,,,,,,,,,-9.523924,-0.019591,-0.892506,-1.421718,-0.138754,-0.354277,0.847168,-0.278320,0.359131,-0.095243,-0.000174,-0.008882,,0.079274,-0.048402,-0.995677,-0.646110,0.758120,-0.088296,0.759116,0.650317,0.028826,,,0.000000,,,,0.00,,,
03366,,,,,,,,,,,,,,-9.193507,-0.421755,-0.910412,-1.147715,-0.467504,-0.648000,0.851318,-0.274170,0.363525,-0.091934,-0.004221,-0.009111,99865.0000,0.078618,-0.047916,-0.995753,-0.640593,0.762904,-0.087288,0.763846,0.644734,0.029283,,,0.000000,,,,0.00,,,
03367,,,,,,,,,,,,,,-9.231944,-0.667851,-0.785257,-0.879224,-0.587459,-0.583750,0.849121,-0.274170,0.352539,-0.092313,-0.006701,-0.007904,,0.076104,-0.045724,-0.996051,-0.635366,0.767652,-0.083785,0.768452,0.639233,0.029369,,,0.000000,,,,0.00,,,
03368,,,,,,,,,,,,,,-9.211441,-0.951110,-1.204380,-1.027727,-1.085906,-0.594751,0.851074,-0.269775,0.352295,-0.092101,-0.009529,-0.012132,99874.0000,0.076219,-0.043960,-0.996122,-0.630238,0.772029,-0.082293,0.772652,0.634065,0.031138,,,0.000000,,,,0.00,,,
03369,,,,,,,,,,,,,,-9.510234,-0.842745,-1.050588,-0.991499,-0.917415,-0.303022,0.849121,-0.274170,0.359131,-0.095087,-0.008463,-0.010612,,0.074547,-0.040816,-0.996382,-0.625751,0.776052,-0.078608,0.776452,0.629347,0.032312,,,0.000000,,,,0.00,,,
03370,,,,,,,,,,,,,,-9.534189,-0.950783,-1.205295,-1.058549,-1.118042,-0.279226,0.846924,-0.274170,0.356934,-0.095322,-0.009547,-0.012175,99866.0000,0.075256,-0.038391,-0.996425,-0.622036,0.779193,-0.077001,0.779364,0.625607,0.034758,,,0.000000,,,,0.00,,,
03371,,,,,,,,,,,,,,-9.699281,-0.855323,-1.097087,-1.037388,-0.997069,-0.120379,0.846924,-0.276123,0.352539,-0.096974,-0.008597,-0.011100,,0.073845,-0.035360,-0.996643,-0.619025,0.781914,-0.073608,0.781892,0.622382,0.035852,,,0.000000,,,,0.00,,,
03372,,,,,,,,,,,,,,-9.747789,-0.700127,-1.054520,-1.118941,-0.870658,-0.085846,0.855469,-0.274170,0.350342,-0.097460,-0.007041,-0.010680,99874.0000,0.075103,-0.032858,-0.996634,-0.616527,0.784006,-0.072307,0.783743,0.619883,0.038623,,,0.000000,,,,0.00,,,
03373,,,,,,,,,,,,,,-9.733173,-0.533165,-0.945183,-1.128364,-0.701377,-0.109745,0.851318,-0.274170,0.343506,-0.097315,-0.005371,-0.009599,,0.074219,-0.029694,-0.996800,-0.614338,0.786006,-0.069156,0.785544,0.617505,0.040095,,,0.000000,,,,0.00,,,
03374,,,,,,,,,,,,,,-9.674480,-0.328079,-0.920724,-1.249232,-0.551155,-0.185305,0.853516,-0.276123,0.345947,-0.096729,-0.003316,-0.009357,99872.0000,0.076003,-0.027088,-0.996740,-0.612572,0.787475,-0.068110,0.786753,0.615751,0.043257,,,0.000000,,,,0.00,,,
03375,,,,,,,,,,,,,,-9.632219,-0.066900,-0.788554,-1.298996,-0.294253,-0.240234,0.851318,-0.276123,0.345947,-0.096308,-0.000703,-0.008049,,0.075685,-0.023851,-0.996847,-0.610819,0.789077,-0.065256,0.788145,0.613832,0.045152,,,0.000000,,,,0.00,,,
03376,,,,,,,,,,,,,,-9.356792,0.097198,-1.002630,-1.569520,-0.328685,-0.539461,0.857910,-0.280518,0.343750,-0.093549,0.000942,-0.010201,99874.0000,0.078136,-0.020903,-0.996724,-0.609622,0.790075,-0.064360,0.788832,0.612654,0.048991,,,0.000000,,,,0.00,,,
03377,,,,,,,,,,,,,,-9.251393,0.322059,-0.812602,-1.544745,-0.065181,-0.649623,0.853516,-0.278320,0.336914,-0.092500,0.003190,-0.008290,,0.077603,-0.017719,-0.996827,-0.608277,0.791345,-0.061421,0.789922,0.611113,0.050633,,,0.000000,,,,0.00,,,
03378,,,,,,,,,,,,,,-9.134147,0.461696,-0.710441,-1.562651,0.080369,-0.773766,0.855713,-0.280518,0.332520,-0.091329,0.004589,-0.007276,99874.0000,0.080190,-0.014806,-0.996670,-0.607238,0.792204,-0.060626,0.790463,0.610077,0.054536,,,0.000000,,,,0.00,,,
03379,,,,,,,,,,,,,,-8.996875,0.546462,-0.740130,-1.625171,0.100113,-0.916683,0.859619,-0.271973,0.336914,-0.089957,0.005445,-0.007557,,0.079947,-0.011698,-0.996730,-0.605480,0.793753,-0.057881,0.791835,0.608127,0.056376,,,0.000000,,,,0.00,,,
03380,,,,,,,,,,,,,,-8.999508,0.666577,-0.666407,-1.661877,0.218846,-0.920569,0.857910,-0.280518,0.325928,-0.089985,0.006653,-0.006815,99869.0000,0.082459,-0.009197,-0.996552,-0.603938,0.794968,-0.057309,0.792754,0.606581,0.059998,,,0.000000,,,,0.00,,,
03381,,,,,,,,,,,,,,-9.070478,0.768804,-0.633982,-1.699361,0.298593,-0.852246,0.853271,-0.271973,0.321289,-0.090695,0.007686,-0.006481,,0.082025,-0.006640,-0.996608,-0.601812,0.796753,-0.054840,0.794415,0.604269,0.061357,,,0.000000,,,,0.00,,,
03382,,,,,,,,,,,,,,-9.159992,0.782528,-0.519486,-1.645795,0.362953,-0.760216,0.859863,-0.278320,0.323730,-0.091592,0.007832,-0.005327,99871.0000,0.084486,-0.004755,-0.996413,-0.599812,0.798271,-0.054668,0.795668,0.602280,0.064590,,,0.000000,,,,0.00,,,
03383,,,,,,,,,,,,,,-9.237812,0.780937,-0.481454,-1.619451,0.367467,-0.679171,0.857422,-0.271973,0.323486,-0.092370,0.007826,-0.004940,,0.084434,-0.002661,-0.996426,-0.597139,0.800402,-0.052737,0.797682,0.599457,0.065992,,,0.000000,,,,0.00,,,
03384,,,,,,,,,,,,,,-9.409072,0.716316,-0.343081,-1.507380,0.387129,-0.499292,0.859863,-0.274170,0.314697,-0.094084,0.007188,-0.003557,99874.0000,0.087007,-0.001235,-0.996207,-0.594762,0.802157,-0.052940,0.799180,0.597112,0.069059,,,0.000000,,,,0.00,,,
03385,,,,,,,,,,,,,,-9.633290,0.764159,-0.297391,-1.515789,0.438918,-0.274221,0.857422,-0.269775,0.316895,-0.096326,0.007677,-0.003092,,0.086842,0.000353,-0.996222,-0.591965,0.804328,-0.051317,0.801271,0.594185,0.070058,,,0.000000,,,,0.00,,,
03386,,,,,,,,,,,,,,-9.830909,0.881585,-0.238927,-1.578122,0.560320,-0.082498,0.857422,-0.267822,0.310059,-0.098303,0.008855,-0.002499,99869.0000,0.089266,0.001257,-0.996007,-0.589640,0.806002,-0.051829,0.802718,0.591912,0.072690,,,0.000000,,,,0.00,,,
03387,,,,,,,,,,,,,,-9.938181,0.917028,-0.154301,-1.537741,0.628596,0.029689,0.857422,-0.271973,0.316895,-0.099376,0.009215,-0.001639,,0.089103,0.002380,-0.996020,-0.587081,0.807946,-0.050589,0.804609,0.589252,0.073387,,,0.000000,,,,0.00,,,
03388,,,,,,,,,,,,,,-10.035846,0.912143,-0.150650,-1.560772,0.623868,0.124498,0.861816,-0.274170,0.312500,-0.100352,0.009176,-0.001589,99869.0000,0.091244,0.002667,-0.995825,-0.584832,0.809523,-0.051418,0.806007,0.587082,0.075424,,,0.000000,,,,0.00,,,
03389,,,,,,,,,,,,,,-10.087797,0.921998,-0.289672,-1.671654,0.544866,0.167608,0.863770,-0.269775,0.316895,-0.100870,0.009290,-0.002965,,0.090239,0.003239,-0.995915,-0.582227,0.811480,-0.050116,0.808003,0.584371,0.075113,,,0.000000,,,,0.00,,,
03390,,,,,,,,,,,,,,-10.190387,0.884109,-0.271170,-1.662139,0.530076,0.269745,0.861328,-0.263428,0.305664,-0.101895,0.008926,-0.002759,99872.0000,0.092104,0.002648,-0.995746,-0.579968,0.813011,-0.051484,0.809416,0.582243,0.076417,,,0.000000,,,,0.00,,,
03391,,,,,,,,,,,,,,-10.199251,0.860277,-0.215483,-1.589347,0.546328,0.286159,0.859375,-0.263428,0.305664,-0.101984,0.008697,-0.002185,,0.090715,0.002337,-0.995874,-0.577816,0.814589,-0.050723,0.811110,0.580034,0.075246,,,0.000000,,,,0.00,,,
03392,,,,,,,,,,,,,,-10.161710,0.760176,-0.164587,-1.502107,0.506861,0.254687,0.863525,-0.263428,0.307861,-0.101609,0.007702,-0.001669,99867.0000,0.092296,0.001112,-0.995731,-0.576301,0.815549,-0.052508,0.812009,0.578687,0.075912,,,0.000000,,,,0.00,,,
03393,,,,,,,,,,,,,,-10.108527,0.579729,-0.072142,-1.303732,0.419592,0.219650,0.859375,-0.263428,0.310059,-0.101079,0.005901,-0.000742,,0.090955,0.000518,-0.995855,-0.574797,0.816637,-0.052074,0.813225,0.577151,0.074575,,,0.000000,,,,0.00,,,
03394,,,,,,,,,,,,,,-10.046475,0.453589,-0.019636,-1.199608,0.359775,0.165752,0.861084,-0.255127,0.309814,-0.100460,0.004637,-0.000238,99866.0000,0.092817,-0.000598,-0.995683,-0.573767,0.817238,-0.053977,0.813742,0.576300,0.075510,,,0.000000,,,,0.00,,,
03395,,,,,,,,,,,,,,-10.124741,0.381851,-0.175301,-1.282412,0.215232,0.236988,0.858887,-0.255127,0.312256,-0.101242,0.003917,-0.001819,,0.092028,-0.000776,-0.995756,-0.573207,0.817655,-0.053613,0.814226,0.575708,0.074803,,,0.000000,,,,0.00,,,
03396,,,,,,,,,,,,,,-10.416532,0.536847,-0.329220,-1.547397,0.259616,0.504232,0.858887,-0.255127,0.307617,-0.104157,0.005461,-0.003387,99865.0000,0.094538,-0.001143,-0.995521,-0.572914,0.817745,-0.055345,0.814145,0.575580,0.076653,,,0.000000,,,,0.00,,,
03397,,,,,,,,,,,,,,-10.721713,0.754092,-0.372159,-1.731557,0.408872,0.793761,0.863281,-0.259277,0.305664,-0.107207,0.007624,-0.003844,,0.094291,-0.000574,-0.995545,-0.573302,0.817512,-0.054771,0.813901,0.575912,0.076755,,,0.000000,,,,0.00,,,
03398,,,,,,,,,,,,,,-11.007308,0.944917,-0.386012,-1.908878,0.554713,1.061645,0.863281,-0.255127,0.307617,-0.110062,0.009523,-0.003995,99862.0000,0.097018,-0.000267,-0.995283,-0.573659,0.817168,-0.056138,0.813328,0.576400,0.079127,,,0.000000,,,,0.00,,,
03399,,,,,,,,,,,,,,-11.235356,1.143767,-0.462670,-2.101865,0.661214,1.273356,0.865234,-0.255127,0.294434,-0.112340,0.011508,-0.004770,,0.096507,0.000784,-0.995332,-0.574401,0.816721,-0.055051,0.812865,0.577032,0.079270,,,0.000000,,,,0.00,,,
03400,,,,,,,,,,,,,,-11.287777,1.391822,-0.558881,-2.357733,0.803349,1.298526,0.863037,-0.252930,0.296631,-0.112863,0.013987,-0.005722,99869.0000,0.099066,0.001094,-0.995080,-0.574887,0.816291,-0.056336,0.812213,0.577640,0.081496,,,0.000000,,,,0.00,,,
03401,,,,,,,,,,,,,,-11.059839,1.598540,-0.750108,-2.601692,0.850184,1.047624,0.869873,-0.259277,0.294434,-0.110581,0.016051,-0.007612,,0.098132,0.001979,-0.995171,-0.575505,0.815938,-0.055127,0.811889,0.578136,0.081208,,,0.000000,,,,0.00,,,
03402,,,,,,,,,,,,,,-10.797001,1.792877,-0.645656,-2.626185,1.068489,0.778250,0.865234,-0.252930,0.294434,-0.107954,0.017994,-0.006544,99871.0000,0.100072,0.001882,-0.994978,-0.575847,0.815612,-0.056374,0.811410,0.578597,0.082703,,,0.000000,,,,0.00,,,
03403,,,,,,,,,,,,,,-10.653414,1.896704,-0.596560,-2.615602,1.173978,0.638579,0.864990,-0.246582,0.283203,-0.106518,0.019035,-0.006038,,0.098373,0.002447,-0.995147,-0.576374,0.815335,-0.054972,0.811243,0.578985,0.081617,,,0.000000,,,,0.00,,,
03404,,,,,,,,,,,,,,-10.555213,2.028149,-0.578123,-2.684663,1.296225,0.530063,0.869385,-0.248779,0.291992,-0.105535,0.020357,-0.005833,99867.0000,0.099978,0.001878,-0.994988,-0.576259,0.815321,-0.056365,0.811128,0.579006,0.082596,,,0.000000,,,,0.00,,,
03405,,,,,,,,,,,,,,-10.486246,2.249922,-0.308461,-2.566214,1.631160,0.476748,0.864990,-0.248779,0.291992,-0.104845,0.022578,-0.003114,,0.097915,0.002009,-0.995193,-0.575951,0.815630,-0.055020,0.811599,0.578570,0.081019,,,0.000000,,,,0.00,,,
03406,,,,,,,,,,,,,,-10.578164,2.315783,0.238855,-2.179545,2.011207,0.604705,0.864746,-0.242432,0.285156,-0.105767,0.023226,0.002387,99871.0000,0.098932,0.001161,-0.995094,-0.574707,0.816428,-0.056184,0.812357,0.577446,0.081438,,,0.000000,,,,0.00,,,
03407,,,,,,,,,,,,,,-10.821395,2.239109,0.793373,-1.674335,2.265545,0.902234,0.869141,-0.244385,0.294189,-0.108206,0.022421,0.007958,,0.095920,0.001757,-0.995388,-0.572559,0.818101,-0.053730,0.814233,0.575071,0.079478,,,0.000000,,,,0.00,,,
03408,,,,,,,,,,,,,,-11.224816,2.135177,1.046750,-1.442399,2.330238,1.329154,0.871338,-0.246582,0.300781,-0.112247,0.021336,0.010511,99874.0000,0.096078,0.001723,-0.995372,-0.568787,0.820744,-0.053481,0.816854,0.571294,0.079835,,,0.000000,,,,0.00,,,
03409,,,,,,,,,,,,,,-11.569856,1.906980,1.410632,-0.990889,2.333273,1.722561,0.869141,-0.242432,0.291992,-0.115703,0.018988,0.014182,,0.091905,0.003456,-0.995762,-0.563612,0.824576,-0.049157,0.820911,0.565741,0.077731,,,0.000000,,,,0.00,,,
03410,,,,,,,,,,,,,,-11.763385,1.287492,1.669946,-0.418398,1.959210,1.969074,0.866943,-0.244629,0.298584,-0.117635,0.012722,0.016807,99867.0000,0.090407,0.004113,-0.995896,-0.556559,0.829472,-0.047099,0.825875,0.558533,0.077279,,,0.000000,,,,0.00,,,
03411,,,,,,,,,,,,,,-11.698976,0.397650,1.563431,0.072885,1.126858,1.942873,0.862793,-0.244629,0.298584,-0.116980,0.003782,0.015755,,0.084520,0.006394,-0.996401,-0.548393,0.835207,-0.041158,0.831938,0.549898,0.074098,,,0.000000,,,,0.00,,,
03412,,,,,,,,,,,,,,-11.299682,-0.501546,1.309303,0.430498,0.217963,1.563411,0.864746,-0.242432,0.302979,-0.112974,-0.005223,0.013209,99867.0000,0.081057,0.007117,-0.996684,-0.540064,0.840770,-0.037918,0.837712,0.541346,0.071994,,,0.000000,,,,0.00,,,
03413,,,,,,,,,,,,,,-11.009120,-1.418297,1.298876,1.017278,-0.598126,1.300662,0.864990,-0.248779,0.309814,-0.110049,-0.014408,0.013101,,0.073661,0.009359,-0.997239,-0.531888,0.846234,-0.031346,0.843605,0.532729,0.067312,,,0.000000,,,,0.00,,,
03414,,,,,,,,,,,,,,-10.700886,-2.393553,1.101444,1.435799,-1.552357,1.003028,0.860596,-0.246582,0.316406,-0.106946,-0.024164,0.011123,99863.0000,0.068465,0.010077,-0.997603,-0.524534,0.850948,-0.027403,0.848632,0.525153,0.063546,,,0.000000,,,,0.00,,,
03415,,,,,,,,,,,,,,-10.375409,-2.864757,1.017050,1.709071,-2.032868,0.667608,0.863037,-0.252930,0.323242,-0.103677,-0.028870,0.010326,,0.059543,0.011750,-0.998157,-0.518205,0.855003,-0.020847,0.853182,0.518491,0.056998,,,0.000000,,,,0.00,,,
03416,,,,,,,,,,,,,,-10.022511,-3.119779,1.436904,2.277417,-2.049203,0.329413,0.861084,-0.252930,0.334229,-0.100119,-0.031437,0.014586,99860.0000,0.052115,0.011781,-0.998572,-0.512892,0.858292,-0.016642,0.856870,0.513027,0.050773,,,0.000000,,,,0.00,,,
03417,,,,,,,,,,,,,,-9.629969,-3.032796,1.920000,2.758526,-1.747403,-0.068092,0.859131,-0.257080,0.343262,-0.096164,-0.030578,0.019479,,0.041174,0.012220,-0.999077,-0.507950,0.861324,-0.010398,0.860402,0.507909,0.041671,,,0.000000,,,,0.00,,,
03418,,,,,,,,,,,,,,-9.397830,-2.714030,2.305039,3.017412,-1.287213,-0.313425,0.857178,-0.261475,0.350098,-0.093820,-0.027402,0.023382,99860.0000,0.031458,0.011197,-0.999442,-0.502643,0.864472,-0.006136,0.863922,0.502556,0.032822,,,0.000000,,,,0.00,,,
03419,,,,,,,,,,,,,,-9.267955,-2.601344,2.461023,3.204715,-1.125304,-0.475595,0.853027,-0.265625,0.365723,-0.092504,-0.026278,0.024985,,0.019110,0.010285,-0.999764,-0.497081,0.867704,-0.000575,0.867494,0.496974,0.021694,,,0.000000,,,,0.00,,,
03420,,,,,,,,,,,,,,-8.999416,-2.653742,2.184827,3.090965,-1.309540,-0.782988,0.850830,-0.265625,0.376709,-0.089820,-0.026779,0.022265,99857.0000,0.007434,0.007903,-0.999941,-0.491076,0.871111,0.003234,0.871085,0.491023,0.010357,,,0.000000,,,,0.00,,,
03421,,,,,,,,,,,,,,-9.145186,-2.883778,1.448500,2.673515,-1.871078,-0.680373,0.846436,-0.263672,0.392334,-0.091309,-0.029043,0.014963,,-0.006523,0.005152,-0.999965,-0.485190,0.874375,0.007670,0.874384,0.485223,-0.003204,,,0.000000,,,,0.00,,,
03422,,,,,,,,,,,,,,-9.451897,-2.971976,0.737473,2.206730,-2.276330,-0.396621,0.842529,-0.270020,0.403564,-0.094419,-0.029888,0.007948,99858.0000,-0.020396,0.001023,-0.999791,-0.479588,0.877429,0.010681,0.877257,0.479706,-0.017405,,,0.000000,,,,0.00,,,
03423,,,,,,,,,,,,,,-9.860897,-2.946620,0.676936,2.285293,-2.253192,-0.010801,0.838135,-0.265625,0.421143,-0.098509,-0.029630,0.007457,,-0.036178,-0.003503,-0.999339,-0.475661,0.879515,0.014137,0.878884,0.475858,-0.033485,,,0.000000,,,,0.00,,,
03424,,,,,,,,,,,,,,-10.106254,-3.075525,0.506586,2.346159,-2.406276,0.215038,0.831787,-0.270020,0.434570,-0.100975,-0.030906,0.005812,99865.0000,-0.051326,-0.008449,-0.998646,-0.472851,0.880981,0.016849,0.879646,0.473076,-0.049213,,,0.000000,,,,0.00,,,
03425,,,,,,,,,,,,,,-10.484097,-2.956318,0.415364,2.380995,-2.292593,0.574878,0.829590,-0.265625,0.452393,-0.104771,-0.029692,0.004918,,-0.066392,-0.013663,-0.997700,-0.471036,0.881903,0.019268,0.879612,0.471232,-0.064987,,,0.000000,,,,0.00,,,
03426,,,,,,,,,,,,,,-10.674160,-2.803705,0.676070,2.688522,-1.983703,0.727268,0.823242,-0.270020,0.458984,-0.106671,-0.028127,0.007451,99870.0000,-0.079179,-0.018766,-0.996684,-0.468294,0.883333,0.020570,0.880018,0.468369,-0.078730,,,0.000000,,,,0.00,,,
03427,,,,,,,,,,,,,,-10.990165,-2.038041,1.137252,2.882193,-1.035154,0.997074,0.821289,-0.271973,0.476807,-0.109827,-0.020447,0.011953,,-0.089948,-0.024008,-0.995657,-0.463617,0.885798,0.020525,0.881458,0.463450,-0.090807,,,0.000000,,,,0.00,,,
03428,,,,,,,,,,,,,,-11.484761,-1.174886,0.669186,2.208544,-0.434201,1.530196,0.821045,-0.265869,0.485596,-0.114819,-0.011757,0.007155,99879.0000,-0.097709,-0.028467,-0.994808,-0.455663,0.889944,0.019288,0.884774,0.455181,-0.099927,,,0.000000,,,,0.00,,,
03429,,,,,,,,,,,,,,-11.948135,-0.358864,-0.124877,1.259118,-0.003333,2.074960,0.816406,-0.257324,0.494385,-0.119487,-0.003521,-0.000774,,-0.104578,-0.033520,-0.993952,-0.445161,0.895296,0.016644,0.889323,0.444209,-0.108550,,,0.000000,,,,0.00,,,
03430,,,,,,,,,,,,,,-12.038845,0.132367,-0.506677,0.791143,0.332164,2.206914,0.818115,-0.248779,0.503174,-0.120408,0.001453,-0.004536,99879.0000,-0.111602,-0.038698,-0.992999,-0.432680,0.901446,0.013499,0.894613,0.431158,-0.117347,,,0.000000,,,,0.00,,,
03431,,,,,,,,,,,,,,-11.471639,0.068463,-0.688076,0.674306,0.252833,1.657140,0.809326,-0.244629,0.511963,-0.114746,0.000866,-0.006341,,-0.118825,-0.045091,-0.991891,-0.420052,0.907455,0.009068,0.899687,0.417723,-0.126769,,,0.000000,,,,0.00,,,
03432,,,,,,,,,,,,,,-10.955281,-0.322646,-0.886757,0.679402,-0.124680,1.161386,0.798340,-0.234131,0.522705,-0.109602,-0.002990,-0.008320,99876.0000,-0.126945,-0.052176,-0.990537,-0.406533,0.913627,0.003976,0.904774,0.403191,-0.137191,,,0.000000,,,,0.00,,,
03433,,,,,,,,,,,,,,-10.633935,-0.619361,-0.791808,0.924205,-0.279309,0.824872,0.806396,-0.225586,0.538086,-0.106394,-0.005925,-0.007356,,-0.135570,-0.060630,-0.988911,-0.393232,0.919436,-0.002462,0.909389,0.388538,-0.148490,,,0.000000,,,,0.00,,,
03434,,,,,,,,,,,,,,-9.830637,-0.922395,-0.798999,1.005186,-0.516895,0.028651,0.797363,-0.215088,0.551270,-0.098371,-0.008948,-0.007481,99866.0000,-0.144618,-0.069154,-0.987068,-0.379637,0.925090,-0.009191,0.913762,0.373399,-0.160038,,,0.000000,,,,0.00,,,
03435,,,,,,,,,,,,,,-9.287359,-1.184678,-0.781705,1.111352,-0.698652,-0.509715,0.792725,-0.204590,0.566650,-0.092947,-0.011576,-0.007335,,-0.153759,-0.078284,-0.985002,-0.367472,0.929887,-0.016542,0.917236,0.359418,-0.171746,,,0.000000,,,,0.00,,,
03436,,,,,,,,,,,,,,-8.877453,-1.509287,-0.736399,1.273889,-0.932665,-0.916851,0.788086,-0.194092,0.571045,-0.088853,-0.014825,-0.006946,99869.0000,-0.162770,-0.086973,-0.982823,-0.355535,0.934360,-0.023803,0.920381,0.345554,-0.183007,,,0.000000,,,,0.00,,,
03437,,,,,,,,,,,,,,-8.482317,-1.766703,-0.765455,1.327307,-1.136125,-1.291910,0.789795,-0.185547,0.584229,-0.084909,-0.017405,-0.007294,,-0.170975,-0.095881,-0.980599,-0.344718,0.938173,-0.031628,0.923004,0.332623,-0.193456,,,0.000000,,,,0.00,,,
03438,,,,,,,,,,,,,,-8.235703,-1.875974,-0.996855,1.156207,-1.264247,-1.481778,0.784912,-0.170898,0.594971,-0.082457,-0.018481,-0.009650,99872.0000,-0.179012,-0.104233,-0.978310,-0.333798,0.941826,-0.039267,0.925491,0.319529,-0.203391,,,0.000000,,,,0.00,,,
03439,,,,,,,,,,,,,,-8.531740,-1.953797,-1.247356,1.043253,-1.305839,-1.131123,0.782471,-0.164551,0.608154,-0.085430,-0.019239,-0.012160,,-0.186203,-0.112825,-0.976012,-0.323922,0.944894,-0.047430,0.927579,0.307320,-0.212489,,,0.000000,,,,0.00,,,
03440,,,,,,,,,,,,,,-8.835295,-1.892377,-1.371571,1.009995,-1.172066,-0.805459,0.777832,-0.156006,0.623535,-0.088470,-0.018619,-0.013373,99881.0000,-0.194282,-0.120645,-0.973498,-0.313218,0.948088,-0.054987,0.929596,0.294234,-0.221985,,,0.000000,,,,0.00,,,
03441,,,,,,,,,,,,,,-9.291970,-1.645779,-1.310730,1.124723,-0.780138,-0.384383,0.766602,-0.145508,0.623291,-0.093021,-0.016167,-0.012745,,-0.201533,-0.128425,-0.971026,-0.303425,0.950785,-0.062773,0.931299,0.281983,-0.230582,,,0.000000,,,,0.00,,,
03442,,,,,,,,,,,,,,-8.695610,-1.801277,-1.441851,0.978147,-0.965468,-0.921813,0.759766,-0.135010,0.632080,-0.087064,-0.017729,-0.014114,99879.0000,-0.208971,-0.135360,-0.968509,-0.293252,0.953470,-0.069985,0.932917,0.269392,-0.238942,,,0.000000,,,,0.00,,,
03443,,,,,,,,,,,,,,-8.256038,-1.653116,-1.674655,0.665436,-0.865926,-1.297634,0.759521,-0.128662,0.645264,-0.082681,-0.016225,-0.016445,,-0.215854,-0.143357,-0.965845,-0.284055,0.955601,-0.078353,0.934195,0.257440,-0.246992,,,0.000000,,,,0.00,,,
03444,,,,,,,,,,,,,,-8.428045,-1.649893,-2.011939,0.426553,-0.846343,-1.043246,0.759033,-0.115967,0.649414,-0.084407,-0.016170,-0.019854,99879.0000,-0.222222,-0.150441,-0.963320,-0.275118,0.957550,-0.086074,0.935376,0.245899,-0.254177,,,0.000000,,,,0.00,,,
03445,,,,,,,,,,,,,,-7.058198,-2.103228,-2.259002,0.042482,-1.461700,-2.249236,0.752197,-0.107666,0.656006,-0.070748,-0.020670,-0.022402,,-0.227492,-0.159797,-0.960579,-0.267778,0.958680,-0.096064,0.936238,0.235368,-0.260883,,,0.000000,,,,0.00,,,
03446,,,,,,,,,,,,,,-8.552437,-0.657741,-1.866499,0.395348,0.339250,-1.049784,0.747559,-0.099121,0.662598,-0.085616,-0.006224,-0.018361,99874.0000,-0.233124,-0.167572,-0.957900,-0.260624,0.959771,-0.104471,0.936871,0.225297,-0.267419,,,0.000000,,,,0.00,,,
03447,,,,,,,,,,,,,,-8.549587,-1.157215,-2.156902,0.282166,-0.127114,-0.925019,0.740967,-0.090820,0.666748,-0.085580,-0.011300,-0.021377,,-0.236277,-0.173955,-0.955988,-0.256303,0.960159,-0.111368,0.937274,0.218708,-0.271449,,,0.000000,,,,0.00,,,
03448,,,,,,,,,,,,,,-6.868283,-1.406146,-2.303786,-0.169711,-0.635713,-2.462527,0.740479,-0.082275,0.673340,-0.068760,-0.013855,-0.022933,99880.0000,-0.239268,-0.178687,-0.954370,-0.251597,0.960758,-0.116805,0.937790,0.212169,-0.274835,,,0.000000,,,,0.00,,,
03449,,,,,,,,,,,,,,-6.194594,-1.394619,-2.428432,-0.441470,-0.722366,-3.067441,0.744873,-0.082275,0.671143,-0.062027,-0.013746,-0.024191,,-0.241691,-0.184215,-0.952707,-0.247666,0.961007,-0.122990,0.938215,0.206228,-0.277891,,,0.000000,,,,0.00,,,
03450,,,,,,,,,,,,,,-6.514462,-1.369142,-2.567639,-0.490016,-0.622476,-2.722006,0.739990,-0.067627,0.673096,-0.065222,-0.013489,-0.025585,99872.0000,-0.244466,-0.188775,-0.951105,-0.243214,0.961448,-0.128313,0.938660,0.199954,-0.280954,,,0.000000,,,,0.00,,,
03451,,,,,,,,,,,,,,-6.424471,-1.275763,-2.659632,-0.616469,-0.523188,-2.789785,0.735840,-0.071777,0.675293,-0.064301,-0.012579,-0.026545,,-0.245624,-0.193102,-0.949937,-0.239520,0.961662,-0.133553,0.939308,0.194725,-0.282459,,,0.000000,,,,0.00,,,
03452,,,,,,,,,,,,,,-5.968467,-1.115695,-2.724765,-0.824623,-0.434114,-3.223062,0.739502,-0.059082,0.677490,-0.059734,-0.011000,-0.027204,99869.0000,-0.247408,-0.196028,-0.948874,-0.234628,0.962294,-0.137623,0.940074,0.188584,-0.284072,,,0.000000,,,,0.00,,,
03453,,,,,,,,,,,,,,-6.249322,-0.967655,-2.719337,-0.783303,-0.201480,-2.976684,0.737305,-0.059082,0.681885,-0.062534,-0.009542,-0.027147,,-0.248658,-0.198943,-0.947940,-0.230623,0.962693,-0.141543,0.940735,0.183421,-0.285263,,,0.000000,,,,0.00,,,
03454,,,,,,,,,,,,,,-6.340967,-0.907068,-2.779783,-0.827896,-0.110297,-2.880140,0.730957,-0.057129,0.684082,-0.063438,-0.008965,-0.027767,99869.0000,-0.250060,-0.200195,-0.947308,-0.225889,0.963454,-0.143980,0.941512,0.177983,-0.286143,,,0.000000,,,,0.00,,,
03455,,,,,,,,,,,,,,-6.551023,-0.823808,-2.940907,-0.946734,0.005860,-2.646996,0.732910,-0.052734,0.683838,-0.065528,-0.008152,-0.029393,,-0.250578,-0.201380,-0.946920,-0.222051,0.964004,-0.146253,0.942287,0.173616,-0.286274,,,0.000000,,,,0.00,,,
03456,,,,,,,,,,,,,,-6.651964,-0.850488,-3.058936,-1.028065,-0.005123,-2.513914,0.739014,-0.048584,0.686035,-0.066527,-0.008441,-0.030591,99876.0000,-0.251137,-0.201235,-0.946802,-0.217640,0.964844,-0.147341,0.943166,0.169060,-0.286105,,,0.000000,,,,0.00,,,
03457,,,,,,,,,,,,,,-6.650798,-0.943327,-3.238451,-1.182474,-0.112366,-2.450645,0.732666,-0.048584,0.686035,-0.066509,-0.009383,-0.032396,,-0.251100,-0.201358,-0.946786,-0.214327,0.965411,-0.148477,0.943935,0.165640,-0.285571,,,0.000000,,,,0.00,,,
03458,,,,,,,,,,,,,,-6.722626,-1.080775,-3.475114,-1.362959,-0.260785,-2.295207,0.732422,-0.044434,0.679443,-0.067227,-0.010758,-0.034765,99872.0000,-0.251559,-0.200561,-0.946833,-0.209888,0.966317,-0.148924,0.944809,0.161266,-0.285181,,,0.000000,,,,0.00,,,
03459,,,,,,,,,,,,,,-6.799503,-1.246992,-3.796263,-1.615783,-0.445579,-2.106162,0.728027,-0.042236,0.681396,-0.068007,-0.012409,-0.037961,,-0.252391,-0.200343,-0.946658,-0.205785,0.967064,-0.149797,0.945490,0.157000,-0.285306,,,0.000000,,,,0.00,,,
03460,,,,,,,,,,,,,,-7.172646,-1.418421,-4.034685,-1.710151,-0.560656,-1.658027,0.730225,-0.042236,0.681396,-0.071757,-0.014118,-0.040315,99870.0000,-0.254519,-0.199370,-0.946294,-0.200198,0.968184,-0.150136,0.946119,0.151234,-0.286334,,,0.000000,,,,0.00,,,
03461,,,,,,,,,,,,,,-7.956302,-1.445899,-3.981376,-1.447671,-0.406874,-0.925426,0.725830,-0.035889,0.690186,-0.079597,-0.014406,-0.039766,,-0.256742,-0.198838,-0.945805,-0.195333,0.969088,-0.150709,0.946535,0.146054,-0.287645,,,0.000000,,,,0.00,,,
03462,,,,,,,,,,,,,,-8.524309,-1.289301,-3.563237,-0.926784,-0.071505,-0.530514,0.732178,-0.035889,0.687988,-0.085270,-0.012872,-0.035576,99874.0000,-0.259067,-0.197445,-0.945463,-0.189872,0.970193,-0.150583,0.947013,0.140505,-0.288834,,,0.000000,,,,0.00,,,
03463,,,,,,,,,,,,,,-9.417983,-1.078161,-3.085510,-0.276176,0.380896,0.145217,0.723633,-0.038086,0.690430,-0.094178,-0.010813,-0.030851,,-0.259846,-0.196193,-0.945510,-0.186419,0.970916,-0.150233,0.947485,0.137224,-0.288863,,,0.000000,,,,0.00,,,
03464,,,,,,,,,,,,,,-10.273395,-0.910554,-2.759853,0.218620,0.744757,0.835602,0.727783,-0.033936,0.687988,-0.102710,-0.009174,-0.027666,99868.0000,-0.259210,-0.194021,-0.946132,-0.183342,0.971687,-0.149032,0.948259,0.134835,-0.287443,,,0.000000,,,,0.00,,,
03465,,,,,,,,,,,,,,-10.888358,-1.032426,-2.971337,0.179777,0.702899,1.497689,0.727783,-0.031738,0.687988,-0.108835,-0.010397,-0.029865,,-0.256902,-0.192494,-0.947073,-0.182317,0.972021,-0.148110,0.949085,0.134617,-0.284809,,,0.000000,,,,0.00,,,
03466,,,,,,,,,,,,,,-11.118067,-1.292330,-3.268003,-0.031292,0.433535,1.839447,0.736572,-0.040039,0.677002,-0.111108,-0.012987,-0.032900,99880.0000,-0.253590,-0.190422,-0.948384,-0.180530,0.972523,-0.146996,0.950316,0.133935,-0.280999,,,0.000000,,,,0.00,,,
03467,,,,,,,,,,,,,,-11.589868,-1.674944,-3.591666,-0.198887,0.091855,2.434037,0.734131,-0.033936,0.677002,-0.115808,-0.016783,-0.036191,,-0.249344,-0.189307,-0.949732,-0.179832,0.972701,-0.146672,0.951571,0.134221,-0.276581,,,0.000000,,,,0.00,,,
03468,,,,,,,,,,,,,,-11.867935,-1.906843,-3.752924,-0.300991,-0.116969,2.775551,0.736572,-0.040039,0.674805,-0.118583,-0.019060,-0.037838,99874.0000,-0.244711,-0.188235,-0.951149,-0.178145,0.973003,-0.146727,0.953090,0.133536,-0.271637,,,0.000000,,,,0.00,,,
03469,,,,,,,,,,,,,,-11.848173,-2.030669,-4.099244,-0.677166,-0.292817,2.866507,0.738281,-0.029541,0.674561,-0.118380,-0.020273,-0.041301,,-0.239848,-0.188099,-0.952414,-0.177719,0.972979,-0.147405,0.954405,0.133907,-0.266796,,,0.000000,,,,0.00,,,
03470,,,,,,,,,,,,,,-11.552963,-2.012409,-4.338632,-1.041875,-0.368377,2.642150,0.742676,-0.033691,0.667969,-0.115430,-0.020092,-0.043666,99872.0000,-0.235338,-0.187638,-0.953629,-0.176868,0.973072,-0.147815,0.955685,0.133880,-0.262188,,,0.000000,,,,0.00,,,
03471,,,,,,,,,,,,,,-11.252088,-1.945301,-4.452008,-1.286992,-0.377827,2.369871,0.738525,-0.038086,0.666016,-0.112428,-0.019428,-0.044766,,-0.231061,-0.187872,-0.954628,-0.177682,0.972827,-0.148447,0.956577,0.135320,-0.258163,,,0.000000,,,,0.00,,,
03472,,,,,,,,,,,,,,-11.106779,-1.778179,-4.575013,-1.521528,-0.264439,2.231729,0.744629,-0.031738,0.661377,-0.110967,-0.017749,-0.046007,99868.0000,-0.226549,-0.187752,-0.955733,-0.177712,0.972742,-0.148968,0.957650,0.136096,-0.253739,,,0.000000,,,,0.00,,,
03473,,,,,,,,,,,,,,-10.441434,-1.648785,-5.182307,-2.328464,-0.350570,1.722192,0.749023,-0.033691,0.654785,-0.104297,-0.016462,-0.052068,,-0.221941,-0.188089,-0.956747,-0.178855,0.972423,-0.149680,0.958516,0.137899,-0.249461,,,0.000000,,,,0.00,,,
03474,,,,,,,,,,,,,,-10.188516,-1.452620,-5.666371,-2.935011,-0.279583,1.559693,0.749268,-0.038086,0.654785,-0.101765,-0.014492,-0.056888,99871.0000,-0.217606,-0.188079,-0.957744,-0.178951,0.972313,-0.150281,0.959492,0.138688,-0.245238,,,0.000000,,,,0.00,,,
03475,,,,,,,,,,,,,,-9.874048,-1.386828,-5.724567,-3.115456,-0.286559,1.250875,0.751221,-0.033691,0.641357,-0.098624,-0.013830,-0.057455,,-0.213562,-0.188546,-0.958562,-0.179841,0.972018,-0.151126,0.960234,0.140114,-0.241495,,,0.000000,,,,0.00,,,
03476,,,,,,,,,,,,,,-9.788090,-1.952581,-5.513684,-2.876468,-0.828485,1.190009,0.753174,-0.029541,0.650146,-0.097763,-0.019508,-0.055353,99870.0000,-0.209382,-0.188022,-0.959587,-0.179452,0.972061,-0.151310,0.961226,0.140518,-0.237273,,,0.000000,,,,0.00,,,
03477,,,,,,,,,,,,,,-10.759475,-2.877676,-5.176489,-2.215137,-1.504276,2.173704,0.753174,-0.031738,0.641357,-0.107523,-0.028783,-0.051911,,-0.207324,-0.187615,-0.960113,-0.179552,0.972063,-0.151178,0.961654,0.141048,-0.235219,,,0.000000,,,,0.00,,,
03478,,,,,,,,,,,,,,-12.065983,-3.294908,-4.095086,-0.839586,-1.517230,3.233660,0.753174,-0.027344,0.641357,-0.120672,-0.032964,-0.040901,99865.0000,-0.208646,-0.187009,-0.959945,-0.177931,0.972425,-0.150767,0.961669,0.139347,-0.236168,,,0.000000,,,,0.00,,,
03479,,,,,,,,,,,,,,-12.630489,-3.819118,-2.466769,0.969463,-1.689598,3.469072,0.751221,-0.031738,0.652588,-0.126331,-0.038220,-0.024487,,-0.212473,-0.187163,-0.959075,-0.176734,0.972659,-0.150661,0.961052,0.137490,-0.239742,,,0.000000,,,,0.00,,,
03480,,,,,,,,,,,,,,-13.349661,-4.364495,-1.628829,2.065247,-1.968144,4.035646,0.746826,-0.029541,0.654541,-0.133520,-0.043657,-0.016058,99865.0000,-0.217166,-0.187120,-0.958032,-0.172722,0.973334,-0.150956,0.960732,0.132691,-0.243695,,,0.000000,,,,0.00,,,
03481,,,,,,,,,,,,,,-14.130308,-4.605250,-1.280341,2.687706,-1.998779,4.723254,0.744629,-0.029541,0.659180,-0.141323,-0.046115,-0.012343,,-0.224958,-0.187562,-0.956146,-0.170035,0.973797,-0.151019,0.959417,0.128606,-0.250956,,,0.000000,,,,0.00,,,
03482,,,,,,,,,,,,,,-15.205343,-4.679878,-0.859413,3.471172,-1.818544,5.630238,0.738281,-0.029541,0.663574,-0.152055,-0.046933,-0.007791,99857.0000,-0.235572,-0.187149,-0.953667,-0.169026,0.974218,-0.149429,0.957046,0.125994,-0.261131,,,0.000000,,,,0.00,,,
03483,,,,,,,,,,,,,,-15.349569,-4.480664,0.072179,4.528818,-1.470242,5.452195,0.731934,-0.033936,0.674805,-0.153460,-0.044903,0.001562,,-0.245386,-0.187883,-0.951044,-0.172860,0.973797,-0.147777,0.953889,0.128135,-0.271434,,,0.000000,,,,0.00,,,
03484,,,,,,,,,,,,,,-13.245605,-3.870006,1.134271,5.045920,-1.127716,3.031602,0.723633,-0.033936,0.679199,-0.132418,-0.038685,0.011824,99855.0000,-0.250577,-0.188229,-0.949622,-0.178893,0.973026,-0.145663,0.951424,0.133381,-0.277491,,,0.000000,,,,0.00,,,
03485,,,,,,,,,,,,,,-9.931045,-3.220266,1.759941,4.748817,-1.008372,-0.403914,0.725830,-0.040283,0.674805,-0.099322,-0.032109,0.017705,,-0.250120,-0.189580,-0.949473,-0.186781,0.971670,-0.144808,0.950028,0.141124,-0.278444,,,0.000000,,,,0.00,,,
