// Start Time: Unknown
// Update Rate: 100.0Hz
// Filter Profile: human (46.1)
// Firmware Version: 4.6.0
PacketCounter,SampleTimeFine,Year,Month,Day,Second,UTC_Nano,UTC_Year,UTC_Month,UTC_Day,UTC_Hour,UTC_Minute,UTC_Second,UTC_Valid,Acc_X,Acc_Y,Acc_Z,FreeAcc_X,FreeAcc_Y,FreeAcc_Z,Mag_X,Mag_Y,Mag_Z,VelInc_X,VelInc_Y,VelInc_Z,Pressure,Mat[1][1],Mat[2][1],Mat[3][1],Mat[1][2],Mat[2][2],Mat[3][2],Mat[1][3],Mat[2][3],Mat[3][3],Latitude,Longitude,Altitude,Vel_X,Vel_Y,Vel_Z,Temperature,GyrTemp_X,GyrTemp_Y,GyrTemp_Z
18295,,,,,,,,,,,,,,9.739262,1.248147,0.497364,-0.000000,0.000000,0.018817,-0.868164,-0.034424,-0.471436,0.097393,0.012480,0.004971,,0.024404,-0.134441,0.990621,0.199739,0.971592,0.126938,-0.979545,0.194768,0.050564,,,0.000000,,,,0.00,,,
18296,,,,,,,,,,,,,,9.678385,1.218466,0.525923,-0.024718,-0.010173,-0.043773,-0.870605,-0.032227,-0.471436,0.096784,0.012183,0.005254,99898.0000,0.024996,-0.134105,0.990652,0.204009,0.970792,0.126269,-0.978650,0.198945,0.051625,,,0.000000,,,,0.00,,,
18297,,,,,,,,,,,,,,9.712312,1.232985,0.573924,-0.066990,0.008565,-0.005848,-0.868164,-0.034424,-0.471436,0.097123,0.012330,0.005735,,0.025067,-0.134129,0.990647,0.204043,0.970784,0.126276,-0.978641,0.198969,0.051703,,,0.000000,,,,0.00,,,
18298,,,,,,,,,,,,,,9.716088,1.256939,0.501226,0.009730,0.016248,-0.002839,-0.870605,-0.030029,-0.471436,0.097161,0.012568,0.005010,99901.0000,0.025111,-0.134199,0.990636,0.204068,0.970771,0.126335,-0.978635,0.198985,0.051763,,,0.000000,,,,0.00,,,
18299,,,,,,,,,,,,,,9.685580,1.237275,0.542534,-0.034940,0.009148,-0.033406,-0.874756,-0.032227,-0.475830,0.096856,0.012372,0.005422,,0.025167,-0.134224,0.990631,0.204106,0.970761,0.126347,-0.978625,0.199013,0.051827,,,0.000000,,,,0.00,,,
18300,,,,,,,,,,,,,,9.655103,1.217459,0.583568,-0.079597,0.002351,-0.063973,-0.870605,-0.032227,-0.471436,0.096551,0.012175,0.005836,99904.0000,0.025167,-0.134194,0.990635,0.204121,0.970762,0.126317,-0.978622,0.199030,0.051823,,,0.000000,,,,0.00,,,
18301,,,,,,,,,,,,,,9.731582,1.230855,0.486329,0.020277,-0.014334,0.008443,-0.868408,-0.030029,-0.473633,0.097316,0.012308,0.004863,,0.025174,-0.134210,0.990633,0.204151,0.970754,0.126329,-0.978616,0.199058,0.051837,,,0.000000,,,,0.00,,,
18302,,,,,,,,,,,,,,9.731470,1.221174,0.540041,-0.034247,-0.012874,0.009893,-0.866211,-0.030029,-0.471436,0.097315,0.012211,0.005401,99901.0000,0.025154,-0.134190,0.990636,0.204214,0.970743,0.126310,-0.978603,0.199125,0.051822,,,0.000000,,,,0.00,,,
18303,,,,,,,,,,,,,,9.704851,1.225178,0.507364,-0.002185,-0.012008,-0.017665,-0.870605,-0.030029,-0.473633,0.097049,0.012251,0.005073,,0.025156,-0.134205,0.990634,0.204213,0.970741,0.126325,-0.978603,0.199123,0.051826,,,0.000000,,,,0.00,,,
18304,,,,,,,,,,,,,,9.701086,1.211214,0.527342,-0.024303,-0.020749,-0.022122,-0.866211,-0.032227,-0.475830,0.097011,0.012112,0.005270,99899.0000,0.025216,-0.134170,0.990637,0.204289,0.970732,0.126274,-0.978586,0.199192,0.051888,,,0.000000,,,,0.00,,,
18305,,,,,,,,,,,,,,9.731523,1.231018,0.487102,0.020369,-0.013649,0.008444,-0.868164,-0.034424,-0.471436,0.097315,0.012311,0.004869,,0.025249,-0.134167,0.990637,0.204299,0.970731,0.126264,-0.978583,0.199198,0.051920,,,0.000000,,,,0.00,,,
18306,,,,,,,,,,,,,,9.727747,1.217133,0.507079,-0.001764,-0.023210,0.003985,-0.868408,-0.030029,-0.475830,0.097278,0.012170,0.005069,99897.0000,0.025281,-0.134248,0.990625,0.204306,0.970721,0.126336,-0.978581,0.199196,0.051968,,,0.000000,,,,0.00,,,
18307,,,,,,,,,,,,,,9.704604,1.215837,0.562675,-0.056645,-0.010705,-0.016214,-0.872559,-0.034424,-0.471436,0.097046,0.012157,0.005624,,0.025324,-0.134290,0.990618,0.204344,0.970708,0.126367,-0.978571,0.199227,0.052024,,,0.000000,,,,0.00,,,
18308,,,,,,,,,,,,,,9.700914,1.211855,0.529030,-0.024167,-0.021101,-0.022122,-0.868164,-0.034424,-0.475830,0.097009,0.012117,0.005289,99900.0000,0.025357,-0.134317,0.990614,0.204370,0.970701,0.126385,-0.978565,0.199247,0.052065,,,0.000000,,,,0.00,,,
18309,,,,,,,,,,,,,,9.662318,1.246570,0.546564,-0.035022,0.021064,-0.055055,-0.866211,-0.030029,-0.473633,0.096623,0.012465,0.005465,,0.025364,-0.134332,0.990612,0.204400,0.970693,0.126397,-0.978559,0.199275,0.052079,,,0.000000,,,,0.00,,,
18310,,,,,,,,,,,,,,9.677891,1.220354,0.530624,-0.024348,-0.009934,-0.043772,-0.866211,-0.032227,-0.475830,0.096779,0.012202,0.005308,99898.0000,0.025342,-0.134364,0.990608,0.204431,0.970682,0.126432,-0.978553,0.199307,0.052067,,,0.000000,,,,0.00,,,
18311,,,,,,,,,,,,,,9.704483,1.216778,0.562740,-0.056409,-0.010800,-0.016213,-0.877197,-0.028076,-0.476074,0.097045,0.012166,0.005631,,0.025254,-0.134391,0.990607,0.204445,0.970673,0.126474,-0.978552,0.199331,0.051989,,,0.000000,,,,0.00,,,
18312,,,,,,,,,,,,,,9.715623,1.249245,0.556730,-0.044207,0.018412,-0.001388,-0.870605,-0.028076,-0.467041,0.097156,0.012493,0.005572,99903.0000,0.025186,-0.134330,0.990617,0.204497,0.970669,0.126426,-0.978543,0.199394,0.051917,,,0.000000,,,,0.00,,,
18313,,,,,,,,,,,,,,9.704625,1.226962,0.507387,-0.001615,-0.011609,-0.017664,-0.870605,-0.032227,-0.469238,0.097046,0.012267,0.005078,,0.025088,-0.134358,0.990615,0.204545,0.970653,0.126470,-0.978536,0.199452,0.051834,,,0.000000,,,,0.00,,,
18314,,,,,,,,,,,,,,9.712000,1.245541,0.521102,-0.011801,0.008631,-0.007298,-0.870605,-0.030273,-0.467041,0.097120,0.012454,0.005214,99898.0000,0.025015,-0.134304,0.990624,0.204600,0.970646,0.126429,-0.978526,0.199520,0.051759,,,0.000000,,,,0.00,,,
18315,,,,,,,,,,,,,,9.727587,1.219409,0.504677,-0.001270,-0.022253,0.003987,-0.870605,-0.030029,-0.471436,0.097276,0.012193,0.005049,,0.024959,-0.134327,0.990623,0.204625,0.970637,0.126461,-0.978522,0.199550,0.051713,,,0.000000,,,,0.00,,,
18316,,,,,,,,,,,,,,9.731322,1.233549,0.484704,0.021179,-0.012498,0.008444,-0.868408,-0.032227,-0.471436,0.097313,0.012336,0.004848,99903.0000,0.024957,-0.134259,0.990632,0.204690,0.970632,0.126391,-0.978509,0.199618,0.051706,,,0.000000,,,,0.00,,,
18317,,,,,,,,,,,,,,9.692689,1.258340,0.555385,-0.044234,0.030890,-0.023041,-0.870605,-0.030029,-0.475830,0.096927,0.012583,0.005556,,0.024900,-0.134266,0.990632,0.204716,0.970625,0.126409,-0.978505,0.199650,0.051655,,,0.000000,,,,0.00,,,
18318,,,,,,,,,,,,,,9.727606,1.219737,0.503503,-0.000256,-0.021563,0.003989,-0.868408,-0.028076,-0.476074,0.097276,0.012197,0.005037,99898.0000,0.024920,-0.134261,0.990633,0.204773,0.970614,0.126397,-0.978492,0.199705,0.051681,,,0.000000,,,,0.00,,,
18319,,,,,,,,,,,,,,9.685328,1.240288,0.540140,-0.033287,0.011407,-0.033402,-0.868408,-0.032227,-0.475830,0.096853,0.012403,0.005403,,0.024894,-0.134250,0.990635,0.204810,0.970607,0.126389,-0.978485,0.199745,0.051658,,,0.000000,,,,0.00,,,
18320,,,,,,,,,,,,,,9.700942,1.213853,0.523913,-0.021818,-0.019289,-0.022113,-0.865967,-0.034424,-0.478027,0.097009,0.012139,0.005241,99895.0000,0.024942,-0.134221,0.990637,0.204840,0.970606,0.126350,-0.978478,0.199770,0.051702,,,0.000000,,,,0.00,,,
18321,,,,,,,,,,,,,,9.658687,1.234505,0.559992,-0.054851,0.013680,-0.059502,-0.868408,-0.028076,-0.473877,0.096587,0.012344,0.005607,,0.024800,-0.134223,0.990641,0.204832,0.970604,0.126380,-0.978483,0.199781,0.051564,,,0.000000,,,,0.00,,,
18322,,,,,,,,,,,,,,9.704761,1.227999,0.502251,0.001171,-0.010157,-0.017663,-0.865967,-0.034424,-0.475830,0.097047,0.012282,0.005027,99898.0000,0.024799,-0.134177,0.990647,0.204840,0.970608,0.126335,-0.978481,0.199792,0.051555,,,0.000000,,,,0.00,,,
18323,,,,,,,,,,,,,,9.727789,1.219762,0.499890,0.001504,-0.021435,0.003989,-0.870605,-0.032227,-0.469238,0.097278,0.012197,0.005003,,0.024705,-0.134172,0.990650,0.204841,0.970606,0.126349,-0.978483,0.199804,0.051463,,,0.000000,,,,0.00,,,
18324,,,,,,,,,,,,,,9.754518,1.225664,0.478027,0.024109,-0.023761,0.030089,-0.866455,-0.028076,-0.476074,0.097545,0.012257,0.004783,99898.0000,0.024655,-0.134173,0.990651,0.204837,0.970605,0.126360,-0.978485,0.199807,0.051414,,,0.000000,,,,0.00,,,
18325,,,,,,,,,,,,,,9.708613,1.241914,0.480341,0.023454,-0.001211,-0.013214,-0.868652,-0.025879,-0.469482,0.097086,0.012419,0.004806,,0.024594,-0.134166,0.990654,0.204848,0.970602,0.126365,-0.978485,0.199826,0.051354,,,0.000000,,,,0.00,,,
18326,,,,,,,,,,,,,,9.697478,1.199857,0.538727,-0.042735,-0.027885,-0.026557,-0.870605,-0.028076,-0.469238,0.096975,0.011999,0.005390,99900.0000,0.024577,-0.134066,0.990668,0.204899,0.970604,0.126268,-0.978475,0.199883,0.051324,,,0.000000,,,,0.00,,,
18327,,,,,,,,,,,,,,9.697516,1.199830,0.538097,-0.042731,-0.027885,-0.026557,-0.868408,-0.032227,-0.471436,0.096975,0.011999,0.005385,,0.024496,-0.134045,0.990672,0.204898,0.970605,0.126263,-0.978477,0.199894,0.051242,,,0.000000,,,,0.00,,,
18328,,,,,,,,,,,,,,9.701284,1.213831,0.517584,-0.020634,-0.018215,-0.022109,-0.870605,-0.030029,-0.475830,0.097013,0.012138,0.005181,99892.0000,0.024391,-0.133977,0.990684,0.204910,0.970609,0.126217,-0.978477,0.199923,0.051127,,,0.000000,,,,0.00,,,
18329,,,,,,,,,,,,,,9.708729,1.232126,0.530936,-0.030835,0.001395,-0.011744,-0.870605,-0.028076,-0.473877,0.097087,0.012321,0.005315,,0.024266,-0.133961,0.990689,0.204917,0.970606,0.126226,-0.978479,0.199946,0.051003,,,0.000000,,,,0.00,,,
18330,,,,,,,,,,,,,,9.731742,1.224124,0.528335,-0.029660,-0.009350,0.009912,-0.866455,-0.028076,-0.473633,0.097317,0.012240,0.005289,99896.0000,0.024239,-0.133906,0.990698,0.204950,0.970606,0.126175,-0.978472,0.199985,0.050971,,,0.000000,,,,0.00,,,
18331,,,,,,,,,,,,,,9.708818,1.242279,0.475222,0.024571,0.000692,-0.013216,-0.868408,-0.032227,-0.475830,0.097088,0.012422,0.004756,,0.024162,-0.133914,0.990698,0.204947,0.970603,0.126200,-0.978475,0.199992,0.050897,,,0.000000,,,,0.00,,,
18332,,,,,,,,,,,,,,9.682168,1.226595,0.549094,-0.051743,0.004206,-0.037836,-0.868408,-0.030029,-0.471436,0.096821,0.012267,0.005497,99900.0000,0.024125,-0.133846,0.990708,0.204967,0.970607,0.126139,-0.978472,0.200019,0.050850,,,0.000000,,,,0.00,,,
18333,,,,,,,,,,,,,,9.712648,1.246365,0.506855,-0.007047,0.011314,-0.007296,-0.868408,-0.030029,-0.473633,0.097126,0.012464,0.005078,,0.023946,-0.133805,0.990718,0.204952,0.970610,0.126136,-0.978479,0.200029,0.050666,,,0.000000,,,,0.00,,,
18334,,,,,,,,,,,,,,9.705344,1.228051,0.490712,0.003566,-0.008016,-0.017661,-0.868408,-0.030029,-0.473633,0.097053,0.012281,0.004915,99900.0000,0.023826,-0.133734,0.990731,0.204962,0.970614,0.126090,-0.978480,0.200058,0.050536,,,0.000000,,,,0.00,,,
18335,,,,,,,,,,,,,,9.732112,1.224058,0.521623,-0.028472,-0.008865,0.009916,-0.868164,-0.038574,-0.473389,0.097321,0.012241,0.005225,,0.023653,-0.133693,0.990740,0.204978,0.970612,0.126083,-0.978481,0.200098,0.050362,,,0.000000,,,,0.00,,,
18336,,,,,,,,,,,,,,9.755152,1.225655,0.464934,0.026899,-0.021873,0.030086,-0.868408,-0.030029,-0.469238,0.097551,0.012257,0.004656,99900.0000,0.023586,-0.133711,0.990740,0.204908,0.970622,0.126117,-0.978497,0.200036,0.050291,,,0.000000,,,,0.00,,,
18337,,,,,,,,,,,,,,9.705602,1.227798,0.486228,0.004060,-0.008523,-0.017662,-0.868164,-0.034424,-0.469238,0.097056,0.012279,0.004869,,0.023452,-0.133665,0.990749,0.204886,0.970629,0.126100,-0.978505,0.200033,0.050150,,,0.000000,,,,0.00,,,
18338,,,,,,,,,,,,,,9.709395,1.232036,0.518826,-0.028550,0.001947,-0.011737,-0.868408,-0.030029,-0.471436,0.097094,0.012319,0.005196,99898.0000,0.023272,-0.133647,0.990756,0.204866,0.970630,0.126120,-0.978513,0.200037,0.049968,,,0.000000,,,,0.00,,,
18339,,,,,,,,,,,,,,9.652448,1.216034,0.525427,-0.041191,-0.004314,-0.069851,-0.870605,-0.030029,-0.473633,0.096524,0.012161,0.005263,,0.023100,-0.133592,0.990767,0.204898,0.970627,0.126099,-0.978511,0.200094,0.049795,,,0.000000,,,,0.00,,,
18340,,,,,,,,,,,,,,9.656296,1.220234,0.557452,-0.072977,0.006429,-0.063923,-0.868408,-0.030029,-0.473633,0.096562,0.012202,0.005586,99897.0000,0.022912,-0.133527,0.990780,0.204941,0.970621,0.126071,-0.978506,0.200163,0.049604,,,0.000000,,,,0.00,,,
18341,,,,,,,,,,,,,,9.702292,1.213890,0.498186,-0.017742,-0.017350,-0.022101,-0.872559,-0.032227,-0.478027,0.097022,0.012138,0.004995,,0.022633,-0.133484,0.990792,0.204975,0.970612,0.126083,-0.978505,0.200235,0.049329,,,0.000000,,,,0.00,,,
18342,,,,,,,,,,,,,,9.729043,1.219949,0.474388,0.006039,-0.019418,0.003992,-0.870605,-0.030273,-0.467041,0.097290,0.012198,0.004757,99902.0000,0.022490,-0.133455,0.990800,0.205049,0.970597,0.126079,-0.978493,0.200327,0.049193,,,0.000000,,,,0.00,,,
18343,,,,,,,,,,,,,,9.686980,1.240666,0.508748,-0.027003,0.013537,-0.033386,-0.870605,-0.032227,-0.473633,0.096869,0.012406,0.005102,,0.022184,-0.133416,0.990812,0.205104,0.970583,0.126100,-0.978489,0.200422,0.048896,,,0.000000,,,,0.00,,,
18344,,,,,,,,,,,,,,9.713846,1.236915,0.538418,-0.058768,0.012847,-0.005800,-0.868164,-0.034424,-0.473633,0.097138,0.012368,0.005398,99904.0000,0.021920,-0.133358,0.990826,0.205156,0.970573,0.126093,-0.978484,0.200510,0.048635,,,0.000000,,,,0.00,,,
18345,,,,,,,,,,,,,,9.687265,1.240784,0.502996,-0.026718,0.013690,-0.033385,-0.870605,-0.028076,-0.464844,0.096872,0.012409,0.005045,,0.021613,-0.133273,0.990844,0.205229,0.970561,0.126068,-0.978475,0.200625,0.048328,,,0.000000,,,,0.00,,,
18346,,,,,,,,,,,,,,9.710400,1.232650,0.498143,-0.026116,0.002499,-0.011731,-0.868164,-0.034424,-0.464600,0.097103,0.012325,0.004999,99901.0000,0.021260,-0.133219,0.990859,0.205311,0.970541,0.126082,-0.978466,0.200754,0.047985,,,0.000000,,,,0.00,,,
18347,,,,,,,,,,,,,,9.676514,1.208746,0.501172,-0.038427,-0.015039,-0.048187,-0.870605,-0.028076,-0.469238,0.096764,0.012086,0.005031,,0.020855,-0.133160,0.990875,0.205352,0.970530,0.126104,-0.978466,0.200848,0.047586,,,0.000000,,,,0.00,,,
18348,,,,,,,,,,,,,,9.756471,1.226584,0.433774,0.029134,-0.021153,0.030081,-0.870605,-0.032227,-0.467041,0.097564,0.012265,0.004356,99892.0000,0.020483,-0.133084,0.990893,0.205399,0.970520,0.126102,-0.978464,0.200945,0.047215,,,0.000000,,,,0.00,,,
18349,,,,,,,,,,,,,,9.733836,1.225184,0.485586,-0.025759,-0.008662,0.009923,-0.870605,-0.028076,-0.469238,0.097338,0.012250,0.004872,,0.020141,-0.133063,0.990903,0.205411,0.970511,0.126150,-0.978469,0.201002,0.046879,,,0.000000,,,,0.00,,,
18350,,,,,,,,,,,,,,9.737596,1.239380,0.462617,-0.003197,0.000832,0.014359,-0.870361,-0.034424,-0.469238,0.097375,0.012395,0.004643,99904.0000,0.019837,-0.132951,0.990924,0.205484,0.970503,0.126097,-0.978459,0.201118,0.046571,,,0.000000,,,,0.00,,,
18351,,,,,,,,,,,,,,9.658015,1.221748,0.523317,-0.070754,0.007064,-0.063907,-0.870605,-0.032227,-0.464844,0.096580,0.012216,0.005247,,0.019550,-0.132925,0.990933,0.205551,0.970485,0.126127,-0.978451,0.201222,0.046296,,,0.000000,,,,0.00,,,
18352,,,,,,,,,,,,,,9.665637,1.240359,0.534045,-0.080765,0.026371,-0.053538,-0.870605,-0.032227,-0.467041,0.096655,0.012401,0.005364,99892.0000,0.019074,-0.132908,0.990945,0.205644,0.970455,0.126202,-0.978441,0.201375,0.045842,,,0.000000,,,,0.00,,,
18353,,,,,,,,,,,,,,9.723092,1.203532,0.422541,0.017393,-0.038711,-0.006376,-0.873047,-0.025879,-0.465088,0.097230,0.012036,0.004247,,0.018618,-0.132811,0.990966,0.205775,0.970429,0.126192,-0.978422,0.201567,0.045397,,,0.000000,,,,0.00,,,
18354,,,,,,,,,,,,,,9.757320,1.227518,0.411448,0.030071,-0.020645,0.030079,-0.868408,-0.030029,-0.464844,0.097572,0.012276,0.004135,99902.0000,0.018241,-0.132651,0.990995,0.205845,0.970425,0.126109,-0.978415,0.201691,0.045007,,,0.000000,,,,0.00,,,
18355,,,,,,,,,,,,,,9.711918,1.233761,0.464682,-0.025174,0.003115,-0.011728,-0.872803,-0.030273,-0.464844,0.097118,0.012338,0.004664,,0.017897,-0.132569,0.991012,0.205892,0.970417,0.126096,-0.978411,0.201785,0.044662,,,0.000000,,,,0.00,,,
18356,,,,,,,,,,,,,,9.682023,1.213627,0.501909,-0.069660,-0.003731,-0.042247,-0.868164,-0.034424,-0.467041,0.096819,0.012137,0.005039,99901.0000,0.017508,-0.132436,0.991037,0.205943,0.970413,0.126042,-0.978407,0.201890,0.044264,,,0.000000,,,,0.00,,,
18357,,,,,,,,,,,,,,9.738846,1.239314,0.435694,-0.002443,0.001297,0.014359,-0.866211,-0.032227,-0.464844,0.097388,0.012394,0.004376,,0.017114,-0.132345,0.991056,0.205983,0.970406,0.126030,-0.978406,0.201984,0.043868,,,0.000000,,,,0.00,,,
18358,,,,,,,,,,,,,,9.758038,1.226793,0.396304,0.030904,-0.020970,0.030076,-0.870605,-0.032227,-0.464844,0.097580,0.012269,0.003980,99899.0000,0.016836,-0.132305,0.991066,0.205976,0.970405,0.126048,-0.978412,0.202013,0.043589,,,0.000000,,,,0.00,,,
18359,,,,,,,,,,,,,,9.758214,1.226403,0.393180,0.030903,-0.020985,0.030076,-0.870605,-0.030273,-0.464844,0.097581,0.012267,0.003946,,0.016571,-0.132198,0.991085,0.205962,0.970415,0.125997,-0.978420,0.202038,0.043309,,,0.000000,,,,0.00,,,
18360,,,,,,,,,,,,,,9.781316,1.217902,0.389011,0.031646,-0.032254,0.051729,-0.872559,-0.032227,-0.471436,0.097813,0.012180,0.003901,99893.0000,0.016392,-0.132131,0.991097,0.205977,0.970415,0.125967,-0.978420,0.202078,0.043123,,,0.000000,,,,0.00,,,
18361,,,,,,,,,,,,,,9.807888,1.223681,0.366132,0.054171,-0.034350,0.077814,-0.872803,-0.030273,-0.462646,0.098079,0.012237,0.003666,,0.016315,-0.132110,0.991101,0.205910,0.970430,0.125965,-0.978435,0.202023,0.043036,,,0.000000,,,,0.00,,,
18362,,,,,,,,,,,,,,9.731973,1.219859,0.410168,0.009520,-0.018922,0.003990,-0.872559,-0.034424,-0.462646,0.097320,0.012200,0.004101,99899.0000,0.016429,-0.132089,0.991102,0.205847,0.970448,0.125924,-0.978446,0.201947,0.043133,,,0.000000,,,,0.00,,,
18363,,,,,,,,,,,,,,9.656490,1.206178,0.508193,-0.090434,-0.002293,-0.068317,-0.870605,-0.032227,-0.464844,0.096565,0.012062,0.005083,,0.016407,-0.132078,0.991104,0.205819,0.970455,0.125919,-0.978453,0.201922,0.043106,,,0.000000,,,,0.00,,,
18364,,,,,,,,,,,,,,9.739546,1.237829,0.424122,-0.000675,0.000353,0.014359,-0.870605,-0.030029,-0.475830,0.097395,0.012379,0.004244,99899.0000,0.016362,-0.132084,0.991103,0.205770,0.970463,0.125937,-0.978464,0.201879,0.043057,,,0.000000,,,,0.00,,,
18365,,,,,,,,,,,,,,9.690585,1.230084,0.500274,-0.078107,0.014895,-0.031864,-0.876953,-0.032227,-0.471436,0.096906,0.012301,0.005006,,0.016308,-0.132062,0.991107,0.205747,0.970469,0.125927,-0.978469,0.201864,0.042998,,,0.000000,,,,0.00,,,
18366,,,,,,,,,,,,,,9.766131,1.243390,0.401628,0.024118,-0.001987,0.040437,-0.872803,-0.030273,-0.462646,0.097661,0.012435,0.004019,99899.0000,0.016498,-0.132043,0.991107,0.205686,0.970489,0.125873,-0.978479,0.201780,0.043170,,,0.000000,,,,0.00,,,
18367,,,,,,,,,,,,,,9.762646,1.229052,0.420943,0.001962,-0.011216,0.036013,-0.872803,-0.032227,-0.462646,0.097626,0.012292,0.004210,,0.016504,-0.132014,0.991110,0.205638,0.970503,0.125845,-0.978489,0.201733,0.043164,,,0.000000,,,,0.00,,,
18368,,,,,,,,,,,,,,9.709704,1.216902,0.463694,-0.043380,-0.006865,-0.016143,-0.872803,-0.030273,-0.464844,0.097097,0.012171,0.004636,99893.0000,0.016519,-0.131957,0.991118,0.205542,0.970530,0.125790,-0.978509,0.201639,0.043155,,,0.000000,,,,0.00,,,
18369,,,,,,,,,,,,,,9.644900,1.244989,0.502715,-0.076800,0.037329,-0.075156,-0.870850,-0.025879,-0.469482,0.096448,0.012453,0.005029,,0.016511,-0.131882,0.991128,0.205450,0.970559,0.125723,-0.978528,0.201551,0.043120,,,0.000000,,,,0.00,,,
18370,,,,,,,,,,,,,,9.709890,1.215737,0.462840,-0.042268,-0.006292,-0.016138,-0.870605,-0.032227,-0.467041,0.097098,0.012160,0.004634,99894.0000,0.016512,-0.131740,0.991147,0.205460,0.970575,0.125582,-0.978526,0.201568,0.043094,,,0.000000,,,,0.00,,,
18371,,,,,,,,,,,,,,9.755445,1.208835,0.404688,0.013024,-0.030080,0.025641,-0.866211,-0.030029,-0.467041,0.097554,0.012090,0.004052,,0.016435,-0.131689,0.991155,0.205396,0.970592,0.125551,-0.978541,0.201516,0.043000,,,0.000000,,,,0.00,,,
18372,,,,,,,,,,,,,,9.770898,1.182354,0.388151,0.024695,-0.061170,0.036918,-0.870605,-0.028076,-0.464844,0.097709,0.011823,0.003882,99903.0000,0.016559,-0.131723,0.991148,0.205314,0.970608,0.125564,-0.978556,0.201417,0.043117,,,0.000000,,,,0.00,,,
18373,,,,,,,,,,,,,,9.758985,1.222895,0.384864,0.036361,-0.021129,0.030057,-0.872803,-0.030273,-0.464844,0.097590,0.012228,0.003845,,0.016632,-0.131748,0.991144,0.205251,0.970620,0.125576,-0.978568,0.201345,0.043185,,,0.000000,,,,0.00,,,
18374,,,,,,,,,,,,,,9.762930,1.227232,0.419667,0.004389,-0.010176,0.036013,-0.870605,-0.032227,-0.467041,0.097630,0.012272,0.004192,99894.0000,0.016770,-0.131727,0.991144,0.205185,0.970640,0.125530,-0.978580,0.201263,0.043306,,,0.000000,,,,0.00,,,
18375,,,,,,,,,,,,,,9.667973,1.235979,0.500878,-0.073743,0.026899,-0.053483,-0.874756,-0.032227,-0.462646,0.096680,0.012361,0.005002,,0.016928,-0.131740,0.991140,0.205077,0.970664,0.125516,-0.978599,0.201135,0.043448,,,0.000000,,,,0.00,,,
18376,,,,,,,,,,,,,,9.697954,1.255943,0.460853,-0.028906,0.033870,-0.022993,-0.870605,-0.030273,-0.464844,0.096980,0.012558,0.004605,99893.0000,0.017011,-0.131792,0.991131,0.204973,0.970681,0.125555,-0.978620,0.201019,0.043526,,,0.000000,,,,0.00,,,
18377,,,,,,,,,,,,,,9.716917,1.243408,0.425836,0.003865,0.012155,-0.007296,-0.872559,-0.034424,-0.464844,0.097169,0.012437,0.004255,,0.017118,-0.131750,0.991135,0.204876,0.970709,0.125497,-0.978638,0.200912,0.043609,,,0.000000,,,,0.00,,,
18378,,,,,,,,,,,,,,9.702319,1.196665,0.451611,-0.030157,-0.026075,-0.026505,-0.879395,-0.028076,-0.462646,0.097023,0.011968,0.004512,99894.0000,0.017242,-0.131759,0.991132,0.204750,0.970737,0.125486,-0.978662,0.200771,0.043715,,,0.000000,,,,0.00,,,
18379,,,,,,,,,,,,,,9.720934,1.246802,0.461310,-0.028334,0.022300,-0.001338,-0.866211,-0.032227,-0.462646,0.097209,0.012470,0.004611,,0.017306,-0.131723,0.991135,0.204676,0.970759,0.125441,-0.978677,0.200690,0.043760,,,0.000000,,,,0.00,,,
18380,,,,,,,,,,,,,,9.774343,1.195280,0.374459,0.047302,-0.051468,0.041338,-0.872559,-0.032227,-0.469238,0.097743,0.011954,0.003741,99892.0000,0.017350,-0.131664,0.991143,0.204657,0.970771,0.125376,-0.978680,0.200669,0.043789,,,0.000000,,,,0.00,,,
18381,,,,,,,,,,,,,,9.713426,1.227838,0.448567,-0.018505,0.003135,-0.011713,-0.872803,-0.028076,-0.469238,0.097134,0.012281,0.004479,,0.017499,-0.131649,0.991142,0.204615,0.970785,0.125333,-0.978686,0.200609,0.043925,,,0.000000,,,,0.00,,,
18382,,,,,,,,,,,,,,9.653286,1.187634,0.531848,-0.106702,-0.010962,-0.072679,-0.872803,-0.030273,-0.464844,0.096533,0.011878,0.005312,99898.0000,0.017772,-0.131616,0.991141,0.204568,0.970806,0.125248,-0.978691,0.200530,0.044177,,,0.000000,,,,0.00,,,
18383,,,,,,,,,,,,,,9.591998,1.229883,0.551395,-0.117948,0.042423,-0.127267,-0.868408,-0.028076,-0.471436,0.095919,0.012301,0.005518,,0.017702,-0.131550,0.991151,0.204551,0.970816,0.125198,-0.978696,0.200525,0.044094,,,0.000000,,,,0.00,,,
18384,,,,,,,,,,,,,,9.717524,1.230877,0.483034,-0.048340,0.014002,-0.005745,-0.870605,-0.032227,-0.471436,0.097175,0.012309,0.004837,99888.0000,0.017709,-0.131483,0.991160,0.204534,0.970829,0.125131,-0.978699,0.200510,0.044085,,,0.000000,,,,0.00,,,
18385,,,,,,,,,,,,,,9.702165,1.203855,0.399111,0.026649,-0.026459,-0.028049,-0.868408,-0.034424,-0.460205,0.097021,0.012041,0.004000,,0.017557,-0.131395,0.991175,0.204500,0.970843,0.125077,-0.978709,0.200500,0.043915,,,0.000000,,,,0.00,,,
18386,,,,,,,,,,,,,,9.736751,1.217627,0.444402,-0.015084,-0.008392,0.009946,-0.875000,-0.025879,-0.467285,0.097367,0.012179,0.004450,99893.0000,0.017508,-0.131383,0.991177,0.204437,0.970856,0.125079,-0.978723,0.200444,0.043857,,,0.000000,,,,0.00,,,
18387,,,,,,,,,,,,,,9.744408,1.235301,0.457613,-0.025227,0.011177,0.020324,-0.866211,-0.032227,-0.467041,0.097443,0.012356,0.004582,,0.017418,-0.131305,0.991189,0.204392,0.970873,0.125022,-0.978734,0.200414,0.043748,,,0.000000,,,,0.00,,,
18388,,,,,,,,,,,,,,9.759494,1.218117,0.387108,0.040998,-0.020524,0.030040,-0.866211,-0.030029,-0.469238,0.097595,0.012184,0.003873,99894.0000,0.017509,-0.131204,0.991201,0.204343,0.970898,0.124907,-0.978743,0.200358,0.043810,,,0.000000,,,,0.00,,,
18389,,,,,,,,,,,,,,9.718108,1.228309,0.477784,-0.046610,0.013605,-0.005736,-0.870361,-0.034424,-0.469238,0.097181,0.012286,0.004780,,0.017496,-0.131131,0.991211,0.204284,0.970918,0.124841,-0.978755,0.200305,0.043775,,,0.000000,,,,0.00,,,
18390,,,,,,,,,,,,,,9.668788,1.229874,0.500174,-0.067878,0.026240,-0.053439,-0.872803,-0.030273,-0.462646,0.096687,0.012303,0.005006,99899.0000,0.017617,-0.131099,0.991213,0.204163,0.970950,0.124791,-0.978778,0.200171,0.043871,,,0.000000,,,,0.00,,,
18391,,,,,,,,,,,,,,9.680364,1.198396,0.448971,-0.024860,-0.015090,-0.048143,-0.870605,-0.032227,-0.467041,0.096803,0.011988,0.004497,,0.017513,-0.130991,0.991229,0.204043,0.970986,0.124711,-0.978805,0.200069,0.043732,,,0.000000,,,,0.00,,,
18392,,,,,,,,,,,,,,9.691624,1.229858,0.442184,-0.012686,0.013643,-0.033357,-0.866211,-0.034424,-0.466797,0.096915,0.012303,0.004429,99894.0000,0.017411,-0.130887,0.991244,0.203943,0.971017,0.124634,-0.978828,0.199988,0.043600,,,0.000000,,,,0.00,,,
18393,,,,,,,,,,,,,,9.669314,1.227489,0.495842,-0.067539,0.026077,-0.053436,-0.870605,-0.030273,-0.464844,0.096692,0.012279,0.004968,,0.017248,-0.130770,0.991263,0.203849,0.971046,0.124556,-0.978850,0.199920,0.043407,,,0.000000,,,,0.00,,,
18394,,,,,,,,,,,,,,9.722791,1.175338,0.406239,0.009358,-0.048787,-0.010818,-0.868164,-0.034424,-0.467041,0.097227,0.011758,0.004074,99892.0000,0.017136,-0.130686,0.991276,0.203721,0.971080,0.124502,-0.978879,0.199810,0.043264,,,0.000000,,,,0.00,,,
18395,,,,,,,,,,,,,,9.745665,1.229168,0.447239,-0.021132,0.009971,0.020335,-0.874756,-0.032227,-0.460449,0.097456,0.012296,0.004481,,0.017004,-0.130567,0.991294,0.203622,0.971112,0.124416,-0.978902,0.199733,0.043099,,,0.000000,,,,0.00,,,
18396,,,,,,,,,,,,,,9.647011,1.233065,0.491474,-0.067092,0.035986,-0.075079,-0.875000,-0.030273,-0.462646,0.096469,0.012334,0.004925,99898.0000,0.016825,-0.130515,0.991304,0.203444,0.971150,0.124408,-0.978942,0.199581,0.042892,,,0.000000,,,,0.00,,,
18397,,,,,,,,,,,,,,9.693126,1.215855,0.485621,-0.066258,0.013371,-0.031775,-0.876953,-0.030273,-0.467041,0.096930,0.012163,0.004871,,0.016578,-0.130364,0.991328,0.203333,0.971186,0.124315,-0.978969,0.199509,0.042607,,,0.000000,,,,0.00,,,
18398,,,,,,,,,,,,,,9.628649,1.243562,0.521597,-0.099601,0.057862,-0.090747,-0.872803,-0.030273,-0.467041,0.096285,0.012442,0.005233,99896.0000,0.016293,-0.130137,0.991362,0.203200,0.971234,0.124155,-0.979002,0.199422,0.042268,,,0.000000,,,,0.00,,,
18399,,,,,,,,,,,,,,9.648475,1.219946,0.535360,-0.121332,0.037326,-0.073497,-0.866211,-0.034424,-0.466797,0.096482,0.012208,0.005379,,0.015840,-0.129870,0.991405,0.203067,0.971283,0.123989,-0.979037,0.199357,0.041758,,,0.000000,,,,0.00,,,
18400,,,,,,,,,,,,,,9.633196,1.191767,0.447613,-0.044756,-0.003940,-0.095841,-0.868408,-0.032227,-0.464844,0.096330,0.011923,0.004505,99894.0000,0.015480,-0.129723,0.991429,0.202868,0.971333,0.123926,-0.979084,0.199211,0.041353,,,0.000000,,,,0.00,,,
18401,,,,,,,,,,,,,,9.705942,1.179779,0.416859,-0.021336,-0.028640,-0.026489,-0.872803,-0.032227,-0.462646,0.097057,0.011806,0.004199,,0.014939,-0.129436,0.991475,0.202687,0.971391,0.123760,-0.979130,0.199111,0.040747,,,0.000000,,,,0.00,,,
18402,,,,,,,,,,,,,,9.668773,1.203152,0.482320,-0.085968,0.014045,-0.057802,-0.872803,-0.032227,-0.464844,0.096685,0.012039,0.004853,99896.0000,0.014483,-0.129224,0.991510,0.202436,0.971457,0.123654,-0.979188,0.198926,0.040229,,,0.000000,,,,0.00,,,
18403,,,,,,,,,,,,,,9.600521,1.226199,0.480799,-0.087032,0.047796,-0.122751,-0.872803,-0.028076,-0.462646,0.096002,0.012270,0.004845,,0.013792,-0.128908,0.991561,0.202219,0.971523,0.123490,-0.979243,0.198809,0.039467,,,0.000000,,,,0.00,,,
18404,,,,,,,,,,,,,,9.612242,1.193724,0.422782,-0.042855,0.006435,-0.117481,-0.874756,-0.032227,-0.460449,0.096119,0.011946,0.004270,99889.0000,0.013132,-0.128556,0.991615,0.201974,0.971600,0.123286,-0.979303,0.198661,0.038724,,,0.000000,,,,0.00,,,
18405,,,,,,,,,,,,,,9.678211,1.216405,0.472860,-0.094729,0.033394,-0.047396,-0.877197,-0.030273,-0.458252,0.096779,0.012172,0.004776,,0.012267,-0.128197,0.991673,0.201679,0.971683,0.123118,-0.979375,0.198489,0.037774,,,0.000000,,,,0.00,,,
18406,,,,,,,,,,,,,,9.640633,1.186354,0.436230,-0.074779,0.005278,-0.089833,-0.872803,-0.030273,-0.458252,0.096403,0.011872,0.004414,99894.0000,0.011277,-0.127817,0.991734,0.201400,0.971762,0.122953,-0.979444,0.198349,0.036701,,,0.000000,,,,0.00,,,
18407,,,,,,,,,,,,,,9.626093,1.211234,0.441598,-0.085266,0.036073,-0.101087,-0.876953,-0.032471,-0.458252,0.096257,0.012120,0.004471,,0.010238,-0.127448,0.991792,0.201105,0.971841,0.122809,-0.979516,0.198197,0.035580,,,0.000000,,,,0.00,,,
18408,,,,,,,,,,,,,,9.615675,1.177636,0.435477,-0.096798,0.006885,-0.115872,-0.881592,-0.026123,-0.456299,0.096153,0.011783,0.004416,99890.0000,0.009101,-0.127096,0.991849,0.200820,0.971914,0.122699,-0.979586,0.198067,0.034368,,,0.000000,,,,0.00,,,
18409,,,,,,,,,,,,,,9.681067,1.210398,0.427677,-0.094125,0.032640,-0.047387,-0.876953,-0.032227,-0.462646,0.096807,0.012110,0.004343,,0.007852,-0.126704,0.991910,0.200420,0.972012,0.122576,-0.979679,0.197836,0.033026,,,0.000000,,,,0.00,,,
18410,,,,,,,,,,,,,,9.625322,1.256114,0.467895,-0.136511,0.096697,-0.095920,-0.875000,-0.030273,-0.458252,0.096248,0.012571,0.004749,99886.0000,0.006653,-0.126180,0.991985,0.200036,0.972124,0.122312,-0.979766,0.197619,0.031708,,,0.000000,,,,0.00,,,
18411,,,,,,,,,,,,,,9.580517,1.270462,0.456882,-0.137201,0.119173,-0.139215,-0.877197,-0.030273,-0.456055,0.095800,0.012716,0.004647,,0.005181,-0.125627,0.992064,0.199540,0.972256,0.122076,-0.979876,0.197324,0.030105,,,0.000000,,,,0.00,,,
18412,,,,,,,,,,,,,,9.615092,1.228660,0.388332,-0.091947,0.066225,-0.112299,-0.877197,-0.030273,-0.449463,0.096145,0.012302,0.003970,99895.0000,0.003754,-0.124996,0.992150,0.198934,0.972420,0.121758,-0.980006,0.196915,0.028517,,,0.000000,,,,0.00,,,
18413,,,,,,,,,,,,,,9.623397,1.180618,0.340175,-0.071058,0.015664,-0.111450,-0.876953,-0.032471,-0.451660,0.096229,0.011823,0.003494,,0.002054,-0.124282,0.992245,0.198233,0.972606,0.121412,-0.980153,0.196446,0.026634,,,0.000000,,,,0.00,,,
18414,,,,,,,,,,,,,,9.572206,1.166204,0.364979,-0.115498,0.019252,-0.163510,-0.879395,-0.030273,-0.447266,0.095716,0.011677,0.003747,99888.0000,0.000315,-0.123627,0.992329,0.197383,0.972814,0.121133,-0.980326,0.195830,0.024708,,,0.000000,,,,0.00,,,
18415,,,,,,,,,,,,,,9.634920,1.183085,0.368693,-0.134957,0.035794,-0.099409,-0.885986,-0.028320,-0.447266,0.096343,0.011848,0.003793,,-0.001648,-0.122849,0.992424,0.196494,0.973038,0.120776,-0.980504,0.195205,0.022536,,,0.000000,,,,0.00,,,
18416,,,,,,,,,,,,,,9.787510,1.208663,0.181402,0.033471,0.013208,0.050770,-0.883545,-0.030273,-0.451660,0.097871,0.012103,0.001924,99894.0000,-0.003620,-0.122071,0.992515,0.195626,0.973258,0.120416,-0.980672,0.194598,0.020357,,,0.000000,,,,0.00,,,
18417,,,,,,,,,,,,,,9.800013,1.165051,0.163795,0.021989,-0.026958,0.057631,-0.883545,-0.032471,-0.440430,0.097996,0.011666,0.001741,,-0.005520,-0.121365,0.992593,0.194870,0.973447,0.120108,-0.980814,0.194089,0.018277,,,0.000000,,,,0.00,,,
18418,,,,,,,,,,,,,,9.901393,1.170051,0.075067,0.091452,-0.045008,0.157358,-0.883545,-0.034668,-0.440430,0.099011,0.011717,0.000850,99894.0000,-0.007225,-0.120714,0.992661,0.194256,0.973607,0.119810,-0.980924,0.193696,0.016415,,,0.000000,,,,0.00,,,
18419,,,,,,,,,,,,,,9.887682,1.121237,0.082078,0.057389,-0.083100,0.138189,-0.884033,-0.023926,-0.438477,0.098875,0.011225,0.000910,,-0.008883,-0.120139,0.992717,0.193883,0.973710,0.119574,-0.980985,0.193533,0.014644,,,0.000000,,,,0.00,,,
18420,,,,,,,,,,,,,,9.805382,1.098257,0.097676,0.022447,-0.086914,0.054083,-0.888184,-0.023926,-0.443115,0.098052,0.010990,0.001059,99896.0000,-0.010444,-0.119624,0.992764,0.193834,0.973745,0.119371,-0.980979,0.193679,0.013017,,,0.000000,,,,0.00,,,
18421,,,,,,,,,,,,,,9.852209,1.103572,0.003368,0.100116,-0.101547,0.100110,-0.885986,-0.028320,-0.440674,0.098522,0.011038,0.000112,,-0.011991,-0.119272,0.992789,0.193990,0.973719,0.119324,-0.980930,0.194022,0.011462,,,0.000000,,,,0.00,,,
18422,,,,,,,,,,,,,,9.906811,1.127959,-0.075894,0.169716,-0.095383,0.156517,-0.885986,-0.023926,-0.438477,0.099069,0.011280,-0.000689,99890.0000,-0.013190,-0.118859,0.992824,0.194356,0.973668,0.119148,-0.980842,0.194533,0.010258,,,0.000000,,,,0.00,,,
18423,,,,,,,,,,,,,,9.921396,1.101216,-0.104903,0.180446,-0.126328,0.167756,-0.890381,-0.026123,-0.436279,0.099215,0.011012,-0.000992,,-0.014343,-0.118630,0.992835,0.194691,0.973602,0.119145,-0.980760,0.195005,0.009131,,,0.000000,,,,0.00,,,
18424,,,,,,,,,,,,,,9.901360,1.123525,-0.132649,0.203637,-0.104304,0.150469,-0.883789,-0.028320,-0.434082,0.099014,0.011233,-0.001281,99895.0000,-0.015147,-0.118319,0.992860,0.195117,0.973535,0.118992,-0.980663,0.195527,0.008340,,,0.000000,,,,0.00,,,
18425,,,,,,,,,,,,,,9.880757,1.122851,-0.084036,0.148819,-0.091878,0.130483,-0.885742,-0.032471,-0.431641,0.098808,0.011228,-0.000810,,-0.015776,-0.118213,0.992863,0.195416,0.973473,0.119009,-0.980594,0.195899,0.007743,,,0.000000,,,,0.00,,,
18426,,,,,,,,,,,,,,9.899931,1.173556,-0.081621,0.150965,-0.043771,0.155654,-0.885986,-0.028320,-0.440674,0.099000,0.011734,-0.000792,99898.0000,-0.016258,-0.118165,0.992861,0.195680,0.973414,0.119054,-0.980533,0.196219,0.007297,,,0.000000,,,,0.00,,,
18427,,,,,,,,,,,,,,9.955376,1.148788,-0.213834,0.271645,-0.099647,0.206855,-0.883789,-0.026123,-0.434082,0.099554,0.011490,-0.002128,,-0.016462,-0.118072,0.992869,0.195901,0.973376,0.119002,-0.980485,0.196463,0.007107,,,0.000000,,,,0.00,,,
18428,,,,,,,,,,,,,,9.937928,1.160907,-0.177912,0.241165,-0.077590,0.191191,-0.885986,-0.028320,-0.431885,0.099379,0.011614,-0.001786,99889.0000,-0.016080,-0.117971,0.992887,0.195929,0.973392,0.118828,-0.980486,0.196446,0.007461,,,0.000000,,,,0.00,,,
18429,,,,,,,,,,,,,,9.703765,1.096755,0.045889,0.015670,-0.068178,-0.047282,-0.885742,-0.030273,-0.433838,0.097037,0.010971,0.000441,,-0.015682,-0.117978,0.992892,0.195876,0.973411,0.118757,-0.980503,0.196346,0.007844,,,0.000000,,,,0.00,,,
18430,,,,,,,,,,,,,,9.625469,1.129197,0.180132,-0.105128,-0.001079,-0.120106,-0.890137,-0.030518,-0.427246,0.096255,0.011294,0.001789,99895.0000,-0.015392,-0.117994,0.992895,0.195790,0.973433,0.118716,-0.980525,0.196227,0.008119,,,0.000000,,,,0.00,,,
18431,,,,,,,,,,,,,,9.742980,1.124447,0.076737,-0.003917,-0.040299,-0.004818,-0.890137,-0.032471,-0.433838,0.097430,0.011244,0.000756,,-0.015138,-0.118065,0.992891,0.195759,0.973437,0.118736,-0.980535,0.196165,0.008377,,,0.000000,,,,0.00,,,
18432,,,,,,,,,,,,,,9.728282,1.151362,0.095392,-0.016047,-0.009764,-0.016063,-0.885986,-0.028320,-0.434082,0.097283,0.011512,0.000943,99899.0000,-0.015062,-0.118182,0.992878,0.195631,0.973451,0.118838,-0.980562,0.196028,0.008458,,,0.000000,,,,0.00,,,
18433,,,,,,,,,,,,,,9.710640,1.164626,0.133927,-0.048677,0.011854,-0.031670,-0.888184,-0.026123,-0.429688,0.097107,0.011644,0.001328,,-0.014821,-0.118286,0.992869,0.195600,0.973450,0.118892,-0.980572,0.195967,0.008709,,,0.000000,,,,0.00,,,
18434,,,,,,,,,,,,,,9.705299,1.160650,0.102347,-0.016718,0.002403,-0.037713,-0.890137,-0.032471,-0.433838,0.097053,0.011604,0.001012,99894.0000,-0.014655,-0.118288,0.992871,0.195619,0.973450,0.118862,-0.980570,0.195967,0.008873,,,0.000000,,,,0.00,,,
18435,,,,,,,,,,,,,,9.641363,1.167673,0.218925,-0.126930,0.038572,-0.099312,-0.890137,-0.032471,-0.440674,0.096414,0.011673,0.002182,,-0.014520,-0.118404,0.992859,0.195687,0.973426,0.118948,-0.980559,0.196016,0.009036,,,0.000000,,,,0.00,,,
18436,,,,,,,,,,,,,,9.727894,1.154009,0.102698,-0.015672,-0.009917,-0.016062,-0.890137,-0.030518,-0.436279,0.097280,0.011534,0.001025,99891.0000,-0.014453,-0.118631,0.992833,0.195751,0.973387,0.119157,-0.980547,0.196071,0.009154,,,0.000000,,,,0.00,,,
18437,,,,,,,,,,,,,,9.822600,1.158728,0.000311,0.085088,-0.037866,0.077583,-0.890137,-0.032471,-0.438232,0.098227,0.011583,-0.000003,,-0.014329,-0.118748,0.992821,0.195756,0.973375,0.119248,-0.980548,0.196060,0.009298,,,0.000000,,,,0.00,,,
18438,,,,,,,,,,,,,,9.796749,1.154062,0.024705,0.062946,-0.036364,0.051565,-0.890137,-0.028320,-0.431885,0.097968,0.011537,0.000233,99895.0000,-0.014001,-0.118947,0.992802,0.195667,0.973377,0.119379,-0.980570,0.195930,0.009645,,,0.000000,,,,0.00,,,
18439,,,,,,,,,,,,,,9.733394,1.184144,0.068675,0.029467,0.007800,-0.007335,-0.887939,-0.032471,-0.433838,0.097334,0.011839,0.000672,,-0.013697,-0.119060,0.992793,0.195639,0.973376,0.119430,-0.980580,0.195865,0.009961,,,0.000000,,,,0.00,,,
18440,,,,,,,,,,,,,,9.700328,1.201007,0.197622,-0.091666,0.052478,-0.036866,-0.885986,-0.023926,-0.434082,0.097004,0.012007,0.001964,99896.0000,-0.013568,-0.119158,0.992783,0.195703,0.973355,0.119501,-0.980569,0.195912,0.010113,,,0.000000,,,,0.00,,,
18441,,,,,,,,,,,,,,9.838376,1.084998,-0.069838,0.148584,-0.130160,0.083611,-0.885742,-0.030273,-0.438477,0.098384,0.010850,-0.000711,,-0.013304,-0.119214,0.992779,0.195749,0.973345,0.119503,-0.980564,0.195926,0.010386,,,0.000000,,,,0.00,,,
18442,,,,,,,,,,,,,,9.973866,1.067721,-0.207093,0.283099,-0.190034,0.214509,-0.892090,-0.032471,-0.440674,0.099738,0.010676,-0.002103,99899.0000,-0.012584,-0.119272,0.992782,0.195598,0.973386,0.119421,-0.980603,0.195689,0.011081,,,0.000000,,,,0.00,,,
18443,,,,,,,,,,,,,,9.956395,1.193489,-0.054798,0.166358,-0.037477,0.213684,-0.890137,-0.030273,-0.440674,0.099564,0.011934,-0.000594,,-0.011641,-0.119479,0.992769,0.195338,0.973435,0.119442,-0.980667,0.195316,0.012007,,,0.000000,,,,0.00,,,
18444,,,,,,,,,,,,,,9.934307,1.128917,-0.032259,0.142862,-0.095431,0.184133,-0.885742,-0.030273,-0.440674,0.099342,0.011293,-0.000383,99894.0000,-0.010337,-0.119693,0.992757,0.194918,0.973524,0.119404,-0.980765,0.194740,0.013267,,,0.000000,,,,0.00,,,
18445,,,,,,,,,,,,,,9.786746,1.186221,0.118162,0.020762,0.005420,0.046370,-0.885986,-0.028320,-0.436279,0.097868,0.011865,0.001115,,-0.008928,-0.119907,0.992745,0.194557,0.973604,0.119344,-0.980851,0.194211,0.014637,,,0.000000,,,,0.00,,,
18446,,,,,,,,,,,,,,9.795320,1.131516,0.155332,-0.013262,-0.043320,0.048888,-0.885986,-0.026123,-0.447266,0.097954,0.011316,0.001484,99894.0000,-0.007528,-0.120100,0.992733,0.194255,0.973674,0.119268,-0.980922,0.193741,0.016000,,,0.000000,,,,0.00,,,
18447,,,,,,,,,,,,,,9.785157,1.122234,0.101928,0.051618,-0.064160,0.036795,-0.890137,-0.032471,-0.442871,0.097852,0.011223,0.000945,,-0.006003,-0.120392,0.992708,0.194046,0.973716,0.119262,-0.980974,0.193347,0.017516,,,0.000000,,,,0.00,,,
18448,,,,,,,,,,,,,,9.689190,1.118804,0.219455,-0.048383,-0.035775,-0.056835,-0.883545,-0.032471,-0.442627,0.096894,0.011186,0.002118,99892.0000,-0.004359,-0.120679,0.992682,0.193765,0.973776,0.119231,-0.981038,0.192866,0.019139,,,0.000000,,,,0.00,,,
18449,,,,,,,,,,,,,,9.671344,1.268239,0.304942,-0.088390,0.124801,-0.054977,-0.885986,-0.028320,-0.442871,0.096716,0.012678,0.002975,,-0.002832,-0.121062,0.992641,0.193583,0.973801,0.119316,-0.981080,0.192497,0.020678,,,0.000000,,,,0.00,,,
18450,,,,,,,,,,,,,,9.881080,1.262672,0.079412,0.144770,0.047829,0.147891,-0.885986,-0.028320,-0.447266,0.098811,0.012628,0.000720,99894.0000,-0.001425,-0.121287,0.992616,0.193388,0.973846,0.119271,-0.981121,0.192130,0.022068,,,0.000000,,,,0.00,,,
18451,,,,,,,,,,,,,,9.726240,1.220163,0.280733,-0.045303,0.061369,-0.006490,-0.883545,-0.032471,-0.449463,0.097264,0.012206,0.002726,,0.000273,-0.121523,0.992589,0.193136,0.973907,0.119183,-0.981172,0.191672,0.023737,,,0.000000,,,,0.00,,,
18452,,,,,,,,,,,,,,9.834998,1.245366,0.242550,0.012662,0.063818,0.103597,-0.883545,-0.032471,-0.456055,0.098351,0.012461,0.002349,99901.0000,0.001852,-0.121639,0.992573,0.192936,0.973969,0.118999,-0.981210,0.191283,0.025272,,,0.000000,,,,0.00,,,
18453,,,,,,,,,,,,,,9.937545,1.138690,0.083286,0.165171,-0.084646,0.188506,-0.876953,-0.034424,-0.458252,0.099375,0.011396,0.000745,,0.003655,-0.121814,0.992546,0.192781,0.974020,0.118831,-0.981235,0.190909,0.027043,,,0.000000,,,,0.00,,,
18454,,,,,,,,,,,,,,9.891818,1.153774,0.106062,0.166294,-0.063295,0.145164,-0.879150,-0.032471,-0.456055,0.098918,0.011545,0.000960,99897.0000,0.005897,-0.122185,0.992490,0.192552,0.974072,0.118774,-0.981269,0.190406,0.029271,,,0.000000,,,,0.00,,,
18455,,,,,,,,,,,,,,9.956997,1.113509,0.141372,0.145562,-0.106399,0.205752,-0.877197,-0.030273,-0.458252,0.099571,0.011143,0.001302,,0.008159,-0.122462,0.992440,0.192517,0.974098,0.118616,-0.981260,0.190094,0.031524,,,0.000000,,,,0.00,,,
18456,,,,,,,,,,,,,,10.403216,1.068745,-0.236921,0.538305,-0.280783,0.630328,-0.875000,-0.030273,-0.460449,0.104029,0.010689,-0.002517,99901.0000,0.011021,-0.122993,0.992346,0.192614,0.974082,0.118590,-0.981213,0.189833,0.034425,,,0.000000,,,,0.00,,,
