// Start Time: Unknown
// Update Rate: 100.0Hz
// Filter Profile: human (46.1)
// Firmware Version: 4.6.0
PacketCounter,SampleTimeFine,Year,Month,Day,Second,UTC_Nano,UTC_Year,UTC_Month,UTC_Day,UTC_Hour,UTC_Minute,UTC_Second,UTC_Valid,Acc_X,Acc_Y,Acc_Z,FreeAcc_X,FreeAcc_Y,FreeAcc_Z,Mag_X,Mag_Y,Mag_Z,VelInc_X,VelInc_Y,VelInc_Z,Pressure,Mat[1][1],Mat[2][1],Mat[3][1],Mat[1][2],Mat[2][2],Mat[3][2],Mat[1][3],Mat[2][3],Mat[3][3],Latitude,Longitude,Altitude,Vel_X,Vel_Y,Vel_Z,Temperature,GyrTemp_X,GyrTemp_Y,GyrTemp_Z
61797,,,,,,,,,,,,,,9.785639,-0.627424,0.338348,0.000000,0.000000,-0.001119,-0.991211,0.269531,-0.058838,0.097857,-0.006272,0.003380,,0.066995,-0.028019,0.997360,0.993036,0.098964,-0.063925,-0.096912,0.994696,0.034454,,,0.000000,,,,0.00,,,
61798,,,,,,,,,,,,,,9.783071,-0.621133,0.290450,-0.000165,-0.024665,-0.005647,-0.991211,0.269531,-0.058838,0.097831,-0.006210,0.002903,99718.0000,0.066672,-0.023571,0.997496,0.989248,0.131980,-0.063002,-0.130165,0.990972,0.032117,,,0.000000,,,,0.00,,,
61799,,,,,,,,,,,,,,9.783032,-0.621649,0.290685,-0.000165,-0.024665,-0.005647,-0.995850,0.273926,-0.063232,0.097831,-0.006213,0.002906,,0.066751,-0.023583,0.997491,0.989233,0.132055,-0.063077,-0.130236,0.990962,0.032144,,,0.000000,,,,0.00,,,
61800,,,,,,,,,,,,,,9.750637,-0.633552,0.315821,-0.016525,0.000145,-0.036401,-0.995605,0.267334,-0.065186,0.097507,-0.006332,0.003156,99725.0000,0.066833,-0.023516,0.997487,0.989227,0.132059,-0.063166,-0.130242,0.990963,0.032089,,,0.000000,,,,0.00,,,
61801,,,,,,,,,,,,,,9.784201,-0.626179,0.315402,-0.006384,-0.000266,-0.003400,-0.993408,0.267334,-0.058838,0.097842,-0.006260,0.003153,,0.066879,-0.023519,0.997484,0.989215,0.132128,-0.063209,-0.130309,0.990954,0.032102,,,0.000000,,,,0.00,,,
61802,,,,,,,,,,,,,,9.817776,-0.618719,0.314827,0.003769,-0.000304,0.029601,-0.993408,0.271729,-0.063232,0.098178,-0.006185,0.003148,99720.0000,0.066926,-0.023479,0.997482,0.989208,0.132154,-0.063261,-0.130336,0.990951,0.032070,,,0.000000,,,,0.00,,,
61803,,,,,,,,,,,,,,9.784139,-0.627042,0.315591,-0.006372,0.000106,-0.003400,-1.000000,0.269531,-0.065186,0.097842,-0.006268,0.003155,,0.066972,-0.023483,0.997478,0.989197,0.132223,-0.063304,-0.130403,0.990942,0.032084,,,0.000000,,,,0.00,,,
61804,,,,,,,,,,,,,,9.782841,-0.624222,0.291584,-0.000014,-0.023448,-0.005644,-0.993408,0.267334,-0.063232,0.097829,-0.006239,0.002915,99725.0000,0.067036,-0.023496,0.997474,0.989185,0.132280,-0.063363,-0.130457,0.990934,0.032109,,,0.000000,,,,0.00,,,
61805,,,,,,,,,,,,,,9.817672,-0.620172,0.315230,0.003773,-0.000392,0.029601,-0.993408,0.271729,-0.058838,0.098177,-0.006200,0.003151,,0.067083,-0.023503,0.997471,0.989175,0.132335,-0.063407,-0.130510,0.990926,0.032126,,,0.000000,,,,0.00,,,
61806,,,,,,,,,,,,,,9.795724,-0.604516,0.294089,0.020947,-0.018183,0.006038,-0.997803,0.267334,-0.063232,0.097957,-0.006044,0.002940,99713.0000,0.067117,-0.023447,0.997470,0.989170,0.132355,-0.063448,-0.130532,0.990925,0.032076,,,0.000000,,,,0.00,,,
61807,,,,,,,,,,,,,,9.784002,-0.628849,0.316240,-0.006355,0.000727,-0.003400,-0.995605,0.271729,-0.061035,0.097840,-0.006286,0.003162,,0.067177,-0.023443,0.997466,0.989155,0.132439,-0.063505,-0.130614,0.990914,0.032086,,,0.000000,,,,0.00,,,
61808,,,,,,,,,,,,,,9.794397,-0.602078,0.270356,0.027301,-0.041220,0.003797,-0.995605,0.271729,-0.061035,0.097944,-0.006019,0.002701,99713.0000,0.067218,-0.023441,0.997463,0.989154,0.132427,-0.063546,-0.130602,0.990916,0.032088,,,0.000000,,,,0.00,,,
61809,,,,,,,,,,,,,,9.798135,-0.612421,0.343259,0.008241,0.029178,0.010521,-0.997803,0.267334,-0.065186,0.097982,-0.006122,0.003430,,0.067269,-0.023473,0.997459,0.989141,0.132504,-0.063590,-0.130675,0.990904,0.032132,,,0.000000,,,,0.00,,,
61810,,,,,,,,,,,,,,9.776183,-0.596899,0.322127,0.025371,0.010865,-0.013042,-0.995850,0.273926,-0.067383,0.097762,-0.005966,0.003221,99718.0000,0.067324,-0.023440,0.997456,0.989129,0.132565,-0.063647,-0.130736,0.990897,0.032110,,,0.000000,,,,0.00,,,
61811,,,,,,,,,,,,,,9.785109,-0.634004,0.341384,-0.012739,0.024812,-0.001159,-0.993408,0.269531,-0.065186,0.097851,-0.006338,0.003413,,0.067372,-0.023447,0.997452,0.989119,0.132620,-0.063691,-0.130788,0.990890,0.032127,,,0.000000,,,,0.00,,,
61812,,,,,,,,,,,,,,9.796775,-0.610545,0.319489,0.014512,0.005373,0.008280,-0.995605,0.271729,-0.069580,0.097968,-0.006103,0.003195,99713.0000,0.067413,-0.023497,0.997448,0.989110,0.132670,-0.063724,-0.130834,0.990882,0.032185,,,0.000000,,,,0.00,,,
61813,,,,,,,,,,,,,,9.796737,-0.611136,0.319514,0.014512,0.005373,0.008280,-1.000000,0.265137,-0.063232,0.097968,-0.006108,0.003195,,0.067489,-0.023484,0.997444,0.989098,0.132722,-0.063799,-0.130884,0.990875,0.032185,,,0.000000,,,,0.00,,,
61814,,,,,,,,,,,,,,9.795439,-0.608414,0.295515,0.020762,-0.018726,0.006037,-0.997803,0.265137,-0.063232,0.097955,-0.006082,0.002954,99718.0000,0.067529,-0.023569,0.997439,0.989086,0.132797,-0.063825,-0.130953,0.990863,0.032280,,,0.000000,,,,0.00,,,
61815,,,,,,,,,,,,,,9.782435,-0.629528,0.293780,-0.000187,-0.023281,-0.005644,-1.000000,0.265137,-0.065186,0.097825,-0.006292,0.002935,,0.067600,-0.023610,0.997433,0.989077,0.132832,-0.063889,-0.130982,0.990857,0.032332,,,0.000000,,,,0.00,,,
61816,,,,,,,,,,,,,,9.815992,-0.622355,0.293458,0.009800,-0.023842,0.027358,-0.997803,0.271729,-0.065430,0.098160,-0.006220,0.002934,99713.0000,0.067664,-0.023630,0.997428,0.989067,0.132878,-0.063949,-0.131025,0.990851,0.032363,,,0.000000,,,,0.00,,,
61817,,,,,,,,,,,,,,9.788855,-0.580270,0.325722,0.046012,0.014110,-0.001359,-0.997803,0.267334,-0.065186,0.097889,-0.005800,0.003255,,0.067718,-0.023671,0.997424,0.989058,0.132926,-0.063996,-0.131069,0.990843,0.032413,,,0.000000,,,,0.00,,,
61818,,,,,,,,,,,,,,9.802924,-0.644232,0.292108,-0.011106,-0.028616,0.015676,-0.995605,0.269531,-0.063232,0.098030,-0.006438,0.002919,99713.0000,0.067822,-0.023719,0.997415,0.989042,0.132999,-0.064090,-0.131135,0.990832,0.032480,,,0.000000,,,,0.00,,,
61819,,,,,,,,,,,,,,9.775769,-0.602297,0.324632,0.025106,0.009337,-0.013040,-0.995605,0.269531,-0.061035,0.097758,-0.006020,0.003242,,0.067897,-0.023785,0.997409,0.989030,0.133056,-0.064154,-0.131186,0.990823,0.032558,,,0.000000,,,,0.00,,,
61820,,,,,,,,,,,,,,9.782147,-0.632898,0.296131,-0.000408,-0.023146,-0.005643,-0.997803,0.271729,-0.063232,0.097822,-0.006326,0.002959,99718.0000,0.067954,-0.023767,0.997405,0.989019,0.133108,-0.064210,-0.131236,0.990817,0.032552,,,0.000000,,,,0.00,,,
61821,,,,,,,,,,,,,,9.816968,-0.628798,0.320030,0.003379,-0.000088,0.029601,-0.993408,0.271729,-0.065430,0.098170,-0.006286,0.003199,,0.067990,-0.023796,0.997402,0.989012,0.133151,-0.064241,-0.131276,0.990810,0.032588,,,0.000000,,,,0.00,,,
61822,,,,,,,,,,,,,,9.742014,-0.611738,0.326568,0.015025,0.010374,-0.046042,-0.993408,0.269531,-0.061035,0.097420,-0.006114,0.003265,99719.0000,0.068087,-0.023789,0.997396,0.989000,0.133190,-0.064337,-0.131313,0.990805,0.032596,,,0.000000,,,,0.00,,,
61823,,,,,,,,,,,,,,9.809205,-0.596687,0.325235,0.035308,0.009557,0.019961,-0.998047,0.273926,-0.063232,0.098092,-0.005964,0.003253,,0.068142,-0.023756,0.997393,0.988986,0.133266,-0.064393,-0.131389,0.990796,0.032576,,,0.000000,,,,0.00,,,
61824,,,,,,,,,,,,,,9.783236,-0.638266,0.321043,-0.006637,0.000989,-0.003400,-0.997803,0.269531,-0.065186,0.097833,-0.006381,0.003209,99719.0000,0.068174,-0.023735,0.997391,0.988982,0.133280,-0.064428,-0.131403,0.990794,0.032559,,,0.000000,,,,0.00,,,
61825,,,,,,,,,,,,,,9.784464,-0.641772,0.345327,-0.012989,0.024456,-0.001158,-0.989014,0.269531,-0.065186,0.097845,-0.006417,0.003454,,0.068184,-0.023715,0.997391,0.988973,0.133339,-0.064438,-0.131463,0.990787,0.032545,,,0.000000,,,,0.00,,,
61826,,,,,,,,,,,,,,9.794925,-0.615001,0.298906,0.020353,-0.018128,0.006039,-0.993408,0.265137,-0.063232,0.097949,-0.006147,0.002991,99718.0000,0.068220,-0.023686,0.997389,0.988960,0.133418,-0.064475,-0.131543,0.990777,0.032526,,,0.000000,,,,0.00,,,
61827,,,,,,,,,,,,,,9.794895,-0.615568,0.298739,0.020355,-0.018128,0.006039,-0.997803,0.267334,-0.061035,0.097949,-0.006154,0.002987,,0.068265,-0.023679,0.997386,0.988951,0.133469,-0.064519,-0.131592,0.990770,0.032528,,,0.000000,,,,0.00,,,
61828,,,,,,,,,,,,,,9.794864,-0.616001,0.298833,0.019386,-0.017755,0.006042,-0.989014,0.271729,-0.067383,0.097949,-0.006158,0.002987,99715.0000,0.068214,-0.023649,0.997390,0.988948,0.133515,-0.064471,-0.131642,0.990765,0.032495,,,0.000000,,,,0.00,,,
61829,,,,,,,,,,,,,,9.796078,-0.619731,0.323158,0.013031,0.005712,0.008282,-0.993408,0.267334,-0.063232,0.097961,-0.006195,0.003231,,0.068261,-0.023656,0.997387,0.988937,0.133569,-0.064515,-0.131694,0.990757,0.032512,,,0.000000,,,,0.00,,,
61830,,,,,,,,,,,,,,9.776656,-0.610714,0.350049,0.017358,0.033944,-0.010797,-0.997803,0.265137,-0.063232,0.097767,-0.006105,0.003502,99713.0000,0.068286,-0.023636,0.997386,0.988927,0.133635,-0.064540,-0.131760,0.990749,0.032499,,,0.000000,,,,0.00,,,
61831,,,,,,,,,,,,,,9.761176,-0.625021,0.299357,0.009118,-0.017545,-0.026961,-0.993408,0.267334,-0.058838,0.097612,-0.006249,0.002994,,0.068310,-0.023609,0.997385,0.988915,0.133709,-0.064565,-0.131835,0.990739,0.032481,,,0.000000,,,,0.00,,,
61832,,,,,,,,,,,,,,9.761178,-0.625161,0.298993,0.008183,-0.016991,-0.026960,-0.995605,0.271729,-0.058838,0.097612,-0.006251,0.002993,99723.0000,0.068212,-0.023490,0.997394,0.988908,0.133801,-0.064481,-0.131938,0.990730,0.032356,,,0.000000,,,,0.00,,,
61833,,,,,,,,,,,,,,9.794801,-0.617549,0.297707,0.018310,-0.017394,0.006044,-0.991211,0.267334,-0.069580,0.097948,-0.006173,0.002980,,0.068245,-0.023414,0.997394,0.988904,0.133816,-0.064523,-0.131956,0.990730,0.032287,,,0.000000,,,,0.00,,,
61834,,,,,,,,,,,,,,9.783073,-0.641788,0.318982,-0.009142,0.001528,-0.003402,-0.998047,0.273926,-0.065430,0.097831,-0.006416,0.003194,99723.0000,0.068256,-0.023318,0.997395,0.988890,0.133906,-0.064543,-0.132052,0.990720,0.032198,,,0.000000,,,,0.00,,,
61835,,,,,,,,,,,,,,9.834828,-0.640410,0.266606,0.002880,-0.050770,0.046443,-0.995605,0.267334,-0.058838,0.098348,-0.006403,0.002668,,0.068276,-0.023277,0.997395,0.988879,0.133976,-0.064567,-0.132124,0.990711,0.032165,,,0.000000,,,,0.00,,,
61836,,,,,,,,,,,,,,9.775400,-0.609121,0.323006,0.022497,0.011542,-0.013036,-0.991211,0.269531,-0.067383,0.097754,-0.006089,0.003232,99723.0000,0.068306,-0.023189,0.997395,0.988879,0.133956,-0.064608,-0.132109,0.990716,0.032081,,,0.000000,,,,0.00,,,
61837,,,,,,,,,,,,,,9.677061,-0.639496,0.372506,-0.020610,0.059687,-0.107574,-0.997803,0.267334,-0.061035,0.096770,-0.006394,0.003732,,0.068305,-0.023039,0.997398,0.988868,0.134025,-0.064625,-0.132188,0.990710,0.031937,,,0.000000,,,,0.00,,,
61838,,,,,,,,,,,,,,9.794849,-0.618869,0.293364,0.017650,-0.016993,0.006046,-0.997803,0.269531,-0.069580,0.097948,-0.006190,0.002945,99718.0000,0.068218,-0.022822,0.997409,0.988859,0.134123,-0.064564,-0.132302,0.990702,0.031717,,,0.000000,,,,0.00,,,
61839,,,,,,,,,,,,,,9.770231,-0.663100,0.311056,-0.030601,-0.002641,-0.015089,-0.997803,0.265137,-0.065186,0.097702,-0.006632,0.003122,,0.068170,-0.022592,0.997418,0.988855,0.134166,-0.064546,-0.132361,0.990701,0.031486,,,0.000000,,,,0.00,,,
61840,,,,,,,,,,,,,,9.858418,-0.593149,0.215109,0.056408,-0.088934,0.065340,-0.995605,0.269531,-0.063232,0.098584,-0.005931,0.002161,99721.0000,0.068100,-0.022456,0.997426,0.988838,0.134318,-0.064489,-0.132524,0.990684,0.031352,,,0.000000,,,,0.00,,,
61841,,,,,,,,,,,,,,9.795039,-0.618594,0.287546,0.017076,-0.017732,0.006046,-0.997803,0.267334,-0.061035,0.097950,-0.006187,0.002880,,0.068065,-0.022365,0.997430,0.988839,0.134321,-0.064467,-0.132534,0.990685,0.031258,,,0.000000,,,,0.00,,,
61842,,,,,,,,,,,,,,9.806779,-0.594728,0.264318,0.043906,-0.036303,0.015498,-0.997803,0.271729,-0.058838,0.098068,-0.005946,0.002650,99718.0000,0.068017,-0.022181,0.997438,0.988832,0.134385,-0.064441,-0.132611,0.990681,0.031074,,,0.000000,,,,0.00,,,
61843,,,,,,,,,,,,,,9.668336,-0.669447,0.432757,-0.062043,0.125015,-0.112549,-0.995605,0.271729,-0.054688,0.096683,-0.006696,0.004335,,0.067955,-0.022036,0.997445,0.988836,0.134371,-0.064400,-0.132608,0.990686,0.030921,,,0.000000,,,,0.00,,,
61844,,,,,,,,,,,,,,9.795236,-0.617915,0.282235,0.016659,-0.016149,0.006049,-0.997803,0.267334,-0.063232,0.097952,-0.006183,0.002842,99723.0000,0.067842,-0.021516,0.997464,0.988818,0.134525,-0.064352,-0.132800,0.990677,0.030402,,,0.000000,,,,0.00,,,
61845,,,,,,,,,,,,,,9.827696,-0.606082,0.254075,0.033131,-0.040011,0.036820,-1.000000,0.265137,-0.061035,0.098276,-0.006065,0.002554,,0.067729,-0.021260,0.997477,0.988830,0.134476,-0.064275,-0.132770,0.990689,0.030131,,,0.000000,,,,0.00,,,
61846,,,,,,,,,,,,,,9.816130,-0.629266,0.273449,0.004916,-0.021062,0.027368,-0.991211,0.267334,-0.058838,0.098161,-0.006296,0.002748,99724.0000,0.067543,-0.020979,0.997496,0.988822,0.134605,-0.064125,-0.132923,0.990677,0.029837,,,0.000000,,,,0.00,,,
61847,,,,,,,,,,,,,,9.829206,-0.608242,0.273086,0.025842,-0.016500,0.039058,-0.997803,0.267334,-0.058838,0.098292,-0.006084,0.002742,,0.067480,-0.020763,0.997505,0.988816,0.134666,-0.064089,-0.132999,0.990673,0.029618,,,0.000000,,,,0.00,,,
61848,,,,,,,,,,,,,,9.838310,-0.577567,0.200932,0.065313,-0.081775,0.044054,-0.995605,0.265137,-0.063232,0.098383,-0.005777,0.002016,99721.0000,0.067380,-0.020570,0.997515,0.988816,0.134700,-0.064015,-0.133049,0.990673,0.029416,,,0.000000,,,,0.00,,,
61849,,,,,,,,,,,,,,9.838339,-0.577403,0.199984,0.065292,-0.081766,0.044054,-0.993408,0.267334,-0.063232,0.098383,-0.005774,0.002003,,0.067366,-0.020514,0.997517,0.988813,0.134731,-0.064007,-0.133083,0.990670,0.029360,,,0.000000,,,,0.00,,,
61850,,,,,,,,,,,,,,9.723458,-0.604527,0.325374,0.013272,0.041508,-0.065121,-0.991211,0.271729,-0.063232,0.097235,-0.006045,0.003257,99718.0000,0.067294,-0.020468,0.997523,0.988804,0.134824,-0.063940,-0.133182,0.990658,0.029311,,,0.000000,,,,0.00,,,
61851,,,,,,,,,,,,,,9.776420,-0.606246,0.296451,0.018900,0.012685,-0.013030,-0.993408,0.269531,-0.061035,0.097764,-0.006062,0.002973,,0.067283,-0.020287,0.997528,0.988787,0.134948,-0.063949,-0.133317,0.990645,0.029140,,,0.000000,,,,0.00,,,
61852,,,,,,,,,,,,,,9.893951,-0.585924,0.217544,0.057740,-0.063877,0.100611,-1.000000,0.267334,-0.056885,0.098940,-0.005857,0.002179,99718.0000,0.067337,-0.020200,0.997526,0.988774,0.135016,-0.064012,-0.133389,0.990638,0.029065,,,0.000000,,,,0.00,,,
61853,,,,,,,,,,,,,,9.784083,-0.640198,0.289864,-0.012646,0.003160,-0.003406,-0.997803,0.267334,-0.063232,0.097841,-0.006400,0.002899,,0.067377,-0.020179,0.997524,0.988765,0.135062,-0.064053,-0.133435,0.990632,0.029052,,,0.000000,,,,0.00,,,
61854,,,,,,,,,,,,,,9.873268,-0.574249,0.219818,0.067684,-0.058495,0.079304,-0.993408,0.265137,-0.063232,0.098733,-0.005738,0.002199,99715.0000,0.067376,-0.020107,0.997525,0.988752,0.135155,-0.064059,-0.133532,0.990620,0.028987,,,0.000000,,,,0.00,,,
61855,,,,,,,,,,,,,,9.816264,-0.630599,0.265418,0.002950,-0.020283,0.027370,-1.000000,0.271729,-0.058838,0.098163,-0.006302,0.002648,,0.067478,-0.020229,0.997516,0.988744,0.135167,-0.064144,-0.133534,0.990616,0.029122,,,0.000000,,,,0.00,,,
61856,,,,,,,,,,,,,,9.787913,-0.585293,0.274164,0.044990,-0.005525,-0.003563,-1.000000,0.271729,-0.056885,0.097879,-0.005850,0.002738,99714.0000,0.067496,-0.020256,0.997514,0.988737,0.135212,-0.064157,-0.133576,0.990610,0.029154,,,0.000000,,,,0.00,,,
61857,,,,,,,,,,,,,,9.782488,-0.639991,0.268315,-0.007740,-0.019604,-0.005639,-0.997803,0.271729,-0.058838,0.097825,-0.006395,0.002675,,0.067617,-0.020399,0.997503,0.988726,0.135248,-0.064256,-0.133600,0.990602,0.029314,,,0.000000,,,,0.00,,,
61858,,,,,,,,,,,,,,9.786428,-0.583819,0.252268,0.051188,-0.027913,-0.005789,-0.995850,0.273926,-0.061035,0.097865,-0.005834,0.002519,99714.0000,0.067708,-0.020346,0.997498,0.988716,0.135278,-0.064352,-0.133630,0.990599,0.029276,,,0.000000,,,,0.00,,,
61859,,,,,,,,,,,,,,9.796601,-0.624660,0.296730,0.006692,0.009515,0.008285,-0.991211,0.269531,-0.063232,0.097967,-0.006241,0.002960,,0.067839,-0.020463,0.997486,0.988700,0.135339,-0.064465,-0.133680,0.990588,0.029413,,,0.000000,,,,0.00,,,
61860,,,,,,,,,,,,,,9.808178,-0.601957,0.275830,0.034199,-0.009266,0.017752,-0.997803,0.271729,-0.056885,0.098082,-0.006014,0.002753,99718.0000,0.067988,-0.020536,0.997475,0.988681,0.135412,-0.064601,-0.133744,0.990576,0.029510,,,0.000000,,,,0.00,,,
61861,,,,,,,,,,,,,,9.830011,-0.618997,0.298439,0.017007,0.009253,0.041294,-0.997803,0.271729,-0.067383,0.098301,-0.006185,0.002977,,0.068107,-0.020671,0.997464,0.988666,0.135478,-0.064699,-0.133797,0.990565,0.029663,,,0.000000,,,,0.00,,,
61862,,,,,,,,,,,,,,9.838986,-0.589757,0.229753,0.056877,-0.056348,0.046310,-0.995605,0.269531,-0.058838,0.098390,-0.005892,0.002288,99720.0000,0.068238,-0.020822,0.997452,0.988648,0.135558,-0.064806,-0.133863,0.990551,0.029836,,,0.000000,,,,0.00,,,
61863,,,,,,,,,,,,,,9.762503,-0.636859,0.303788,-0.003366,0.010282,-0.024725,-0.995605,0.265137,-0.063232,0.097626,-0.006363,0.003027,,0.068391,-0.021032,0.997437,0.988638,0.135568,-0.064929,-0.133855,0.990545,0.030064,,,0.000000,,,,0.00,,,
61864,,,,,,,,,,,,,,9.776645,-0.620802,0.332177,0.010165,0.038711,-0.010804,-0.993408,0.267334,-0.061035,0.097767,-0.006202,0.003311,99719.0000,0.068445,-0.021177,0.997430,0.988624,0.135655,-0.064961,-0.133931,0.990530,0.030221,,,0.000000,,,,0.00,,,
61865,,,,,,,,,,,,,,9.711830,-0.644044,0.383699,-0.022785,0.086434,-0.072376,-0.993408,0.267334,-0.061035,0.097119,-0.006435,0.003830,,0.068565,-0.021299,0.997419,0.988618,0.135654,-0.065063,-0.133918,0.990527,0.030358,,,0.000000,,,,0.00,,,
61866,,,,,,,,,,,,,,9.760875,-0.636781,0.283990,0.001008,-0.012464,-0.026949,-0.993408,0.269531,-0.061035,0.097609,-0.006365,0.002842,99718.0000,0.068518,-0.021214,0.997424,0.988600,0.135801,-0.065024,-0.134072,0.990509,0.030277,,,0.000000,,,,0.00,,,
61867,,,,,,,,,,,,,,9.788139,-0.599469,0.312179,0.036503,0.020137,-0.001329,-0.997803,0.267334,-0.063232,0.097882,-0.005991,0.003121,,0.068582,-0.021219,0.997420,0.988597,0.135794,-0.065086,-0.134062,0.990510,0.030290,,,0.000000,,,,0.00,,,
61868,,,,,,,,,,,,,,9.795731,-0.633281,0.307013,0.003935,0.010755,0.008286,-1.000000,0.265137,-0.061035,0.097957,-0.006331,0.003074,99718.0000,0.068527,-0.021120,0.997426,0.988584,0.135906,-0.065042,-0.134183,0.990497,0.030192,,,0.000000,,,,0.00,,,
61869,,,,,,,,,,,,,,9.793145,-0.627206,0.258309,0.016617,-0.036170,0.003841,-0.989014,0.271729,-0.065186,0.097932,-0.006270,0.002583,,0.068571,-0.021109,0.997423,0.988581,0.135908,-0.065086,-0.134184,0.990496,0.030188,,,0.000000,,,,0.00,,,
61870,,,,,,,,,,,,,,9.817597,-0.650042,0.328021,-0.013973,0.029158,0.031820,-0.993408,0.271729,-0.058838,0.098176,-0.006499,0.003280,99715.0000,0.068528,-0.021119,0.997426,0.988568,0.136028,-0.065039,-0.134305,0.990480,0.030199,,,0.000000,,,,0.00,,,
61871,,,,,,,,,,,,,,9.826723,-0.620069,0.257931,0.025999,-0.036675,0.036855,-0.997803,0.269531,-0.065186,0.098267,-0.006199,0.002576,,0.068568,-0.021174,0.997422,0.988565,0.136032,-0.065071,-0.134303,0.990478,0.030259,,,0.000000,,,,0.00,,,
61872,,,,,,,,,,,,,,9.786732,-0.598212,0.288092,0.041034,-0.003064,-0.003545,-0.997803,0.267334,-0.061035,0.097868,-0.005979,0.002880,99717.0000,0.068600,-0.021152,0.997420,0.988548,0.136144,-0.065102,-0.134416,0.990463,0.030249,,,0.000000,,,,0.00,,,
61873,,,,,,,,,,,,,,9.806028,-0.608183,0.261550,0.036524,-0.031477,0.015545,-1.000000,0.267334,-0.061035,0.098060,-0.006080,0.002612,,0.068639,-0.021213,0.997416,0.988541,0.136181,-0.065132,-0.134447,0.990457,0.030318,,,0.000000,,,,0.00,,,
61874,,,,,,,,,,,,,,9.807265,-0.611879,0.286280,0.028773,-0.007550,0.017771,-0.993408,0.267334,-0.061035,0.098073,-0.006116,0.002861,99718.0000,0.068564,-0.021199,0.997421,0.988538,0.136237,-0.065058,-0.134507,0.990449,0.030297,,,0.000000,,,,0.00,,,
61875,,,,,,,,,,,,,,9.807210,-0.612487,0.286876,0.028725,-0.007540,0.017771,-0.993408,0.267334,-0.058838,0.098072,-0.006122,0.002865,,0.068633,-0.021260,0.997415,0.988524,0.136309,-0.065115,-0.134572,0.990438,0.030371,,,0.000000,,,,0.00,,,
61876,,,,,,,,,,,,,,9.791575,-0.627207,0.237390,0.019489,-0.058388,0.001633,-1.000000,0.269531,-0.063232,0.097916,-0.006269,0.002369,99720.0000,0.068608,-0.021289,0.997416,0.988520,0.136350,-0.065086,-0.134612,0.990432,0.030400,,,0.000000,,,,0.00,,,
61877,,,,,,,,,,,,,,9.774709,-0.624837,0.313759,0.011199,0.016980,-0.013024,-0.997803,0.267334,-0.056885,0.097748,-0.006244,0.003132,,0.068700,-0.021383,0.997408,0.988508,0.136401,-0.065162,-0.134654,0.990423,0.030508,,,0.000000,,,,0.00,,,
61878,,,,,,,,,,,,,,9.826337,-0.624099,0.262890,0.021961,-0.034472,0.036873,-0.991211,0.267334,-0.063232,0.098264,-0.006238,0.002624,99713.0000,0.068652,-0.021377,0.997412,0.988506,0.136443,-0.065115,-0.134698,0.990417,0.030499,,,0.000000,,,,0.00,,,
61879,,,,,,,,,,,,,,9.819929,-0.594791,0.293036,0.047307,-0.001466,0.029488,-0.997803,0.271729,-0.058838,0.098200,-0.005943,0.002923,,0.068763,-0.021496,0.997401,0.988491,0.136504,-0.065207,-0.134748,0.990406,0.030635,,,0.000000,,,,0.00,,,
61880,,,,,,,,,,,,,,9.821111,-0.598734,0.318542,0.040383,0.022571,0.031704,-0.993408,0.267334,-0.061035,0.098211,-0.005985,0.003179,99713.0000,0.068772,-0.021557,0.997399,0.988480,0.136582,-0.065205,-0.134821,0.990394,0.030702,,,0.000000,,,,0.00,,,
61881,,,,,,,,,,,,,,9.771826,-0.621442,0.270574,0.022005,-0.028517,-0.017450,-0.995605,0.267334,-0.061035,0.097719,-0.006208,0.002695,,0.068916,-0.021750,0.997385,0.988472,0.136588,-0.065321,-0.134810,0.990389,0.030912,,,0.000000,,,,0.00,,,
61882,,,,,,,,,,,,,,9.832645,-0.576891,0.299998,0.066390,0.004258,0.041210,-0.995605,0.269531,-0.058838,0.098327,-0.005764,0.002992,99723.0000,0.068912,-0.021835,0.997384,0.988462,0.136672,-0.065304,-0.134889,0.990376,0.031002,,,0.000000,,,,0.00,,,
61883,,,,,,,,,,,,,,9.765234,-0.593588,0.303645,0.046140,0.005054,-0.024829,-0.993408,0.269531,-0.058838,0.097653,-0.005929,0.003022,,0.069085,-0.022100,0.997366,0.988451,0.136685,-0.065439,-0.134878,0.990368,0.031287,,,0.000000,,,,0.00,,,
61884,,,,,,,,,,,,,,9.759641,-0.648657,0.299131,-0.007354,-0.007721,-0.026947,-0.991211,0.267334,-0.058838,0.097597,-0.006482,0.002982,99719.0000,0.069130,-0.022145,0.997362,0.988447,0.136697,-0.065477,-0.134886,0.990365,0.031339,,,0.000000,,,,0.00,,,
61885,,,,,,,,,,,,,,9.785557,-0.608746,0.305414,0.034413,0.001465,-0.003519,-0.997803,0.271729,-0.065430,0.097856,-0.006081,0.003042,,0.069293,-0.022361,0.997346,0.988436,0.136711,-0.065609,-0.134881,0.990359,0.031575,,,0.000000,,,,0.00,,,
61886,,,,,,,,,,,,,,9.774846,-0.636960,0.353800,0.000035,0.044334,-0.010823,-0.986816,0.271729,-0.063232,0.097749,-0.006364,0.003529,99719.0000,0.069357,-0.022475,0.997339,0.988419,0.136813,-0.065653,-0.134973,0.990342,0.031703,,,0.000000,,,,0.00,,,
61887,,,,,,,,,,,,,,9.797090,-0.587375,0.287296,0.060858,-0.016882,0.005995,-0.995605,0.269531,-0.058838,0.097972,-0.005868,0.002863,,0.069493,-0.022642,0.997325,0.988407,0.136842,-0.065765,-0.134987,0.990334,0.031889,,,0.000000,,,,0.00,,,
61888,,,,,,,,,,,,,,9.760321,-0.656409,0.331047,-0.014884,0.017208,-0.024745,-0.995605,0.267334,-0.065186,0.097604,-0.006560,0.003304,99717.0000,0.069567,-0.022678,0.997319,0.988401,0.136858,-0.065833,-0.134998,0.990331,0.031936,,,0.000000,,,,0.00,,,
61889,,,,,,,,,,,,,,9.830521,-0.581680,0.289666,0.070588,-0.016333,0.039020,-0.991211,0.267334,-0.063232,0.098306,-0.005810,0.002889,,0.069710,-0.022800,0.997307,0.988383,0.136923,-0.065956,-0.135051,0.990319,0.032080,,,0.000000,,,,0.00,,,
61890,,,,,,,,,,,,,,9.739480,-0.645684,0.336639,-0.005487,0.022150,-0.046051,-0.995605,0.269531,-0.061035,0.097395,-0.006453,0.003360,99713.0000,0.069673,-0.022928,0.997306,0.988374,0.137018,-0.065899,-0.135138,0.990303,0.032208,,,0.000000,,,,0.00,,,
61891,,,,,,,,,,,,,,9.784857,-0.615007,0.315146,0.031759,0.002946,-0.003510,-0.995605,0.271729,-0.065430,0.097849,-0.006146,0.003146,,0.069759,-0.023023,0.997298,0.988358,0.137101,-0.065969,-0.135212,0.990289,0.032319,,,0.000000,,,,0.00,,,
61892,,,,,,,,,,,,,,9.793539,-0.652413,0.335534,-0.007064,0.017375,0.008274,-1.000000,0.271729,-0.063232,0.097936,-0.006520,0.003351,99713.0000,0.069795,-0.023047,0.997295,0.988349,0.137154,-0.066000,-0.135262,0.990282,0.032351,,,0.000000,,,,0.00,,,
61893,,,,,,,,,,,,,,9.783480,-0.613566,0.292753,0.037316,-0.019988,-0.005707,-0.993408,0.269531,-0.067383,0.097835,-0.006131,0.002924,,0.069886,-0.023087,0.997288,0.988329,0.137254,-0.066081,-0.135356,0.990267,0.032409,,,0.000000,,,,0.00,,,
61894,,,,,,,,,,,,,,9.772767,-0.641359,0.339843,0.002925,0.022303,-0.013029,-0.993652,0.276123,-0.065430,0.097728,-0.006410,0.003394,99717.0000,0.069905,-0.023179,0.997284,0.988322,0.137306,-0.066086,-0.135402,0.990257,0.032507,,,0.000000,,,,0.00,,,
61895,,,,,,,,,,,,,,9.815771,-0.604278,0.269617,0.052865,-0.043838,0.025122,-0.995605,0.267334,-0.067383,0.098158,-0.006039,0.002692,,0.069981,-0.023233,0.997278,0.988301,0.137425,-0.066150,-0.135514,0.990240,0.032578,,,0.000000,,,,0.00,,,
61896,,,,,,,,,,,,,,9.773803,-0.646098,0.365845,-0.003771,0.045493,-0.010829,-0.991211,0.271729,-0.063232,0.097739,-0.006457,0.003653,99716.0000,0.070058,-0.023366,0.997269,0.988288,0.137494,-0.066205,-0.135571,0.990227,0.032725,,,0.000000,,,,0.00,,,
61897,,,,,,,,,,,,,,9.784380,-0.619866,0.320392,0.029753,0.003185,-0.003504,-0.997803,0.267334,-0.063232,0.097844,-0.006196,0.003201,,0.070115,-0.023399,0.997264,0.988271,0.137589,-0.066254,-0.135662,0.990213,0.032772,,,0.000000,,,,0.00,,,
61898,,,,,,,,,,,,,,9.770077,-0.637715,0.294790,0.014131,-0.024295,-0.017424,-0.995605,0.265137,-0.069580,0.097701,-0.006375,0.002944,99720.0000,0.070064,-0.023408,0.997268,0.988269,0.137632,-0.066201,-0.135706,0.990207,0.032777,,,0.000000,,,,0.00,,,
61899,,,,,,,,,,,,,,9.804866,-0.633734,0.319050,0.017719,-0.001122,0.017800,-0.995605,0.269531,-0.061035,0.098049,-0.006334,0.003187,,0.070124,-0.023459,0.997262,0.988253,0.137717,-0.066251,-0.135785,0.990194,0.032840,,,0.000000,,,,0.00,,,
61900,,,,,,,,,,,,,,9.750556,-0.629288,0.322981,0.016756,0.004074,-0.036524,-0.993408,0.269531,-0.061035,0.097506,-0.006289,0.003228,99718.0000,0.070027,-0.023497,0.997268,0.988246,0.137820,-0.066147,-0.135890,0.990179,0.032872,,,0.000000,,,,0.00,,,
61901,,,,,,,,,,,,,,9.797201,-0.601747,0.324935,0.047593,0.008342,0.008234,-1.002197,0.267334,-0.061035,0.097972,-0.006014,0.003246,,0.070086,-0.023541,0.997263,0.988235,0.137872,-0.066197,-0.135936,0.990170,0.032927,,,0.000000,,,,0.00,,,
61902,,,,,,,,,,,,,,9.784084,-0.622899,0.323512,0.024837,0.005112,-0.003491,-0.997803,0.269531,-0.063232,0.097841,-0.006226,0.003232,99717.0000,0.069969,-0.023464,0.997273,0.988249,0.137827,-0.066093,-0.135901,0.990178,0.032831,,,0.000000,,,,0.00,,,
61903,,,,,,,,,,,,,,9.803432,-0.633156,0.297185,0.020166,-0.023205,0.015615,-0.998047,0.273926,-0.065430,0.098035,-0.006329,0.002970,,0.070022,-0.023488,0.997269,0.988237,0.137888,-0.066140,-0.135958,0.990169,0.032867,,,0.000000,,,,0.00,,,
61904,,,,,,,,,,,,,,9.782785,-0.620862,0.300506,0.030362,-0.017825,-0.005679,-0.998047,0.273926,-0.061035,0.097828,-0.006206,0.003001,99714.0000,0.070012,-0.023512,0.997269,0.988234,0.137914,-0.066126,-0.135983,0.990165,0.032891,,,0.000000,,,,0.00,,,
61905,,,,,,,,,,,,,,9.804500,-0.637506,0.322753,0.012978,0.000805,0.017808,-0.995605,0.267334,-0.063232,0.098045,-0.006371,0.003224,,0.070086,-0.023566,0.997263,0.988222,0.137970,-0.066191,-0.136033,0.990156,0.032958,,,0.000000,,,,0.00,,,
61906,,,,,,,,,,,,,,9.783839,-0.625372,0.326149,0.022827,0.006843,-0.003487,-0.995605,0.267334,-0.063232,0.097839,-0.006251,0.003258,99713.0000,0.070052,-0.023508,0.997266,0.988227,0.137945,-0.066166,-0.136012,0.990161,0.032894,,,0.000000,,,,0.00,,,
61907,,,,,,,,,,,,,,9.803183,-0.635720,0.299897,0.018139,-0.021452,0.015623,-0.991211,0.271729,-0.061035,0.098032,-0.006353,0.002996,,0.070124,-0.023545,0.997260,0.988216,0.137996,-0.066229,-0.136058,0.990153,0.032945,,,0.000000,,,,0.00,,,
61908,,,,,,,,,,,,,,9.783699,-0.626840,0.327518,0.021629,0.007950,-0.003486,-0.995605,0.269531,-0.065186,0.097837,-0.006265,0.003271,99711.0000,0.070108,-0.023519,0.997262,0.988215,0.138007,-0.066217,-0.136071,0.990152,0.032917,,,0.000000,,,,0.00,,,
61909,,,,,,,,,,,,,,9.795511,-0.603914,0.306225,0.048720,-0.010838,0.006071,-0.997803,0.271729,-0.067383,0.097955,-0.006035,0.003058,,0.070181,-0.023570,0.997256,0.988203,0.138062,-0.066281,-0.136121,0.990143,0.032981,,,0.000000,,,,0.00,,,
61910,,,,,,,,,,,,,,9.804138,-0.641233,0.326338,0.009677,0.002945,0.017811,-1.000000,0.267334,-0.058838,0.098042,-0.006408,0.003260,99719.0000,0.070178,-0.023636,0.997254,0.988192,0.138148,-0.066266,-0.136203,0.990129,0.033052,,,0.000000,,,,0.00,,,
61911,,,,,,,,,,,,,,9.814788,-0.615044,0.280841,0.043114,-0.039320,0.025189,-0.993408,0.265137,-0.065186,0.098148,-0.006147,0.002804,,0.070236,-0.023707,0.997249,0.988174,0.138255,-0.066310,-0.136302,0.990113,0.033137,,,0.000000,,,,0.00,,,
61912,,,,,,,,,,,,,,9.783387,-0.629790,0.331158,0.017820,0.009047,-0.003479,-0.997803,0.269531,-0.063232,0.097834,-0.006294,0.003303,99718.0000,0.070082,-0.023756,0.997258,0.988183,0.138272,-0.066150,-0.136321,0.990109,0.033166,,,0.000000,,,,0.00,,,
61913,,,,,,,,,,,,,,9.802687,-0.640454,0.305993,0.013079,-0.019224,0.015636,-0.991455,0.273926,-0.063232,0.098028,-0.006399,0.003051,,0.070201,-0.023894,0.997247,0.988169,0.138325,-0.066248,-0.136361,0.990099,0.033322,,,0.000000,,,,0.00,,,
61914,,,,,,,,,,,,,,9.848145,-0.610073,0.284843,0.049909,-0.037544,0.058249,-0.995605,0.267334,-0.061035,0.098482,-0.006097,0.002841,99714.0000,0.070256,-0.023934,0.997242,0.988163,0.138340,-0.066297,-0.136372,0.990096,0.033370,,,0.000000,,,,0.00,,,
61915,,,,,,,,,,,,,,9.780712,-0.626321,0.287966,0.029658,-0.036712,-0.007827,-0.993408,0.269531,-0.069580,0.097808,-0.006258,0.002868,,0.070374,-0.024140,0.997229,0.988152,0.138380,-0.066383,-0.136394,0.990085,0.033592,,,0.000000,,,,0.00,,,
61916,,,,,,,,,,,,,,9.735355,-0.577767,0.372901,0.062657,0.053238,-0.053423,-0.995605,0.269531,-0.069580,0.097354,-0.005773,0.003717,99718.0000,0.070352,-0.024331,0.997225,0.988136,0.138521,-0.066331,-0.136523,0.990061,0.033787,,,0.000000,,,,0.00,,,
61917,,,,,,,,,,,,,,9.751031,-0.729399,0.329602,-0.079309,-0.012619,-0.029190,-0.989014,0.271729,-0.058838,0.097511,-0.007291,0.003289,,0.070418,-0.024449,0.997218,0.988127,0.138563,-0.066379,-0.136555,0.990052,0.033916,,,0.000000,,,,0.00,,,
61918,,,,,,,,,,,,,,9.807679,-0.591096,0.321876,0.062764,-0.003009,0.017858,-0.991211,0.265137,-0.065186,0.098077,-0.005906,0.003212,99717.0000,0.070469,-0.024490,0.997213,0.988112,0.138647,-0.066420,-0.136634,0.990039,0.033969,,,0.000000,,,,0.00,,,
61919,,,,,,,,,,,,,,9.750034,-0.646974,0.368031,-0.001986,0.035286,-0.034348,-0.997803,0.271729,-0.067383,0.097501,-0.006466,0.003674,,0.070550,-0.024598,0.997205,0.988106,0.138656,-0.066486,-0.136633,0.990035,0.034087,,,0.000000,,,,0.00,,,
61920,,,,,,,,,,,,,,9.795552,-0.616306,0.346649,0.033709,0.016091,0.008282,-0.995605,0.269531,-0.069580,0.097956,-0.006161,0.003460,99711.0000,0.070457,-0.024708,0.997209,0.988095,0.138793,-0.066375,-0.136765,0.990013,0.034193,,,0.000000,,,,0.00,,,
61921,,,,,,,,,,,,,,9.796582,-0.620417,0.372023,0.027119,0.039705,0.010450,-0.991211,0.271729,-0.065186,0.097966,-0.006197,0.003715,,0.070594,-0.024780,0.997197,0.988081,0.138829,-0.066499,-0.136792,0.990006,0.034286,,,0.000000,,,,0.00,,,
61922,,,,,,,,,,,,,,9.813651,-0.624932,0.298210,0.034607,-0.035810,0.025236,-0.995605,0.269531,-0.065186,0.098137,-0.006245,0.002974,99718.0000,0.070635,-0.024950,0.997190,0.988066,0.138928,-0.066512,-0.136878,0.989988,0.034465,,,0.000000,,,,0.00,,,
61923,,,,,,,,,,,,,,9.802690,-0.652836,0.346214,0.000758,0.006703,0.017814,-0.991211,0.271729,-0.067383,0.098028,-0.006522,0.003453,,0.070769,-0.025091,0.997177,0.988055,0.138952,-0.066625,-0.136888,0.989981,0.034625,,,0.000000,,,,0.00,,,
61924,,,,,,,,,,,,,,9.768895,-0.661591,0.348271,-0.010037,0.007359,-0.015231,-0.998047,0.276123,-0.063232,0.097689,-0.006611,0.003476,99717.0000,0.070801,-0.025165,0.997173,0.988039,0.139058,-0.066643,-0.136988,0.989964,0.034709,,,0.000000,,,,0.00,,,
61925,,,,,,,,,,,,,,9.794975,-0.621458,0.353683,0.031520,0.016641,0.008288,-0.997803,0.267334,-0.069580,0.097950,-0.006210,0.003530,,0.070879,-0.025268,0.997165,0.988032,0.139082,-0.066705,-0.137002,0.989958,0.034824,,,0.000000,,,,0.00,,,
61926,,,,,,,,,,,,,,9.780667,-0.639683,0.328640,0.015994,-0.010922,-0.005635,-0.993408,0.267334,-0.067383,0.097807,-0.006392,0.003281,99714.0000,0.070889,-0.025315,0.997163,0.988022,0.139152,-0.066707,-0.137068,0.989947,0.034876,,,0.000000,,,,0.00,,,
61927,,,,,,,,,,,,,,9.774205,-0.610181,0.358872,0.041194,0.022179,-0.012993,-0.995605,0.267334,-0.067383,0.097743,-0.006099,0.003581,,0.070940,-0.025449,0.997156,0.988013,0.139197,-0.066737,-0.137102,0.989938,0.035019,,,0.000000,,,,0.00,,,
61928,,,,,,,,,,,,,,9.782703,-0.647351,0.379646,0.000932,0.036113,-0.001307,-0.993652,0.273926,-0.069580,0.097827,-0.006470,0.003791,99718.0000,0.070819,-0.025535,0.997162,0.988002,0.139346,-0.066600,-0.137250,0.989914,0.035096,,,0.000000,,,,0.00,,,
61929,,,,,,,,,,,,,,9.760943,-0.632007,0.359019,0.017923,0.017693,-0.024751,-0.991211,0.271729,-0.065186,0.097610,-0.006317,0.003586,,0.070867,-0.025596,0.997157,0.987989,0.139419,-0.066637,-0.137317,0.989903,0.035169,,,0.000000,,,,0.00,,,
61930,,,,,,,,,,,,,,9.782545,-0.648657,0.381491,0.000733,0.036476,-0.001309,-0.993408,0.269531,-0.069580,0.097826,-0.006483,0.003810,99721.0000,0.070953,-0.025655,0.997150,0.987979,0.139450,-0.066712,-0.137341,0.989897,0.035241,,,0.000000,,,,0.00,,,
61931,,,,,,,,,,,,,,9.759694,-0.630174,0.336558,0.024083,-0.005417,-0.026912,-0.995605,0.267334,-0.073730,0.097597,-0.006298,0.003362,,0.071015,-0.025699,0.997144,0.987966,0.139519,-0.066765,-0.137405,0.989886,0.035298,,,0.000000,,,,0.00,,,
61932,,,,,,,,,,,,,,9.760725,-0.634003,0.361406,0.016170,0.016679,-0.024746,-0.995605,0.269531,-0.069580,0.097608,-0.006337,0.003611,99719.0000,0.070930,-0.025878,0.997146,0.987941,0.139751,-0.066649,-0.137628,0.989848,0.035478,,,0.000000,,,,0.00,,,
61933,,,,,,,,,,,,,,9.793235,-0.624000,0.337176,0.032229,-0.007012,0.006143,-0.993408,0.269531,-0.067383,0.097933,-0.006236,0.003370,,0.071000,-0.025887,0.997140,0.987926,0.139828,-0.066714,-0.137701,0.989837,0.035502,,,0.000000,,,,0.00,,,
61934,,,,,,,,,,,,,,9.814831,-0.640872,0.359207,0.013629,0.011410,0.029586,-0.989258,0.276123,-0.063232,0.098149,-0.006405,0.003590,99718.0000,0.070952,-0.025936,0.997142,0.987920,0.139897,-0.066657,-0.137768,0.989826,0.035549,,,0.000000,,,,0.00,,,
61935,,,,,,,,,,,,,,9.773639,-0.615763,0.364717,0.035172,0.021364,-0.012968,-0.993408,0.267334,-0.065186,0.097737,-0.006155,0.003647,,0.070983,-0.025920,0.997141,0.987906,0.139977,-0.066687,-0.137849,0.989815,0.035542,,,0.000000,,,,0.00,,,
61936,,,,,,,,,,,,,,9.772501,-0.613133,0.340821,0.041136,-0.000689,-0.015127,-0.995605,0.271729,-0.063232,0.097725,-0.006129,0.003406,99721.0000,0.070994,-0.025822,0.997142,0.987918,0.139885,-0.066715,-0.137763,0.989831,0.035441,,,0.000000,,,,0.00,,,
61937,,,,,,,,,,,,,,9.767897,-0.670690,0.358700,-0.018208,0.008863,-0.015244,-0.993408,0.271729,-0.067383,0.097679,-0.006704,0.003585,,0.071033,-0.025835,0.997139,0.987911,0.139912,-0.066751,-0.137787,0.989827,0.035461,,,0.000000,,,,0.00,,,
61938,,,,,,,,,,,,,,9.779855,-0.647745,0.336910,0.008304,-0.008974,-0.005624,-0.993652,0.273926,-0.061035,0.097799,-0.006474,0.003368,99716.0000,0.071037,-0.025747,0.997141,0.987916,0.139873,-0.066768,-0.137754,0.989835,0.035372,,,0.000000,,,,0.00,,,
61939,,,,,,,,,,,,,,9.761421,-0.641863,0.387961,0.006228,0.043031,-0.022593,-0.995605,0.269531,-0.067383,0.097614,-0.006415,0.003880,,0.071081,-0.025704,0.997139,0.987906,0.139916,-0.066816,-0.137799,0.989830,0.035338,,,0.000000,,,,0.00,,,
61940,,,,,,,,,,,,,,9.786524,-0.598310,0.367735,0.053547,0.030107,-0.001190,-0.995605,0.267334,-0.063232,0.097865,-0.005981,0.003678,99716.0000,0.071034,-0.025538,0.997147,0.987916,0.139859,-0.066794,-0.137755,0.989842,0.035164,,,0.000000,,,,0.00,,,
61941,,,,,,,,,,,,,,9.793947,-0.632197,0.362998,0.021437,0.020796,0.008308,-0.995605,0.269531,-0.069580,0.097940,-0.006319,0.003630,,0.071065,-0.025515,0.997145,0.987909,0.139891,-0.066828,-0.137787,0.989838,0.035148,,,0.000000,,,,0.00,,,
61942,,,,,,,,,,,,,,9.779711,-0.650045,0.336661,0.004896,-0.006830,-0.005619,-1.000000,0.267334,-0.065186,0.097797,-0.006499,0.003368,99719.0000,0.070898,-0.025438,0.997159,0.987908,0.139978,-0.066670,-0.137884,0.989828,0.035054,,,0.000000,,,,0.00,,,
61943,,,,,,,,,,,,,,9.793891,-0.633251,0.362669,0.019119,0.021386,0.008311,-0.995850,0.273926,-0.063232,0.097939,-0.006329,0.003628,,0.070938,-0.025382,0.997158,0.987901,0.140002,-0.066716,-0.137910,0.989826,0.035006,,,0.000000,,,,0.00,,,
61944,,,,,,,,,,,,,,9.793854,-0.633902,0.362514,0.017576,0.022685,0.008311,-0.986816,0.269531,-0.069580,0.097939,-0.006336,0.003625,99716.0000,0.070835,-0.025237,0.997169,0.987911,0.139973,-0.066635,-0.137895,0.989834,0.034847,,,0.000000,,,,0.00,,,
61945,,,,,,,,,,,,,,9.759067,-0.638693,0.338658,0.013648,-0.000286,-0.026890,-0.993408,0.269531,-0.065186,0.097591,-0.006386,0.003388,,0.070810,-0.025179,0.997172,0.987910,0.139989,-0.066617,-0.137916,0.989833,0.034787,,,0.000000,,,,0.00,,,
61946,,,,,,,,,,,,,,9.745939,-0.659513,0.336249,-0.008088,-0.004932,-0.038678,-0.993408,0.271729,-0.065430,0.097460,-0.006592,0.003364,99719.0000,0.070775,-0.025137,0.997176,0.987898,0.140083,-0.066585,-0.138014,0.989821,0.034747,,,0.000000,,,,0.00,,,
61947,,,,,,,,,,,,,,9.773255,-0.622067,0.364302,0.027002,0.027870,-0.012958,-0.993408,0.269531,-0.071777,0.097733,-0.006219,0.003644,,0.070767,-0.025097,0.997177,0.987891,0.140138,-0.066581,-0.138071,0.989814,0.034710,,,0.000000,,,,0.00,,,
61948,,,,,,,,,,,,,,9.793804,-0.635320,0.361380,0.015297,0.022559,0.008315,-0.995605,0.271729,-0.067383,0.097938,-0.006351,0.003616,99718.0000,0.070727,-0.025079,0.997180,0.987886,0.140193,-0.066542,-0.138129,0.989807,0.034691,,,0.000000,,,,0.00,,,
61949,,,,,,,,,,,,,,9.804724,-0.608936,0.314674,0.048548,-0.019646,0.015827,-0.993408,0.267334,-0.063232,0.098047,-0.006088,0.003148,,0.070717,-0.025028,0.997182,0.987881,0.140229,-0.066538,-0.138168,0.989803,0.034642,,,0.000000,,,,0.00,,,
61950,,,,,,,,,,,,,,9.780670,-0.656349,0.358708,-0.007347,0.018853,-0.003479,-0.991211,0.269531,-0.067383,0.097807,-0.006563,0.003588,99722.0000,0.070580,-0.024935,0.997194,0.987892,0.140207,-0.066415,-0.138157,0.989808,0.034528,,,0.000000,,,,0.00,,,
61951,,,,,,,,,,,,,,9.773239,-0.623141,0.362899,0.024133,0.028503,-0.012953,-0.993408,0.267334,-0.058838,0.097732,-0.006230,0.003632,,0.070561,-0.024840,0.997198,0.987889,0.140230,-0.066409,-0.138187,0.989807,0.034434,,,0.000000,,,,0.00,,,
61952,,,,,,,,,,,,,,9.780672,-0.656806,0.357802,-0.009304,0.020344,-0.003484,-0.993408,0.267334,-0.065186,0.097807,-0.006567,0.003579,99717.0000,0.070420,-0.024688,0.997212,0.987911,0.140135,-0.066294,-0.138108,0.989825,0.034258,,,0.000000,,,,0.00,,,
61953,,,,,,,,,,,,,,9.792702,-0.633372,0.335170,0.017568,0.001634,0.006182,-0.995605,0.271729,-0.067383,0.097927,-0.006333,0.003356,,0.070380,-0.024583,0.997217,0.987903,0.140200,-0.066266,-0.138181,0.989818,0.034153,,,0.000000,,,,0.00,,,
61954,,,,,,,,,,,,,,9.814368,-0.649502,0.356343,-0.000990,0.020413,0.029581,-0.991211,0.267334,-0.069580,0.098144,-0.006494,0.003564,99721.0000,0.070265,-0.024556,0.997226,0.987908,0.140216,-0.066156,-0.138203,0.989816,0.034112,,,0.000000,,,,0.00,,,
61955,,,,,,,,,,,,,,9.761241,-0.647450,0.383185,-0.006677,0.049293,-0.022622,-0.993408,0.271729,-0.063232,0.097612,-0.006474,0.003837,,0.070236,-0.024430,0.997231,0.987898,0.140293,-0.066142,-0.138289,0.989809,0.033988,,,0.000000,,,,0.00,,,
61956,,,,,,,,,,,,,,9.804754,-0.610119,0.311452,0.042227,-0.016826,0.015862,-0.989014,0.271729,-0.065186,0.098047,-0.006101,0.003116,99721.0000,0.070133,-0.024391,0.997239,0.987903,0.140306,-0.066045,-0.138307,0.989808,0.033936,,,0.000000,,,,0.00,,,
61957,,,,,,,,,,,,,,9.793859,-0.636842,0.357201,0.008286,0.025750,0.008316,-0.993408,0.269531,-0.065186,0.097938,-0.006368,0.003576,,0.070089,-0.024278,0.997245,0.987892,0.140400,-0.066014,-0.138411,0.989797,0.033825,,,0.000000,,,,0.00,,,
