// Start Time: Unknown
// Update Rate: 100.0Hz
// Filter Profile: human (46.1)
// Firmware Version: 4.6.0
PacketCounter,SampleTimeFine,Year,Month,Day,Second,UTC_Nano,UTC_Year,UTC_Month,UTC_Day,UTC_Hour,UTC_Minute,UTC_Second,UTC_Valid,Acc_X,Acc_Y,Acc_Z,FreeAcc_X,FreeAcc_Y,FreeAcc_Z,Mag_X,Mag_Y,Mag_Z,VelInc_X,VelInc_Y,VelInc_Z,Pressure,Mat[1][1],Mat[2][1],Mat[3][1],Mat[1][2],Mat[2][2],Mat[3][2],Mat[1][3],Mat[2][3],Mat[3][3],Latitude,Longitude,Altitude,Vel_X,Vel_Y,Vel_Z,Temperature,GyrTemp_X,GyrTemp_Y,GyrTemp_Z
18295,,,,,,,,,,,,,,9.835278,-0.241706,-0.016354,-0.000000,0.000000,0.025574,-1.006836,0.132324,-0.202637,0.098353,-0.002406,-0.000162,,0.010382,0.022208,0.999699,0.483424,0.875045,-0.024459,-0.875325,0.483532,-0.001651,,,0.000000,,,,0.00,,,
18296,,,,,,,,,,,,,,9.838243,-0.300333,-0.056114,-0.014726,-0.074223,0.030008,-1.002441,0.132324,-0.204834,0.098383,-0.002992,-0.000562,99764.0000,0.008321,0.022028,0.999723,0.483184,0.875209,-0.023306,-0.875480,0.483243,-0.003361,,,0.000000,,,,0.00,,,
18297,,,,,,,,,,,,,,9.820681,-0.293509,-0.070317,0.002125,-0.073523,0.012355,-1.000244,0.132324,-0.207031,0.098207,-0.002923,-0.000704,,0.008453,0.022234,0.999717,0.483087,0.875256,-0.023551,-0.875532,0.483149,-0.003343,,,0.000000,,,,0.00,,,
18298,,,,,,,,,,,,,,9.831881,-0.274464,-0.069782,0.012677,-0.054643,0.023112,-1.004639,0.130127,-0.207031,0.098319,-0.002731,-0.000701,99767.0000,0.008657,0.022414,0.999711,0.482986,0.875305,-0.023807,-0.875586,0.483052,-0.003248,,,0.000000,,,,0.00,,,
18299,,,,,,,,,,,,,,9.813963,-0.323054,-0.035075,-0.039343,-0.078854,0.006258,-1.004395,0.127930,-0.204834,0.098140,-0.003218,-0.000355,,0.008861,0.022596,0.999705,0.482900,0.875345,-0.024065,-0.875631,0.482971,-0.003155,,,0.000000,,,,0.00,,,
18300,,,,,,,,,,,,,,9.804476,-0.320172,-0.101895,0.022790,-0.108680,-0.003084,-1.004883,0.138916,-0.202881,0.098045,-0.003191,-0.001028,99763.0000,0.009126,0.022570,0.999704,0.482814,0.875389,-0.024171,-0.875675,0.482891,-0.002908,,,0.000000,,,,0.00,,,
18301,,,,,,,,,,,,,,9.764211,-0.329456,0.027182,-0.092531,-0.054355,-0.043472,-1.004639,0.134521,-0.207031,0.097642,-0.003284,0.000264,,0.009376,0.022682,0.999699,0.482753,0.875417,-0.024390,-0.875706,0.482837,-0.002742,,,0.000000,,,,0.00,,,
18302,,,,,,,,,,,,,,9.831658,-0.283578,-0.064548,0.012690,-0.055068,0.023109,-1.000244,0.132324,-0.202637,0.098317,-0.002827,-0.000650,99761.0000,0.009549,0.022873,0.999693,0.482683,0.875448,-0.024641,-0.875743,0.482770,-0.002681,,,0.000000,,,,0.00,,,
18303,,,,,,,,,,,,,,9.851246,-0.186174,-0.023585,0.026107,0.051935,0.040174,-1.006836,0.132324,-0.207031,0.098513,-0.001847,-0.000242,,0.009800,0.023073,0.999686,0.482580,0.875497,-0.024937,-0.875797,0.482672,-0.002555,,,0.000000,,,,0.00,,,
18304,,,,,,,,,,,,,,9.818732,-0.282645,-0.042490,-0.001538,-0.040374,0.010121,-1.002686,0.136719,-0.204834,0.098188,-0.002808,-0.000431,99761.0000,0.010086,0.023317,0.999677,0.482467,0.875549,-0.025290,-0.875856,0.482566,-0.002419,,,0.000000,,,,0.00,,,
18305,,,,,,,,,,,,,,9.771915,-0.344441,-0.021757,-0.047176,-0.083134,-0.035147,-1.007080,0.136719,-0.209229,0.097720,-0.003428,-0.000224,,0.010366,0.023541,0.999669,0.482360,0.875598,-0.025621,-0.875912,0.482466,-0.002279,,,0.000000,,,,0.00,,,
18306,,,,,,,,,,,,,,9.802545,-0.308547,-0.074108,0.019120,-0.073513,-0.005302,-1.004639,0.134521,-0.207031,0.098026,-0.003068,-0.000747,99761.0000,0.010647,0.023836,0.999659,0.482230,0.875658,-0.026015,-0.875980,0.482343,-0.002171,,,0.000000,,,,0.00,,,
18307,,,,,,,,,,,,,,9.797242,-0.364195,-0.058560,-0.018669,-0.112721,-0.009169,-1.002441,0.132324,-0.204834,0.097973,-0.003627,-0.000593,,0.010918,0.024023,0.999652,0.482127,0.875706,-0.026310,-0.876033,0.482246,-0.002021,,,0.000000,,,,0.00,,,
18308,,,,,,,,,,,,,,9.747479,-0.368685,0.002240,-0.071800,-0.087155,-0.058892,-1.004639,0.134521,-0.204834,0.097475,-0.003674,0.000013,99766.0000,0.011218,0.024137,0.999646,0.482037,0.875748,-0.026555,-0.876079,0.482164,-0.001811,,,0.000000,,,,0.00,,,
18309,,,,,,,,,,,,,,9.808414,-0.347621,-0.055026,-0.008171,-0.093637,0.001589,-1.000244,0.134521,-0.209229,0.098084,-0.003466,-0.000558,,0.011451,0.024256,0.999640,0.481955,0.875787,-0.026771,-0.876121,0.482088,-0.001662,,,0.000000,,,,0.00,,,
18310,,,,,,,,,,,,,,9.766794,-0.355303,-0.048234,-0.015919,-0.097143,-0.039810,-1.002441,0.132324,-0.207031,0.097668,-0.003545,-0.000491,99759.0000,0.011688,0.024329,0.999636,0.481861,0.875833,-0.026950,-0.876169,0.482001,-0.001487,,,0.000000,,,,0.00,,,
18311,,,,,,,,,,,,,,9.769959,-0.331055,0.007221,-0.050761,-0.048601,-0.037371,-1.002441,0.134521,-0.204834,0.097700,-0.003305,0.000065,,0.011870,0.024365,0.999633,0.481792,0.875867,-0.027070,-0.876205,0.481936,-0.001343,,,0.000000,,,,0.00,,,
18312,,,,,,,,,,,,,,9.782700,-0.338978,-0.011272,-0.036396,-0.063555,-0.024384,-1.002686,0.136719,-0.207031,0.097827,-0.003383,-0.000118,99754.0000,0.012041,0.024448,0.999629,0.481679,0.875925,-0.027225,-0.876265,0.481828,-0.001229,,,0.000000,,,,0.00,,,
18313,,,,,,,,,,,,,,9.765236,-0.330932,-0.024656,-0.019546,-0.062852,-0.042036,-1.006836,0.134521,-0.204834,0.097652,-0.003305,-0.000252,,0.012175,0.024481,0.999626,0.481595,0.875968,-0.027318,-0.876309,0.481748,-0.001126,,,0.000000,,,,0.00,,,
18314,,,,,,,,,,,,,,9.806771,-0.326168,-0.028916,-0.011463,-0.058729,-0.000634,-0.995850,0.134521,-0.209229,0.098068,-0.003256,-0.000294,99756.0000,0.012328,0.024594,0.999622,0.481493,0.876019,-0.027491,-0.876363,0.481649,-0.001043,,,0.000000,,,,0.00,,,
18315,,,,,,,,,,,,,,9.769805,-0.335463,0.011185,-0.050395,-0.047994,-0.037366,-1.000244,0.136719,-0.200684,0.097698,-0.003350,0.000109,,0.012425,0.024639,0.999619,0.481403,0.876065,-0.027578,-0.876411,0.481562,-0.000976,,,0.000000,,,,0.00,,,
18316,,,,,,,,,,,,,,9.782573,-0.342729,-0.008013,-0.035974,-0.062242,-0.024374,-1.000244,0.130127,-0.207031,0.097826,-0.003425,-0.000082,99761.0000,0.012494,0.024735,0.999616,0.481343,0.876095,-0.027695,-0.876443,0.481504,-0.000960,,,0.000000,,,,0.00,,,
18317,,,,,,,,,,,,,,9.793920,-0.321479,-0.007635,-0.025504,-0.042987,-0.013617,-1.004639,0.134521,-0.211182,0.097939,-0.003213,-0.000077,,0.012528,0.024753,0.999615,0.481283,0.876127,-0.027727,-0.876476,0.481445,-0.000937,,,0.000000,,,,0.00,,,
18318,,,,,,,,,,,,,,9.799970,-0.352543,0.006872,-0.052335,-0.063177,-0.006719,-1.002441,0.134521,-0.209229,0.098000,-0.003525,0.000068,99761.0000,0.012595,0.024739,0.999615,0.481205,0.876169,-0.027747,-0.876517,0.481369,-0.000869,,,0.000000,,,,0.00,,,
18319,,,,,,,,,,,,,,9.806697,-0.328549,-0.027022,-0.010784,-0.058215,-0.000630,-1.004639,0.134521,-0.204834,0.098067,-0.003285,-0.000271,,0.012615,0.024750,0.999614,0.481120,0.876215,-0.027766,-0.876564,0.481284,-0.000854,,,0.000000,,,,0.00,,,
18320,,,,,,,,,,,,,,9.787845,-0.291204,-0.021594,0.002666,-0.022754,-0.020514,-1.000244,0.132324,-0.209229,0.097878,-0.002912,-0.000216,99762.0000,0.012652,0.024810,0.999612,0.481086,0.876231,-0.027837,-0.876582,0.481252,-0.000850,,,0.000000,,,,0.00,,,
18321,,,,,,,,,,,,,,9.789275,-0.319464,-0.041448,0.006430,-0.057003,-0.018282,-1.000244,0.132324,-0.207031,0.097893,-0.003195,-0.000414,,0.012637,0.024810,0.999612,0.481044,0.876255,-0.027830,-0.876605,0.481209,-0.000861,,,0.000000,,,,0.00,,,
18322,,,,,,,,,,,,,,9.811310,-0.331528,0.007018,-0.041195,-0.043348,0.004043,-1.000488,0.136719,-0.202881,0.098113,-0.003312,0.000070,99761.0000,0.012694,0.024878,0.999610,0.480932,0.876314,-0.027917,-0.876666,0.481098,-0.000841,,,0.000000,,,,0.00,,,
18323,,,,,,,,,,,,,,9.819453,-0.336176,-0.046869,0.004121,-0.072632,0.012361,-1.002441,0.134521,-0.200684,0.098195,-0.003360,-0.000468,,0.012705,0.024924,0.999609,0.480875,0.876343,-0.027962,-0.876697,0.481042,-0.000851,,,0.000000,,,,0.00,,,
18324,,,,,,,,,,,,,,9.782498,-0.344873,-0.007704,-0.035133,-0.060525,-0.024360,-1.007080,0.136719,-0.207031,0.097825,-0.003447,-0.000076,99764.0000,0.012667,0.025109,0.999604,0.480810,0.876374,-0.028107,-0.876733,0.480976,-0.000972,,,0.000000,,,,0.00,,,
18325,,,,,,,,,,,,,,9.806638,-0.330250,-0.027546,-0.010433,-0.056257,-0.000618,-1.002441,0.134521,-0.209229,0.098066,-0.003301,-0.000274,,0.012662,0.025146,0.999604,0.480766,0.876398,-0.028137,-0.876758,0.480931,-0.000993,,,0.000000,,,,0.00,,,
18326,,,,,,,,,,,,,,9.782476,-0.345471,-0.008083,-0.034348,-0.059715,-0.024352,-1.002441,0.134521,-0.204834,0.097825,-0.003453,-0.000080,99754.0000,0.012740,0.025259,0.999600,0.480682,0.876439,-0.028273,-0.876802,0.480850,-0.000976,,,0.000000,,,,0.00,,,
18327,,,,,,,,,,,,,,9.777841,-0.343038,-0.042422,-0.003267,-0.074005,-0.029019,-1.004639,0.132324,-0.211182,0.097778,-0.003430,-0.000423,,0.012708,0.025274,0.999600,0.480602,0.876483,-0.028271,-0.876846,0.480769,-0.001008,,,0.000000,,,,0.00,,,
18328,,,,,,,,,,,,,,9.793841,-0.323845,-0.008572,-0.023341,-0.039935,-0.013599,-1.002441,0.132324,-0.211182,0.097938,-0.003240,-0.000084,99761.0000,0.012716,0.025325,0.999598,0.480522,0.876525,-0.028320,-0.876890,0.480689,-0.001024,,,0.000000,,,,0.00,,,
18329,,,,,,,,,,,,,,9.806632,-0.330358,-0.028512,-0.009105,-0.054923,-0.000609,-1.000244,0.132324,-0.209229,0.098066,-0.003304,-0.000285,,0.012702,0.025325,0.999599,0.480480,0.876548,-0.028313,-0.876914,0.480647,-0.001035,,,0.000000,,,,0.00,,,
18330,,,,,,,,,,,,,,9.765071,-0.335840,-0.023438,-0.016193,-0.058344,-0.042002,-1.004883,0.136719,-0.207031,0.097651,-0.003361,-0.000233,99758.0000,0.012739,0.025311,0.999598,0.480383,0.876601,-0.028319,-0.876966,0.480551,-0.000991,,,0.000000,,,,0.00,,,
18331,,,,,,,,,,,,,,9.781083,-0.316334,0.010650,-0.036804,-0.024799,-0.026585,-1.004639,0.132324,-0.202637,0.097811,-0.003165,0.000107,,0.012716,0.025274,0.999600,0.480344,0.876624,-0.028275,-0.876988,0.480511,-0.000993,,,0.000000,,,,0.00,,,
18332,,,,,,,,,,,,,,9.789248,-0.320038,-0.043384,0.008664,-0.052908,-0.018260,-1.000244,0.134521,-0.209229,0.097892,-0.003203,-0.000432,99759.0000,0.012670,0.025376,0.999598,0.480260,0.876668,-0.028343,-0.877035,0.480426,-0.001079,,,0.000000,,,,0.00,,,
18333,,,,,,,,,,,,,,9.806684,-0.328749,-0.029341,-0.008181,-0.053606,-0.000601,-1.002441,0.134521,-0.211182,0.098067,-0.003290,-0.000292,,0.012612,0.025343,0.999599,0.480232,0.876685,-0.028286,-0.877051,0.480396,-0.001114,,,0.000000,,,,0.00,,,
18334,,,,,,,,,,,,,,9.765136,-0.333855,-0.024592,-0.015047,-0.056553,-0.041990,-1.002686,0.136719,-0.207031,0.097651,-0.003342,-0.000243,99763.0000,0.012622,0.025374,0.999598,0.480165,0.876721,-0.028318,-0.877087,0.480330,-0.001118,,,0.000000,,,,0.00,,,
18335,,,,,,,,,,,,,,9.782585,-0.342297,-0.010635,-0.031885,-0.057252,-0.024329,-1.006836,0.132324,-0.204834,0.097826,-0.003427,-0.000105,,0.012553,0.025320,0.999601,0.480107,0.876755,-0.028238,-0.877120,0.480270,-0.001150,,,0.000000,,,,0.00,,,
18336,,,,,,,,,,,,,,9.806761,-0.326310,-0.030800,-0.006846,-0.051767,-0.000590,-1.004639,0.132324,-0.200684,0.098067,-0.003270,-0.000304,99761.0000,0.012455,0.025364,0.999601,0.480015,0.876806,-0.028229,-0.877172,0.480175,-0.001254,,,0.000000,,,,0.00,,,
18337,,,,,,,,,,,,,,9.826289,-0.307667,-0.085219,0.048949,-0.061773,0.018470,-1.006836,0.134521,-0.209229,0.098263,-0.003082,-0.000849,,0.012352,0.025299,0.999604,0.480001,0.876817,-0.028122,-0.877181,0.480158,-0.001313,,,0.000000,,,,0.00,,,
18338,,,,,,,,,,,,,,9.855100,-0.294144,-0.071155,0.042613,-0.041988,0.046877,-1.004639,0.132324,-0.202637,0.098551,-0.002947,-0.000710,99764.0000,0.012276,0.025332,0.999604,0.479914,0.876865,-0.028115,-0.877230,0.480069,-0.001393,,,0.000000,,,,0.00,,,
18339,,,,,,,,,,,,,,9.800779,-0.292338,-0.046455,0.020500,-0.030602,-0.007509,-1.000244,0.130127,-0.211182,0.098008,-0.002927,-0.000463,,0.012220,0.025285,0.999606,0.479881,0.876885,-0.028047,-0.877248,0.480035,-0.001418,,,0.000000,,,,0.00,,,
18340,,,,,,,,,,,,,,9.769973,-0.330628,0.006936,-0.045683,-0.039303,-0.037304,-1.002441,0.132324,-0.209229,0.097700,-0.003311,0.000071,99763.0000,0.012142,0.025281,0.999607,0.479793,0.876935,-0.028006,-0.877298,0.479944,-0.001482,,,0.000000,,,,0.00,,,
18341,,,,,,,,,,,,,,9.794132,-0.314772,-0.013082,-0.020976,-0.035018,-0.013575,-1.004639,0.134521,-0.207031,0.097941,-0.003152,-0.000129,,0.012071,0.025218,0.999609,0.479788,0.876940,-0.027917,-0.877301,0.479938,-0.001514,,,0.000000,,,,0.00,,,
18342,,,,,,,,,,,,,,9.802294,-0.317922,-0.067289,0.024948,-0.063399,-0.005245,-1.002441,0.132324,-0.207031,0.098023,-0.003185,-0.000671,99759.0000,0.012033,0.025230,0.999609,0.479701,0.876988,-0.027910,-0.877350,0.479849,-0.001550,,,0.000000,,,,0.00,,,
18343,,,,,,,,,,,,,,9.795654,-0.340570,-0.033638,-0.016603,-0.068387,-0.011310,-1.004639,0.132324,-0.213379,0.097956,-0.003415,-0.000334,,0.011909,0.025083,0.999614,0.479746,0.876969,-0.027721,-0.877327,0.479891,-0.001589,,,0.000000,,,,0.00,,,
18344,,,,,,,,,,,,,,9.795717,-0.338746,-0.033800,-0.015792,-0.067811,-0.011304,-1.004639,0.134521,-0.202637,0.097957,-0.003396,-0.000338,99760.0000,0.011908,0.024977,0.999617,0.479702,0.876996,-0.027628,-0.877351,0.479847,-0.001538,,,0.000000,,,,0.00,,,
18345,,,,,,,,,,,,,,9.776881,-0.299575,-0.028593,-0.002727,-0.032884,-0.031231,-1.006836,0.130127,-0.204834,0.097769,-0.003004,-0.000284,,0.011801,0.024846,0.999622,0.479719,0.876992,-0.027461,-0.877343,0.479862,-0.001570,,,0.000000,,,,0.00,,,
18346,,,,,,,,,,,,,,9.831284,-0.298401,-0.053756,0.019126,-0.042851,0.023160,-1.002197,0.127930,-0.202637,0.098312,-0.002996,-0.000537,99762.0000,0.011645,0.024778,0.999625,0.479719,0.876996,-0.027326,-0.877345,0.479858,-0.001674,,,0.000000,,,,0.00,,,
18347,,,,,,,,,,,,,,9.778479,-0.323474,-0.048710,0.000784,-0.065738,-0.028959,-1.002441,0.130127,-0.200684,0.097784,-0.003246,-0.000486,,0.011515,0.024579,0.999632,0.479763,0.876980,-0.027090,-0.877323,0.479898,-0.001694,,,0.000000,,,,0.00,,,
18348,,,,,,,,,,,,,,9.801192,-0.277762,-0.048701,0.020798,-0.026182,-0.007496,-1.002441,0.130127,-0.207031,0.098012,-0.002791,-0.000487,99756.0000,0.011295,0.024450,0.999637,0.479755,0.876991,-0.026871,-0.877330,0.479885,-0.001824,,,0.000000,,,,0.00,,,
18349,,,,,,,,,,,,,,9.801260,-0.275343,-0.048804,0.020782,-0.026188,-0.007496,-1.004639,0.130127,-0.204834,0.098012,-0.002765,-0.000487,,0.011163,0.024259,0.999643,0.479782,0.876983,-0.026640,-0.877317,0.479909,-0.001849,,,0.000000,,,,0.00,,,
18350,,,,,,,,,,,,,,9.741818,-0.324793,-0.009933,-0.039106,-0.053249,-0.065675,-1.004639,0.132324,-0.207031,0.097418,-0.003258,-0.000097,99757.0000,0.011008,0.024180,0.999647,0.479767,0.876996,-0.026497,-0.877327,0.479889,-0.001947,,,0.000000,,,,0.00,,,
18351,,,,,,,,,,,,,,9.713143,-0.334807,-0.024870,-0.032745,-0.071844,-0.094064,-1.009033,0.130127,-0.207031,0.097131,-0.003362,-0.000247,,0.010832,0.023942,0.999655,0.479840,0.876965,-0.026203,-0.877289,0.479958,-0.001989,,,0.000000,,,,0.00,,,
18352,,,,,,,,,,,,,,9.731769,-0.423538,0.017461,-0.114264,-0.130624,-0.073237,-1.009033,0.130127,-0.204834,0.097317,-0.004258,0.000180,99757.0000,0.010562,0.023705,0.999663,0.479989,0.876893,-0.025865,-0.877211,0.480101,-0.002116,,,0.000000,,,,0.00,,,
18353,,,,,,,,,,,,,,9.847835,-0.258321,-0.022479,-0.002085,-0.006354,0.038559,-1.004395,0.125732,-0.202637,0.098478,-0.002614,-0.000221,,0.010196,0.023197,0.999679,0.480234,0.876777,-0.025243,-0.877081,0.480337,-0.002200,,,0.000000,,,,0.00,,,
18354,,,,,,,,,,,,,,9.807973,-0.286696,-0.038059,-0.006512,-0.043171,-0.000548,-1.006836,0.132324,-0.200684,0.098079,-0.002894,-0.000374,99764.0000,0.009780,0.022875,0.999690,0.480390,0.876706,-0.024761,-0.877001,0.480483,-0.002415,,,0.000000,,,,0.00,,,
18355,,,,,,,,,,,,,,9.801900,-0.250509,-0.053758,0.020762,-0.023217,-0.007489,-1.004395,0.127930,-0.204834,0.098018,-0.002532,-0.000530,,0.009395,0.022467,0.999703,0.480590,0.876611,-0.024217,-0.876895,0.480675,-0.002562,,,0.000000,,,,0.00,,,
18356,,,,,,,,,,,,,,9.794226,-0.186389,-0.049683,0.044187,0.032604,-0.016716,-1.002197,0.127930,-0.204834,0.097942,-0.001888,-0.000490,99756.0000,0.009030,0.022265,0.999711,0.480721,0.876549,-0.023864,-0.876827,0.480798,-0.002788,,,0.000000,,,,0.00,,,
18357,,,,,,,,,,,,,,9.874229,-0.195631,-0.115237,0.094769,-0.008648,0.063693,-1.002441,0.132324,-0.202637,0.098742,-0.001977,-0.001148,,0.008748,0.021939,0.999721,0.480866,0.876481,-0.023442,-0.876750,0.480937,-0.002882,,,0.000000,,,,0.00,,,
18358,,,,,,,,,,,,,,9.882114,-0.168843,-0.027962,0.028989,0.055516,0.070710,-1.006836,0.130127,-0.204834,0.098821,-0.001704,-0.000277,99763.0000,0.008563,0.021831,0.999725,0.480883,0.876476,-0.023259,-0.876743,0.480950,-0.002993,,,0.000000,,,,0.00,,,
18359,,,,,,,,,,,,,,9.855014,-0.206986,-0.062745,0.039128,0.002679,0.044622,-1.006836,0.130127,-0.209229,0.098550,-0.002081,-0.000625,,0.008411,0.021655,0.999730,0.480910,0.876468,-0.023030,-0.876730,0.480973,-0.003042,,,0.000000,,,,0.00,,,
18360,,,,,,,,,,,,,,9.816648,-0.185433,-0.003987,-0.002894,0.048673,0.005591,-1.004395,0.127930,-0.204834,0.098166,-0.001862,-0.000038,99760.0000,0.008376,0.021653,0.999730,0.480883,0.876483,-0.023013,-0.876745,0.480946,-0.003071,,,0.000000,,,,0.00,,,
18361,,,,,,,,,,,,,,9.835982,-0.166568,-0.058180,0.052882,0.038731,0.024659,-1.009033,0.132324,-0.202637,0.098360,-0.001670,-0.000579,,0.008288,0.021599,0.999732,0.480820,0.876519,-0.022923,-0.876780,0.480882,-0.003120,,,0.000000,,,,0.00,,,
18362,,,,,,,,,,,,,,9.827893,-0.162048,-0.004684,0.007626,0.069365,0.016295,-1.002197,0.127930,-0.204834,0.098279,-0.001621,-0.000046,99754.0000,0.008269,0.021742,0.999729,0.480725,0.876569,-0.023040,-0.876833,0.480785,-0.003204,,,0.000000,,,,0.00,,,
18363,,,,,,,,,,,,,,9.802343,-0.231242,-0.059023,0.021563,-0.017704,-0.007479,-1.004639,0.130127,-0.209229,0.098023,-0.002311,-0.000588,,0.008247,0.021796,0.999728,0.480605,0.876633,-0.023077,-0.876898,0.480665,-0.003246,,,0.000000,,,,0.00,,,
18364,,,,,,,,,,,,,,9.858240,-0.260257,-0.104003,0.048138,-0.062719,0.049219,-1.006592,0.125732,-0.207031,0.098582,-0.002602,-0.001040,99756.0000,0.008319,0.021859,0.999726,0.480501,0.876688,-0.023167,-0.876955,0.480562,-0.003210,,,0.000000,,,,0.00,,,
18365,,,,,,,,,,,,,,9.808625,-0.262393,-0.044684,-0.005091,-0.037120,-0.000523,-1.010986,0.125732,-0.202637,0.098086,-0.002623,-0.000449,,0.008357,0.021859,0.999726,0.480417,0.876734,-0.023186,-0.877001,0.480479,-0.003174,,,0.000000,,,,0.00,,,
18366,,,,,,,,,,,,,,9.808623,-0.262533,-0.044287,-0.005476,-0.036697,-0.000521,-1.004395,0.123535,-0.207031,0.098086,-0.002625,-0.000445,99759.0000,0.008356,0.021892,0.999725,0.480301,0.876797,-0.023215,-0.877064,0.480363,-0.003188,,,0.000000,,,,0.00,,,
18367,,,,,,,,,,,,,,9.818248,-0.212891,-0.024068,0.001169,0.016847,0.007883,-1.006836,0.130127,-0.204834,0.098183,-0.002126,-0.000242,,0.008406,0.021921,0.999724,0.480193,0.876854,-0.023265,-0.877123,0.480256,-0.003155,,,0.000000,,,,0.00,,,
18368,,,,,,,,,,,,,,9.778304,-0.247553,-0.038254,-0.002858,-0.020711,-0.031198,-0.997803,0.127930,-0.204834,0.097783,-0.002474,-0.000384,99762.0000,0.008447,0.021968,0.999723,0.480074,0.876918,-0.023326,-0.877187,0.480139,-0.003138,,,0.000000,,,,0.00,,,
18369,,,,,,,,,,,,,,9.802312,-0.232887,-0.057772,0.021834,-0.016362,-0.007477,-1.002441,0.130127,-0.207031,0.098023,-0.002326,-0.000578,,0.008475,0.022024,0.999722,0.479970,0.876973,-0.023388,-0.877244,0.480035,-0.003139,,,0.000000,,,,0.00,,,
18370,,,,,,,,,,,,,,9.831018,-0.220973,-0.043146,0.015933,0.002816,0.020895,-1.004395,0.121338,-0.204834,0.098310,-0.002206,-0.000433,99755.0000,0.008588,0.022133,0.999718,0.479833,0.877044,-0.023539,-0.877318,0.479900,-0.003087,,,0.000000,,,,0.00,,,
18371,,,,,,,,,,,,,,9.815082,-0.240852,-0.077026,0.036558,-0.030730,0.005536,-1.004395,0.127930,-0.204834,0.098151,-0.002405,-0.000771,,0.008636,0.022184,0.999717,0.479712,0.877108,-0.023607,-0.877383,0.479780,-0.003067,,,0.000000,,,,0.00,,,
18372,,,,,,,,,,,,,,9.800683,-0.206886,-0.037308,0.017958,0.018383,-0.009783,-1.006592,0.125732,-0.207031,0.098007,-0.002063,-0.000374,99758.0000,0.008651,0.022263,0.999715,0.479530,0.877206,-0.023684,-0.877483,0.479598,-0.003087,,,0.000000,,,,0.00,,,
18373,,,,,,,,,,,,,,9.778210,-0.251382,-0.037157,-0.002969,-0.020187,-0.031197,-1.006836,0.130127,-0.202637,0.097782,-0.002508,-0.000373,,0.008723,0.022358,0.999712,0.479395,0.877276,-0.023803,-0.877556,0.479464,-0.003066,,,0.000000,,,,0.00,,,
18374,,,,,,,,,,,,,,9.795679,-0.261601,-0.022519,-0.020031,-0.020199,-0.013531,-1.009033,0.130127,-0.198486,0.097957,-0.002611,-0.000226,99759.0000,0.008773,0.022514,0.999708,0.479247,0.877353,-0.023964,-0.877636,0.479317,-0.003093,,,0.000000,,,,0.00,,,
18375,,,,,,,,,,,,,,9.832483,-0.254059,-0.061837,0.018915,-0.030796,0.023205,-1.011230,0.132324,-0.204834,0.098325,-0.002537,-0.000618,,0.008797,0.022592,0.999706,0.479130,0.877415,-0.024044,-0.877700,0.479201,-0.003106,,,0.000000,,,,0.00,,,
18376,,,,,,,,,,,,,,9.808434,-0.269861,-0.042100,-0.006446,-0.033258,-0.000510,-1.004639,0.132324,-0.204834,0.098084,-0.002695,-0.000422,99756.0000,0.008777,0.022835,0.999701,0.479014,0.877472,-0.024249,-0.877764,0.479083,-0.003236,,,0.000000,,,,0.00,,,
18377,,,,,,,,,,,,,,9.802152,-0.239884,-0.056251,0.020819,-0.013262,-0.007470,-1.004639,0.130127,-0.202637,0.098022,-0.002394,-0.000564,,0.008835,0.022910,0.999698,0.478887,0.877539,-0.024343,-0.877832,0.478957,-0.003218,,,0.000000,,,,0.00,,,
18378,,,,,,,,,,,,,,9.795590,-0.264971,-0.021974,-0.020706,-0.016931,-0.013526,-1.006592,0.127930,-0.204834,0.097956,-0.002645,-0.000221,99754.0000,0.008896,0.023128,0.999693,0.478781,0.877590,-0.024563,-0.877889,0.478853,-0.003266,,,0.000000,,,,0.00,,,
18379,,,,,,,,,,,,,,9.795572,-0.265636,-0.021997,-0.020734,-0.016887,-0.013526,-1.004395,0.127930,-0.204834,0.097956,-0.002654,-0.000219,,0.008890,0.023178,0.999692,0.478684,0.877642,-0.024605,-0.877942,0.478755,-0.003293,,,0.000000,,,,0.00,,,
18380,,,,,,,,,,,,,,9.789308,-0.235171,-0.036522,0.006344,0.003505,-0.020490,-1.002197,0.127930,-0.202637,0.097893,-0.002351,-0.000365,99756.0000,0.008867,0.023245,0.999690,0.478561,0.877708,-0.024654,-0.878010,0.478631,-0.003341,,,0.000000,,,,0.00,,,
18381,,,,,,,,,,,,,,9.814897,-0.248637,-0.075926,0.034821,-0.026338,0.005555,-1.006592,0.125732,-0.204834,0.098149,-0.002485,-0.000760,,0.008884,0.023268,0.999690,0.478460,0.877762,-0.024682,-0.878064,0.478531,-0.003334,,,0.000000,,,,0.00,,,
18382,,,,,,,,,,,,,,9.837361,-0.205824,-0.075802,0.055127,0.012521,0.026956,-1.004639,0.130127,-0.204834,0.098374,-0.002054,-0.000758,99749.0000,0.008863,0.023365,0.999688,0.478312,0.877841,-0.024758,-0.878145,0.478382,-0.003395,,,0.000000,,,,0.00,,,
18383,,,,,,,,,,,,,,9.813305,-0.221868,-0.055773,0.030384,0.008208,0.003233,-1.002197,0.123535,-0.204834,0.098133,-0.002213,-0.000561,,0.008969,0.023445,0.999685,0.478199,0.877899,-0.024879,-0.878205,0.478272,-0.003337,,,0.000000,,,,0.00,,,
18384,,,,,,,,,,,,,,9.806728,-0.247250,-0.021115,-0.011509,0.003204,-0.002828,-1.006592,0.127930,-0.207031,0.098067,-0.002466,-0.000214,99757.0000,0.009038,0.023544,0.999682,0.478021,0.877992,-0.025000,-0.878302,0.478095,-0.003319,,,0.000000,,,,0.00,,,
18385,,,,,,,,,,,,,,9.795452,-0.270128,-0.020637,-0.021999,-0.016056,-0.013528,-1.000000,0.123535,-0.204834,0.097955,-0.002696,-0.000209,,0.009127,0.023622,0.999679,0.477904,0.878053,-0.025111,-0.878365,0.477980,-0.003275,,,0.000000,,,,0.00,,,
18386,,,,,,,,,,,,,,9.792283,-0.297075,-0.074092,0.012653,-0.065004,-0.015843,-1.002441,0.130127,-0.207031,0.097923,-0.002965,-0.000742,99755.0000,0.009173,0.023664,0.999678,0.477716,0.878154,-0.025171,-0.878467,0.477793,-0.003250,,,0.000000,,,,0.00,,,
18387,,,,,,,,,,,,,,9.801960,-0.248059,-0.054212,0.019253,-0.011444,-0.007465,-1.004395,0.125732,-0.202637,0.098020,-0.002477,-0.000542,,0.009211,0.023737,0.999676,0.477621,0.878203,-0.025253,-0.878518,0.477698,-0.003248,,,0.000000,,,,0.00,,,
18388,,,,,,,,,,,,,,9.760408,-0.254765,-0.048937,0.011132,-0.014850,-0.048850,-1.006592,0.123535,-0.207031,0.097604,-0.002544,-0.000489,99758.0000,0.009208,0.023834,0.999674,0.477478,0.878278,-0.025338,-0.878595,0.477556,-0.003293,,,0.000000,,,,0.00,,,
18389,,,,,,,,,,,,,,9.790670,-0.271072,-0.054504,0.008501,-0.030439,-0.018165,-1.006836,0.130127,-0.200684,0.097907,-0.002709,-0.000543,,0.009179,0.023901,0.999672,0.477400,0.878319,-0.025383,-0.878638,0.477477,-0.003349,,,0.000000,,,,0.00,,,
18390,,,,,,,,,,,,,,9.830648,-0.237299,-0.040603,0.011669,0.007684,0.020898,-1.000244,0.130127,-0.200684,0.098307,-0.002370,-0.000403,99758.0000,0.009061,0.023994,0.999671,0.477253,0.878399,-0.025409,-0.878719,0.477326,-0.003492,,,0.000000,,,,0.00,,,
18391,,,,,,,,,,,,,,9.777849,-0.265247,-0.035830,-0.006685,-0.015279,-0.031190,-1.004395,0.125732,-0.207031,0.097779,-0.002652,-0.000356,,0.009017,0.024039,0.999670,0.477182,0.878436,-0.025428,-0.878758,0.477254,-0.003550,,,0.000000,,,,0.00,,,
18392,,,,,,,,,,,,,,9.793794,-0.246092,-0.002248,-0.027743,0.018612,-0.015858,-1.004395,0.127930,-0.204834,0.097938,-0.002461,-0.000020,99752.0000,0.008922,0.024099,0.999670,0.477097,0.878482,-0.025435,-0.878805,0.477167,-0.003660,,,0.000000,,,,0.00,,,
18393,,,,,,,,,,,,,,9.765053,-0.258652,-0.017546,-0.021398,0.000010,-0.044218,-1.006592,0.127930,-0.196289,0.097651,-0.002587,-0.000169,,0.008805,0.024158,0.999669,0.477069,0.878498,-0.025432,-0.878822,0.477135,-0.003790,,,0.000000,,,,0.00,,,
18394,,,,,,,,,,,,,,9.800354,-0.221716,-0.038717,0.012346,0.024523,-0.009788,-1.000000,0.127930,-0.204834,0.098004,-0.002220,-0.000379,99754.0000,0.008484,0.024284,0.999669,0.477025,0.878523,-0.025390,-0.878849,0.477083,-0.004130,,,0.000000,,,,0.00,,,
18395,,,,,,,,,,,,,,9.789098,-0.243142,-0.040382,0.001827,0.005251,-0.020489,-1.002197,0.125732,-0.204834,0.097891,-0.002431,-0.000395,,0.008326,0.024370,0.999668,0.476996,0.878539,-0.025390,-0.878866,0.477049,-0.004310,,,0.000000,,,,0.00,,,
18396,,,,,,,,,,,,,,9.825907,-0.234736,-0.081526,0.040789,-0.005596,0.016275,-1.000244,0.130127,-0.202637,0.098259,-0.002348,-0.000806,99762.0000,0.008162,0.024417,0.999669,0.476878,0.878604,-0.025354,-0.878931,0.476927,-0.004472,,,0.000000,,,,0.00,,,
18397,,,,,,,,,,,,,,9.817833,-0.230637,-0.029334,-0.004645,0.023619,0.007868,-1.004639,0.130127,-0.202637,0.098178,-0.002304,-0.000286,,0.008035,0.024527,0.999667,0.476810,0.878640,-0.025390,-0.878970,0.476855,-0.004635,,,0.000000,,,,0.00,,,
18398,,,,,,,,,,,,,,9.771282,-0.289266,-0.011004,-0.050293,-0.018428,-0.037265,-1.006592,0.125732,-0.207031,0.097713,-0.002892,-0.000103,99758.0000,0.007912,0.024709,0.999663,0.476752,0.878668,-0.025492,-0.879002,0.476793,-0.004828,,,0.000000,,,,0.00,,,
18399,,,,,,,,,,,,,,9.734493,-0.297362,0.026429,-0.089316,-0.007831,-0.074031,-1.006592,0.127930,-0.204834,0.097345,-0.002977,0.000278,,0.007627,0.024780,0.999664,0.476663,0.878718,-0.025419,-0.879053,0.476697,-0.005110,,,0.000000,,,,0.00,,,
18400,,,,,,,,,,,,,,9.752282,-0.251056,-0.010690,-0.037132,0.016024,-0.057253,-1.006836,0.134521,-0.202637,0.097523,-0.002513,-0.000091,99752.0000,0.007335,0.024850,0.999664,0.476597,0.878756,-0.025342,-0.879091,0.476623,-0.005398,,,0.000000,,,,0.00,,,
18401,,,,,,,,,,,,,,9.867354,-0.227819,-0.098030,0.048541,-0.001387,0.057663,-1.004395,0.123535,-0.202637,0.098674,-0.002282,-0.000966,,0.007034,0.024919,0.999665,0.476503,0.878810,-0.025259,-0.879145,0.476521,-0.005692,,,0.000000,,,,0.00,,,
18402,,,,,,,,,,,,,,9.813068,-0.226486,-0.075412,0.026330,0.010414,0.003243,-1.004395,0.121338,-0.211182,0.098131,-0.002267,-0.000744,99757.0000,0.006810,0.025041,0.999663,0.476435,0.878847,-0.025261,-0.879183,0.476446,-0.005945,,,0.000000,,,,0.00,,,
18403,,,,,,,,,,,,,,9.796831,-0.300179,-0.062929,-0.021904,-0.048146,-0.011200,-1.004395,0.125732,-0.202637,0.097968,-0.003003,-0.000620,,0.006609,0.025111,0.999663,0.476349,0.878894,-0.025226,-0.879231,0.476356,-0.006152,,,0.000000,,,,0.00,,,
18404,,,,,,,,,,,,,,9.723355,-0.316235,0.013659,-0.099332,-0.028756,-0.084731,-1.004395,0.125732,-0.202637,0.097233,-0.003167,0.000151,99753.0000,0.006345,0.024990,0.999668,0.476144,0.879012,-0.024996,-0.879345,0.476144,-0.006321,,,0.000000,,,,0.00,,,
18405,,,,,,,,,,,,,,9.800156,-0.272013,-0.014782,-0.056422,-0.001393,-0.008909,-1.004150,0.118896,-0.200439,0.098001,-0.002731,-0.000130,,0.005911,0.024959,0.999671,0.476090,0.879048,-0.024762,-0.879377,0.476080,-0.006686,,,0.000000,,,,0.00,,,
18406,,,,,,,,,,,,,,9.883508,-0.148696,-0.126387,0.095894,0.054887,0.072130,-1.006592,0.125732,-0.202637,0.098835,-0.001494,-0.001246,99758.0000,0.005413,0.024890,0.999676,0.475874,0.879173,-0.024466,-0.879497,0.475852,-0.007085,,,0.000000,,,,0.00,,,
18407,,,,,,,,,,,,,,9.942534,-0.150945,-0.120411,0.086807,0.057868,0.131174,-1.004395,0.123535,-0.208984,0.099425,-0.001511,-0.001193,,0.005183,0.024969,0.999675,0.475671,0.879284,-0.024428,-0.879608,0.475643,-0.007320,,,0.000000,,,,0.00,,,
18408,,,,,,,,,,,,,,9.896076,-0.209155,-0.101934,0.042012,0.013673,0.086025,-1.006592,0.125732,-0.202637,0.098961,-0.002091,-0.001016,99758.0000,0.005195,0.024879,0.999677,0.475396,0.879435,-0.024357,-0.879756,0.475369,-0.007258,,,0.000000,,,,0.00,,,
18409,,,,,,,,,,,,,,9.838748,-0.206795,0.010143,-0.056640,0.068303,0.027839,-1.006592,0.127930,-0.200684,0.098388,-0.002065,0.000109,,0.005078,0.024993,0.999675,0.475162,0.879560,-0.024404,-0.879884,0.475131,-0.007410,,,0.000000,,,,0.00,,,
18410,,,,,,,,,,,,,,9.877287,-0.144866,0.041741,-0.056588,0.140559,0.064588,-1.010986,0.125732,-0.204834,0.098773,-0.001444,0.000433,99754.0000,0.004834,0.025238,0.999670,0.474812,0.879746,-0.024506,-0.880074,0.474774,-0.007731,,,0.000000,,,,0.00,,,
18411,,,,,,,,,,,,,,10.122202,0.138009,-0.082497,0.185354,0.340482,0.303366,-1.008789,0.123535,-0.202637,0.101222,0.001396,-0.000797,,0.004494,0.025774,0.999658,0.474293,0.880017,-0.024822,-0.880356,0.474242,-0.008269,,,0.000000,,,,0.00,,,
18412,,,,,,,,,,,,,,10.539854,0.517936,-0.312991,0.569039,0.584078,0.712985,-1.009033,0.132324,-0.207031,0.105396,0.005236,-0.003104,99759.0000,0.004603,0.026794,0.999630,0.473440,0.880449,-0.025780,-0.880814,0.473384,-0.008632,,,0.000000,,,,0.00,,,
18413,,,,,,,,,,,,,,10.944775,0.921082,-0.502513,0.934583,0.877976,1.107233,-1.009033,0.130127,-0.200684,0.109437,0.009340,-0.005018,,0.005673,0.028813,0.999569,0.472245,0.881020,-0.028076,-0.881449,0.472200,-0.008609,,,0.000000,,,,0.00,,,
18414,,,,,,,,,,,,,,11.536373,1.541049,-0.471264,1.222338,1.487785,1.675437,-1.002441,0.134521,-0.202637,0.115330,0.015656,-0.004730,99749.0000,0.008151,0.032221,0.999448,0.470870,0.881612,-0.032262,-0.882165,0.470873,-0.007986,,,0.000000,,,,0.00,,,
18415,,,,,,,,,,,,,,12.427441,2.446138,-0.418446,1.647941,2.393521,2.522413,-1.002686,0.138916,-0.207031,0.124188,0.024882,-0.004252,,0.012495,0.037512,0.999218,0.469667,0.881983,-0.038983,-0.882755,0.469787,-0.006598,,,0.000000,,,,0.00,,,
18416,,,,,,,,,,,,,,13.138669,2.661328,-0.403962,1.811775,2.698019,3.199119,-0.989746,0.152344,-0.213379,0.131248,0.027267,-0.004170,99755.0000,0.018996,0.044988,0.998807,0.468702,0.882016,-0.048642,-0.883152,0.469067,-0.004331,,,0.000000,,,,0.00,,,
18417,,,,,,,,,,,,,,19.151084,4.761884,-1.784514,4.247756,4.270912,9.064204,-0.994385,0.154541,-0.209229,0.191272,0.048397,-0.018298,,0.026431,0.050565,0.998371,0.471318,0.880116,-0.057054,-0.881567,0.472058,-0.000570,,,0.000000,,,,0.00,,,
18418,,,,,,,,,,,,,,17.132892,6.711068,-2.122790,5.624350,5.679934,6.895899,-0.989990,0.154541,-0.226318,0.171137,0.067063,-0.022845,99752.0000,0.039715,0.043586,0.998260,0.480294,0.875232,-0.057322,-0.876208,0.481735,0.013826,,,0.000000,,,,0.00,,,
18419,,,,,,,,,,,,,,13.669042,5.229639,-1.053738,4.102160,4.586809,3.507539,-0.990234,0.165527,-0.228516,0.136599,0.052212,-0.012006,,0.053239,0.036108,0.997929,0.494055,0.867511,-0.057747,-0.867799,0.496106,0.028346,,,0.000000,,,,0.00,,,
18420,,,,,,,,,,,,,,11.524896,3.430518,-0.929608,3.213372,2.860361,1.454229,-0.979492,0.170166,-0.237061,0.115139,0.034316,-0.010518,99758.0000,0.067401,0.028407,0.997321,0.508385,0.859118,-0.058829,-0.858488,0.510988,0.043464,,,0.000000,,,,0.00,,,
18421,,,,,,,,,,,,,,9.421083,3.215777,-1.623624,3.744758,2.168032,-0.701823,-0.968750,0.181152,-0.245605,0.094004,0.032304,-0.017110,,0.081874,0.026360,0.996294,0.520667,0.851258,-0.065310,-0.849825,0.524085,0.055971,,,0.000000,,,,0.00,,,
18422,,,,,,,,,,,,,,8.164192,3.088484,-2.844869,4.743097,1.328838,-2.065316,-0.960693,0.201172,-0.241455,0.081367,0.031061,-0.029035,99758.0000,0.093359,0.028611,0.995221,0.532151,0.843395,-0.074165,-0.841486,0.536532,0.063513,,,0.000000,,,,0.00,,,
18423,,,,,,,,,,,,,,7.711949,3.533680,-3.807367,5.847330,1.132990,-2.672589,-0.958496,0.207764,-0.245605,0.076843,0.035377,-0.038591,,0.103668,0.030789,0.994135,0.542189,0.836203,-0.082437,-0.833837,0.547555,0.069994,,,0.000000,,,,0.00,,,
18424,,,,,,,,,,,,,,6.706308,3.772718,-3.989426,6.085686,1.132476,-3.746004,-0.960938,0.212158,-0.247803,0.066884,0.037592,-0.040320,99757.0000,0.108703,0.030597,0.993603,0.553805,0.828184,-0.086091,-0.825520,0.559621,0.073081,,,0.000000,,,,0.00,,,
18425,,,,,,,,,,,,,,6.529993,4.056660,-4.789777,6.924712,0.839972,-4.035019,-0.958984,0.216797,-0.243652,0.065191,0.040332,-0.048242,,0.112135,0.030647,0.993220,0.563826,0.821085,-0.088991,-0.818246,0.569982,0.074793,,,0.000000,,,,0.00,,,
18426,,,,,,,,,,,,,,7.174980,3.369192,-5.773308,7.418370,-0.347644,-3.408822,-0.956787,0.218994,-0.237305,0.071683,0.033470,-0.057945,99755.0000,0.112174,0.031267,0.993197,0.573338,0.814317,-0.090390,-0.811604,0.579577,0.073418,,,0.000000,,,,0.00,,,
18427,,,,,,,,,,,,,,7.302898,2.645486,-6.402207,7.530249,-1.353171,-3.271798,-0.956787,0.221191,-0.237305,0.072988,0.026242,-0.064156,,0.113473,0.031710,0.993035,0.579614,0.809672,-0.092086,-0.806952,0.586026,0.073496,,,0.000000,,,,0.00,,,
18428,,,,,,,,,,,,,,7.119361,1.970611,-6.728163,7.353270,-2.159029,-3.401400,-0.952393,0.221191,-0.237305,0.071169,0.019480,-0.067373,99758.0000,0.111094,0.029667,0.993367,0.585677,0.805582,-0.089558,-0.802895,0.591742,0.072120,,,0.000000,,,,0.00,,,
18429,,,,,,,,,,,,,,6.698593,1.288115,-6.865399,7.001843,-2.846436,-3.768192,-0.958984,0.223389,-0.241455,0.066978,0.012664,-0.068702,,0.109592,0.026091,0.993634,0.588200,0.804131,-0.085990,-0.801256,0.593879,0.072780,,,0.000000,,,,0.00,,,
18430,,,,,,,,,,,,,,6.590908,0.794069,-6.738945,6.557691,-3.218370,-3.802476,-0.958496,0.207764,-0.232910,0.065929,0.007742,-0.067393,99754.0000,0.103335,0.020469,0.994436,0.589916,0.803704,-0.077844,-0.800825,0.594677,0.070976,,,0.000000,,,,0.00,,,
18431,,,,,,,,,,,,,,6.791908,0.737555,-6.596011,6.404856,-3.201963,-3.575181,-0.967041,0.198975,-0.235107,0.067991,0.007193,-0.065906,,0.097286,0.014374,0.995153,0.588160,0.805784,-0.069137,-0.802872,0.592035,0.069938,,,0.000000,,,,0.00,,,
18432,,,,,,,,,,,,,,6.951327,1.026590,-6.235494,6.247028,-2.775747,-3.368630,-0.969238,0.196777,-0.232910,0.069658,0.010108,-0.062219,99758.0000,0.086190,0.007871,0.996248,0.585090,0.808962,-0.057010,-0.806375,0.587809,0.065119,,,0.000000,,,,0.00,,,
18433,,,,,,,,,,,,,,7.290170,1.811341,-5.967034,6.472898,-1.981217,-3.014973,-0.977539,0.181152,-0.234863,0.073145,0.017970,-0.059415,,0.075971,0.002232,0.997108,0.579363,0.813773,-0.045964,-0.811522,0.581179,0.060530,,,0.000000,,,,0.00,,,
18434,,,,,,,,,,,,,,7.834477,2.697781,-5.708306,6.731292,-1.102009,-2.415650,-0.977295,0.170166,-0.226318,0.078677,0.026806,-0.056705,99756.0000,0.061517,-0.003294,0.998101,0.573174,0.818784,-0.032625,-0.817121,0.574092,0.052257,,,0.000000,,,,0.00,,,
18435,,,,,,,,,,,,,,8.389140,3.161297,-5.440142,6.724037,-0.556804,-1.785079,-0.985596,0.154541,-0.224121,0.084278,0.031362,-0.053945,,0.048627,-0.009005,0.998776,0.566066,0.824114,-0.020129,-0.822924,0.566352,0.045172,,,0.000000,,,,0.00,,,
18436,,,,,,,,,,,,,,8.858084,3.384092,-5.179931,6.525713,-0.228178,-1.203934,-0.989746,0.147949,-0.221924,0.088998,0.033504,-0.051299,99759.0000,0.031990,-0.015232,0.999372,0.559592,0.828752,-0.005281,-0.828151,0.559409,0.035035,,,0.000000,,,,0.00,,,
18437,,,,,,,,,,,,,,9.163743,3.629680,-4.956412,6.364259,0.095155,-0.801592,-1.000244,0.130127,-0.215576,0.092076,0.035927,-0.049016,,0.017803,-0.020750,0.999626,0.553043,0.833119,0.007445,-0.832963,0.552704,0.026308,,,0.000000,,,,0.00,,,
18438,,,,,,,,,,,,,,9.838198,3.932834,-4.864615,6.302323,0.382715,-0.011988,-1.004150,0.116699,-0.213379,0.098826,0.038965,-0.048033,99731.0000,0.000747,-0.024698,0.999695,0.547385,0.836636,0.020260,-0.836881,0.547202,0.014144,,,0.000000,,,,0.00,,,
18439,,,,,,,,,,,,,,10.617685,4.070934,-4.615845,6.026048,0.621548,0.860261,-1.014893,0.112305,-0.202637,0.106588,0.040348,-0.045520,,-0.012544,-0.027189,0.999552,0.542365,0.839620,0.029645,-0.840049,0.542494,0.004214,,,0.000000,,,,0.00,,,
18440,,,,,,,,,,,,,,10.567065,3.455222,-4.007221,5.004448,0.432708,0.884299,-1.014648,0.099121,-0.196045,0.106012,0.034149,-0.039511,99726.0000,-0.028537,-0.029795,0.999149,0.539151,0.841236,0.040484,-0.841726,0.539847,-0.007942,,,0.000000,,,,0.00,,,
18441,,,,,,,,,,,,,,9.173629,2.538607,-2.967844,3.537029,0.245940,-0.494148,-1.022949,0.085693,-0.187500,0.092023,0.024911,-0.029184,,-0.043065,-0.033514,0.998510,0.537047,0.841984,0.051423,-0.842452,0.538461,-0.018261,,,0.000000,,,,0.00,,,
18442,,,,,,,,,,,,,,8.878372,2.314863,-2.556832,2.904234,0.253406,-0.745159,-1.027100,0.074463,-0.168457,0.089098,0.022559,-0.024991,99734.0000,-0.064312,-0.037966,0.997207,0.535885,0.841660,0.066604,-0.841838,0.538672,-0.033783,,,0.000000,,,,0.00,,,
18443,,,,,,,,,,,,,,9.814764,2.691975,-2.569812,2.870195,0.492220,0.271751,-1.037842,0.065674,-0.153320,0.098530,0.026240,-0.024918,,-0.085083,-0.041025,0.995529,0.534825,0.841132,0.080371,-0.840669,0.539272,-0.049625,,,0.000000,,,,0.00,,,
18444,,,,,,,,,,,,,,11.424328,2.941370,-2.618459,2.639170,0.583664,1.964909,-1.041748,0.052246,-0.142822,0.114647,0.028703,-0.025181,99731.0000,-0.109752,-0.041738,0.993082,0.534455,0.839912,0.094367,-0.838041,0.541115,-0.069875,,,0.000000,,,,0.00,,,
18445,,,,,,,,,,,,,,12.608991,2.817585,-2.356512,1.964501,0.563179,3.160214,-1.045898,0.045654,-0.123535,0.126440,0.027472,-0.022481,,-0.130213,-0.041458,0.990619,0.534099,0.838837,0.105311,-0.835334,0.542801,-0.087085,,,0.000000,,,,0.00,,,
18446,,,,,,,,,,,,,,13.185153,2.429645,-2.089551,1.158106,0.349239,3.702083,-1.054443,0.034424,-0.114990,0.132138,0.023572,-0.019879,99721.0000,-0.152143,-0.041635,0.987481,0.534826,0.836728,0.117680,-0.831152,0.546034,-0.105035,,,0.000000,,,,0.00,,,
18447,,,,,,,,,,,,,,13.264579,2.187039,-1.623671,0.387433,0.379883,3.717639,-1.053955,0.023438,-0.093750,0.132862,0.021173,-0.015357,,-0.168991,-0.042590,0.984697,0.535610,0.834705,0.128023,-0.827383,0.549049,-0.118246,,,0.000000,,,,0.00,,,
18448,,,,,,,,,,,,,,12.414266,1.468796,-0.990839,-0.621066,0.148060,2.710991,-1.060547,0.018799,-0.089355,0.124263,0.014136,-0.009157,99723.0000,-0.186821,-0.042764,0.981463,0.537125,0.832055,0.138496,-0.822553,0.553043,-0.132475,,,0.000000,,,,0.00,,,
18449,,,,,,,,,,,,,,10.313991,0.283010,0.058790,-1.901361,-0.171746,0.327095,-1.064697,0.016602,-0.074463,0.103144,0.002401,0.001257,,-0.202057,-0.042430,0.978454,0.538066,0.829967,0.147105,-0.818326,0.556196,-0.144870,,,0.000000,,,,0.00,,,
18450,,,,,,,,,,,,,,9.344048,-0.182059,0.388689,-2.409765,-0.325536,-0.780516,-1.071045,0.003174,-0.048828,0.093397,-0.002262,0.004607,99721.0000,-0.222370,-0.041567,0.974076,0.538575,0.827580,0.158266,-0.812704,0.559807,-0.161642,,,0.000000,,,,0.00,,,
18451,,,,,,,,,,,,,,10.267065,-0.077851,-0.167114,-2.290562,-0.578534,0.180391,-1.072754,-0.010010,-0.042480,0.102674,-0.001309,-0.000776,,-0.242068,-0.040297,0.969422,0.537487,0.826254,0.168558,-0.807781,0.561854,-0.178350,,,0.000000,,,,0.00,,,
18452,,,,,,,,,,,,,,11.588452,0.175487,-1.103824,-1.963924,-0.930819,1.624680,-1.074707,-0.014648,-0.020996,0.115983,0.001181,-0.010009,99727.0000,-0.264052,-0.038227,0.963751,0.535655,0.825141,0.179490,-0.802091,0.563633,-0.197404,,,0.000000,,,,0.00,,,
18453,,,,,,,,,,,,,,12.303053,0.208372,-1.526020,-2.025725,-1.146181,2.365802,-1.078857,-0.025635,-0.010498,0.123157,0.001551,-0.014253,,-0.281842,-0.036185,0.958778,0.532794,0.825152,0.187761,-0.797932,0.563750,-0.213283,,,0.000000,,,,0.00,,,
18454,,,,,,,,,,,,,,12.001690,0.110373,-1.083883,-2.580606,-0.949013,1.920351,-1.078613,-0.027832,0.004395,0.120092,0.000609,-0.009993,99728.0000,-0.299611,-0.035215,0.953411,0.529053,0.825466,0.196744,-0.793937,0.563352,-0.228688,,,0.000000,,,,0.00,,,
