// Start Time: Unknown
// Update Rate: 100.0Hz
// Filter Profile: human (46.1)
// Firmware Version: 4.6.0
PacketCounter,SampleTimeFine,Year,Month,Day,Second,UTC_Nano,UTC_Year,UTC_Month,UTC_Day,UTC_Hour,UTC_Minute,UTC_Second,UTC_Valid,Acc_X,Acc_Y,Acc_Z,FreeAcc_X,FreeAcc_Y,FreeAcc_Z,Mag_X,Mag_Y,Mag_Z,VelInc_X,VelInc_Y,VelInc_Z,Pressure,Mat[1][1],Mat[2][1],Mat[3][1],Mat[1][2],Mat[2][2],Mat[3][2],Mat[1][3],Mat[2][3],Mat[3][3],Latitude,Longitude,Altitude,Vel_X,Vel_Y,Vel_Z,Temperature,GyrTemp_X,GyrTemp_Y,GyrTemp_Z
18295,,,,,,,,,,,,,,9.786563,-0.885722,-0.059736,-0.000000,0.000000,0.014056,-0.919434,-2.015381,-0.086914,0.097864,-0.008871,-0.000593,,-0.090475,-0.000283,0.995899,-0.993882,0.063626,-0.090274,-0.063340,-0.997974,-0.006038,,,0.000000,,,,0.00,,,
18296,,,,,,,,,,,,,,9.799837,-0.923015,-0.057913,0.030195,0.010655,0.030640,-0.911133,-2.013184,-0.084717,0.097997,-0.009245,-0.000575,99942.0000,-0.090754,0.001079,0.995873,-0.993881,0.063127,-0.090640,-0.062964,-0.998005,-0.004657,,,0.000000,,,,0.00,,,
18297,,,,,,,,,,,,,,9.832361,-0.909258,-0.052739,0.016111,0.005582,0.061753,-0.912842,-2.019531,-0.082275,0.098322,-0.009107,-0.000526,,-0.090468,0.001022,0.995899,-0.993910,0.063089,-0.090352,-0.062922,-0.998007,-0.004692,,,0.000000,,,,0.00,,,
18298,,,,,,,,,,,,,,9.831819,-0.893531,-0.073744,0.004430,0.026845,0.059889,-0.913086,-2.013184,-0.091309,0.098317,-0.008946,-0.000734,99936.0000,-0.090244,0.000934,0.995919,-0.993933,0.063047,-0.090123,-0.062874,-0.998010,-0.004761,,,0.000000,,,,0.00,,,
18299,,,,,,,,,,,,,,9.832780,-0.904657,-0.053791,0.016220,0.005548,0.061752,-0.913086,-2.013184,-0.093506,0.098327,-0.009057,-0.000536,,-0.090039,0.000864,0.995938,-0.993960,0.062922,-0.089914,-0.062744,-0.998018,-0.004806,,,0.000000,,,,0.00,,,
18300,,,,,,,,,,,,,,9.809902,-0.881601,-0.068607,-0.001911,0.021324,0.036964,-0.915283,-2.009033,-0.091309,0.098098,-0.008824,-0.000685,99939.0000,-0.089880,0.000818,0.995952,-0.993985,0.062749,-0.089754,-0.062568,-0.998029,-0.004827,,,0.000000,,,,0.00,,,
18301,,,,,,,,,,,,,,9.786199,-0.845751,-0.103719,-0.031826,0.058405,0.010312,-0.911133,-2.011230,-0.082520,0.097861,-0.008464,-0.001037,,-0.089756,0.000790,0.995963,-0.994010,0.062530,-0.089629,-0.062349,-0.998043,-0.004827,,,0.000000,,,,0.00,,,
18302,,,,,,,,,,,,,,9.731774,-0.847589,-0.103689,-0.024069,0.057925,-0.043724,-0.913086,-2.017578,-0.082275,0.097317,-0.008480,-0.001035,99942.0000,-0.089666,0.000722,0.995972,-0.994034,0.062291,-0.089537,-0.062105,-0.998058,-0.004867,,,0.000000,,,,0.00,,,
18303,,,,,,,,,,,,,,9.754911,-0.867792,-0.089526,-0.005944,0.042141,-0.018936,-0.913086,-2.013184,-0.082520,0.097549,-0.008684,-0.000894,,-0.089550,0.000655,0.995982,-0.994062,0.062004,-0.089418,-0.061813,-0.998076,-0.004901,,,0.000000,,,,0.00,,,
18304,,,,,,,,,,,,,,9.809495,-0.864054,-0.090267,-0.013667,0.042481,0.035101,-0.913086,-2.015381,-0.080322,0.098095,-0.008643,-0.000899,99946.0000,-0.089497,0.000539,0.995987,-0.994089,0.061654,-0.089359,-0.061455,-0.998097,-0.004982,,,0.000000,,,,0.00,,,
18305,,,,,,,,,,,,,,9.830273,-0.838976,-0.046849,-0.042714,0.000010,0.053341,-0.913086,-2.015381,-0.086914,0.098303,-0.008392,-0.000465,,-0.089463,0.000437,0.995990,-0.994119,0.061229,-0.089322,-0.061022,-0.998124,-0.005044,,,0.000000,,,,0.00,,,
18306,,,,,,,,,,,,,,9.831823,-0.871266,-0.097385,-0.007266,0.047865,0.058026,-0.910889,-2.015381,-0.082520,0.098318,-0.008714,-0.000972,99942.0000,-0.089420,0.000345,0.995994,-0.994156,0.060696,-0.089276,-0.060484,-0.998156,-0.005085,,,0.000000,,,,0.00,,,
18307,,,,,,,,,,,,,,9.819547,-0.844145,-0.079825,-0.034019,0.031765,0.043290,-0.912842,-2.021729,-0.088867,0.098195,-0.008442,-0.000798,,-0.089417,0.000282,0.995994,-0.994191,0.060117,-0.089273,-0.059901,-0.998191,-0.005095,,,0.000000,,,,0.00,,,
18308,,,,,,,,,,,,,,9.809564,-0.863158,-0.091291,-0.013499,0.042156,0.035103,-0.913086,-2.013184,-0.086914,0.098096,-0.008631,-0.000916,99939.0000,-0.089418,0.000278,0.995994,-0.994229,0.059492,-0.089276,-0.059278,-0.998229,-0.005043,,,0.000000,,,,0.00,,,
18309,,,,,,,,,,,,,,9.785693,-0.829101,-0.125595,-0.043415,0.079238,0.008453,-0.915039,-2.019531,-0.082275,0.097857,-0.008289,-0.001261,,-0.089445,0.000319,0.995992,-0.994264,0.058841,-0.089308,-0.058633,-0.998267,-0.004946,,,0.000000,,,,0.00,,,
18310,,,,,,,,,,,,,,9.797976,-0.856311,-0.142268,-0.016505,0.095022,0.023193,-0.910889,-2.017578,-0.084473,0.097980,-0.008563,-0.001428,99945.0000,-0.089428,0.000349,0.995993,-0.994302,0.058214,-0.089297,-0.058012,-0.998304,-0.004859,,,0.000000,,,,0.00,,,
18311,,,,,,,,,,,,,,9.761841,-0.795134,-0.158705,-0.073174,0.116006,-0.018191,-0.915283,-2.011230,-0.086914,0.097618,-0.007951,-0.001592,,-0.089421,0.000388,0.995994,-0.994340,0.057570,-0.089295,-0.057374,-0.998341,-0.004762,,,0.000000,,,,0.00,,,
18312,,,,,,,,,,,,,,9.751138,-0.794447,-0.099127,-0.076096,0.056767,-0.029199,-0.908691,-2.021729,-0.086670,0.097511,-0.007944,-0.000994,99936.0000,-0.089398,0.000346,0.995996,-0.994376,0.056986,-0.089272,-0.056788,-0.998375,-0.004750,,,0.000000,,,,0.00,,,
18313,,,,,,,,,,,,,,9.737263,-0.741319,-0.122144,-0.126430,0.083263,-0.047656,-0.910889,-2.015381,-0.082520,0.097373,-0.007413,-0.001223,,-0.089398,0.000342,0.995996,-0.994408,0.056416,-0.089275,-0.056221,-0.998407,-0.004704,,,0.000000,,,,0.00,,,
18314,,,,,,,,,,,,,,9.768732,-0.717113,-0.136779,-0.151804,0.098780,-0.018388,-0.915283,-2.015381,-0.086914,0.097687,-0.007173,-0.001368,99939.0000,-0.089299,0.000239,0.996005,-0.994447,0.055885,-0.089173,-0.055683,-0.998437,-0.004753,,,0.000000,,,,0.00,,,
18315,,,,,,,,,,,,,,9.756474,-0.689623,-0.119147,-0.178559,0.082683,-0.033125,-0.915283,-2.015381,-0.080322,0.097565,-0.006899,-0.001191,,-0.089243,0.000193,0.996010,-0.994477,0.055439,-0.089117,-0.055235,-0.998462,-0.004755,,,0.000000,,,,0.00,,,
18316,,,,,,,,,,,,,,9.789553,-0.691188,-0.092775,-0.179946,0.055379,-0.000131,-0.908936,-2.015381,-0.088867,0.097895,-0.006915,-0.000929,99936.0000,-0.089087,0.000093,0.996024,-0.994512,0.055070,-0.088957,-0.054860,-0.998482,-0.004814,,,0.000000,,,,0.00,,,
18317,,,,,,,,,,,,,,9.776514,-0.650346,-0.095789,-0.218493,0.060581,-0.016722,-0.913086,-2.015381,-0.082520,0.097765,-0.006508,-0.000957,,-0.088997,0.000041,0.996032,-0.994536,0.054775,-0.088865,-0.054561,-0.998499,-0.004834,,,0.000000,,,,0.00,,,
18318,,,,,,,,,,,,,,9.745128,-0.673429,-0.081219,-0.191207,0.043353,-0.045948,-0.916992,-2.021729,-0.082275,0.097451,-0.006739,-0.000810,99939.0000,-0.088754,-0.000126,0.996054,-0.994569,0.054585,-0.088615,-0.054358,-0.998509,-0.004970,,,0.000000,,,,0.00,,,
18319,,,,,,,,,,,,,,9.776657,-0.648098,-0.096428,-0.217070,0.059565,-0.016684,-0.908936,-2.017578,-0.077881,0.097766,-0.006489,-0.000964,,-0.088585,-0.000161,0.996069,-0.994595,0.054394,-0.088445,-0.054166,-0.998520,-0.004979,,,0.000000,,,,0.00,,,
18320,,,,,,,,,,,,,,9.777564,-0.659565,-0.075964,-0.203171,0.037050,-0.014784,-0.910889,-2.019531,-0.084473,0.097775,-0.006603,-0.000759,99946.0000,-0.088217,-0.000321,0.996101,-0.994634,0.054278,-0.088070,-0.054038,-0.998526,-0.005107,,,0.000000,,,,0.00,,,
18321,,,,,,,,,,,,,,9.822218,-0.674013,-0.088108,-0.190475,0.048051,0.031063,-0.913086,-2.017578,-0.080322,0.098222,-0.006749,-0.000880,,-0.088043,-0.000366,0.996117,-0.994654,0.054196,-0.087894,-0.053953,-0.998530,-0.005135,,,0.000000,,,,0.00,,,
18322,,,,,,,,,,,,,,9.832295,-0.653299,-0.076560,-0.208389,0.036263,0.039315,-0.913086,-2.015381,-0.082520,0.098322,-0.006541,-0.000766,99934.0000,-0.087620,-0.000485,0.996154,-0.994693,0.054190,-0.087465,-0.053940,-0.998531,-0.005231,,,0.000000,,,,0.00,,,
18323,,,,,,,,,,,,,,9.821636,-0.657624,-0.108673,-0.199769,0.068154,0.029277,-0.912842,-2.019531,-0.082275,0.098216,-0.006584,-0.001088,,-0.087456,-0.000474,0.996168,-0.994705,0.054225,-0.087302,-0.053976,-0.998529,-0.005214,,,0.000000,,,,0.00,,,
18324,,,,,,,,,,,,,,9.812601,-0.688100,-0.099493,-0.164666,0.056134,0.022975,-0.917236,-2.019531,-0.084473,0.098125,-0.006889,-0.000996,99939.0000,-0.087005,-0.000588,0.996208,-0.994740,0.054319,-0.086845,-0.054062,-0.998523,-0.005311,,,0.000000,,,,0.00,,,
18325,,,,,,,,,,,,,,9.855697,-0.669753,-0.061402,-0.187334,0.019144,0.064136,-0.915283,-2.015381,-0.082520,0.098557,-0.006704,-0.000614,,-0.086882,-0.000578,0.996218,-0.994743,0.054452,-0.086722,-0.054196,-0.998516,-0.005305,,,0.000000,,,,0.00,,,
18326,,,,,,,,,,,,,,9.822720,-0.666711,-0.087677,-0.181747,0.044154,0.031246,-0.910889,-2.021729,-0.082275,0.098227,-0.006671,-0.000877,99948.0000,-0.086469,-0.000714,0.996254,-0.994771,0.054607,-0.086301,-0.054341,-0.998508,-0.005432,,,0.000000,,,,0.00,,,
18327,,,,,,,,,,,,,,9.845044,-0.674097,-0.093467,-0.175387,0.049647,0.054166,-0.908936,-2.017578,-0.080078,0.098450,-0.006743,-0.000936,,-0.086420,-0.000665,0.996259,-0.994762,0.054844,-0.086254,-0.054581,-0.998495,-0.005401,,,0.000000,,,,0.00,,,
18328,,,,,,,,,,,,,,9.803719,-0.716737,-0.089474,-0.125184,0.042459,0.016715,-0.912842,-2.017578,-0.091064,0.098037,-0.007169,-0.000900,99940.0000,-0.085976,-0.000698,0.996297,-0.994787,0.055108,-0.085807,-0.054844,-0.998480,-0.005432,,,0.000000,,,,0.00,,,
18329,,,,,,,,,,,,,,9.784663,-0.767629,-0.091161,-0.072588,0.042352,0.002104,-0.913086,-2.015381,-0.084717,0.097847,-0.007676,-0.000916,,-0.085972,-0.000588,0.996297,-0.994775,0.055311,-0.085808,-0.055055,-0.998469,-0.005340,,,0.000000,,,,0.00,,,
18330,,,,,,,,,,,,,,9.795437,-0.761541,-0.058053,-0.077974,0.009454,0.012165,-0.910889,-2.017578,-0.082275,0.097954,-0.007617,-0.000584,99936.0000,-0.085611,-0.000600,0.996328,-0.994796,0.055495,-0.085446,-0.055240,-0.998459,-0.005348,,,0.000000,,,,0.00,,,
18331,,,,,,,,,,,,,,9.753292,-0.791294,-0.074736,-0.043566,0.025164,-0.027193,-0.913086,-2.017578,-0.086670,0.097533,-0.007914,-0.000751,,-0.085588,-0.000521,0.996330,-0.994787,0.055688,-0.085427,-0.055439,-0.998448,-0.005284,,,0.000000,,,,0.00,,,
18332,,,,,,,,,,,,,,9.752493,-0.778181,-0.094706,-0.051768,0.044865,-0.028978,-0.911133,-2.013184,-0.082520,0.097525,-0.007781,-0.000950,99940.0000,-0.085233,-0.000603,0.996361,-0.994807,0.055885,-0.085066,-0.055630,-0.998437,-0.005363,,,0.000000,,,,0.00,,,
18333,,,,,,,,,,,,,,9.775594,-0.799183,-0.079534,-0.033590,0.029049,-0.004258,-0.910889,-2.017578,-0.086670,0.097756,-0.007993,-0.000797,,-0.085203,-0.000548,0.996363,-0.994799,0.056063,-0.085039,-0.055813,-0.998427,-0.005322,,,0.000000,,,,0.00,,,
18334,,,,,,,,,,,,,,9.766487,-0.830965,-0.070301,0.001355,0.016667,-0.010676,-0.915283,-2.013184,-0.084717,0.097665,-0.008311,-0.000704,99942.0000,-0.084891,-0.000681,0.996390,-0.994814,0.056286,-0.084718,-0.056025,-0.998414,-0.005456,,,0.000000,,,,0.00,,,
18335,,,,,,,,,,,,,,9.776469,-0.811482,-0.058241,-0.019051,0.006067,-0.002446,-0.913086,-2.017578,-0.088867,0.097764,-0.008118,-0.000585,,-0.084822,-0.000612,0.996396,-0.994808,0.056489,-0.084652,-0.056234,-0.998403,-0.005401,,,0.000000,,,,0.00,,,
18336,,,,,,,,,,,,,,9.788883,-0.837737,-0.075458,0.010408,0.020651,0.012239,-0.910889,-2.015381,-0.086914,0.097888,-0.008381,-0.000756,99940.0000,-0.084469,-0.000719,0.996426,-0.994825,0.056726,-0.084293,-0.056463,-0.998390,-0.005507,,,0.000000,,,,0.00,,,
18337,,,,,,,,,,,,,,9.767478,-0.841958,-0.048486,0.015778,-0.006124,-0.008883,-0.911133,-2.011230,-0.086914,0.097674,-0.008424,-0.000488,,-0.084372,-0.000646,0.996434,-0.994819,0.056971,-0.084198,-0.056714,-0.998376,-0.005449,,,0.000000,,,,0.00,,,
18338,,,,,,,,,,,,,,9.768404,-0.860530,-0.118493,0.040903,0.061742,-0.006017,-0.913086,-2.015381,-0.086914,0.097683,-0.008613,-0.001187,99938.0000,-0.084069,-0.000728,0.996460,-0.994830,0.057237,-0.083889,-0.056974,-0.998360,-0.005536,,,0.000000,,,,0.00,,,
18339,,,,,,,,,,,,,,9.770152,-0.885230,-0.076819,0.064470,0.019140,-0.002443,-0.908936,-2.015381,-0.084717,0.097701,-0.008860,-0.000771,,-0.083908,-0.000664,0.996473,-0.994832,0.057425,-0.083732,-0.057167,-0.998350,-0.005479,,,0.000000,,,,0.00,,,
18340,,,,,,,,,,,,,,9.790152,-0.845582,-0.052998,0.025814,-0.003940,0.014022,-0.917236,-2.017578,-0.082520,0.097901,-0.008465,-0.000531,99946.0000,-0.083511,-0.000824,0.996506,-0.994856,0.057601,-0.083325,-0.057331,-0.998339,-0.005630,,,0.000000,,,,0.00,,,
18341,,,,,,,,,,,,,,9.735811,-0.846714,-0.052613,0.033347,-0.004274,-0.040043,-0.910889,-2.015381,-0.082520,0.097357,-0.008477,-0.000527,,-0.083306,-0.000821,0.996524,-0.994870,0.057662,-0.083120,-0.057394,-0.998336,-0.005620,,,0.000000,,,,0.00,,,
18342,,,,,,,,,,,,,,9.778171,-0.821006,-0.126305,0.013188,0.067865,0.000459,-0.910645,-2.021729,-0.088867,0.097781,-0.008223,-0.001262,99943.0000,-0.082801,-0.001135,0.996565,-0.994915,0.057634,-0.082598,-0.057342,-0.998337,-0.005901,,,0.000000,,,,0.00,,,
18343,,,,,,,,,,,,,,9.746188,-0.829350,-0.132145,0.027111,0.072999,-0.030693,-0.910889,-2.019531,-0.088867,0.097461,-0.008307,-0.001322,,-0.082521,-0.001149,0.996589,-0.994938,0.057639,-0.082318,-0.057348,-0.998337,-0.005900,,,0.000000,,,,0.00,,,
18344,,,,,,,,,,,,,,9.822394,-0.818585,-0.158531,0.017316,0.098735,0.044523,-0.910889,-2.017578,-0.086670,0.098223,-0.008197,-0.001589,99936.0000,-0.081969,-0.001233,0.996634,-0.994985,0.057614,-0.081762,-0.057319,-0.998338,-0.005950,,,0.000000,,,,0.00,,,
18345,,,,,,,,,,,,,,9.844866,-0.817507,-0.071728,0.011909,0.013603,0.066307,-0.910645,-2.021729,-0.084473,0.098447,-0.008188,-0.000730,,-0.081698,-0.000978,0.996657,-0.995003,0.057676,-0.081506,-0.057404,-0.998335,-0.005685,,,0.000000,,,,0.00,,,
18346,,,,,,,,,,,,,,9.820329,-0.767975,-0.124332,-0.027444,0.069819,0.038124,-0.908691,-2.019531,-0.084473,0.098202,-0.007689,-0.001262,99943.0000,-0.081234,-0.000828,0.996695,-0.995032,0.057803,-0.081051,-0.057545,-0.998328,-0.005519,,,0.000000,,,,0.00,,,
18347,,,,,,,,,,,,,,9.856876,-0.827320,-0.102372,0.029354,0.048728,0.079214,-0.912842,-2.023682,-0.088623,0.098568,-0.008281,-0.001049,,-0.081046,-0.000305,0.996710,-0.995034,0.057995,-0.080892,-0.057779,-0.998317,-0.005003,,,0.000000,,,,0.00,,,
18348,,,,,,,,,,,,,,9.869518,-0.852576,-0.114588,0.059112,0.062404,0.093876,-0.908447,-2.021729,-0.090820,0.098694,-0.008534,-0.001175,99943.0000,-0.080543,0.000040,0.996751,-0.995065,0.058143,-0.080409,-0.057957,-0.998308,-0.004643,,,0.000000,,,,0.00,,,
18349,,,,,,,,,,,,,,9.821924,-0.782697,-0.179553,-0.001050,0.136672,0.041061,-0.902344,-2.017334,-0.088867,0.098218,-0.007833,-0.001821,,-0.080392,0.000580,0.996763,-0.995056,0.058465,-0.080289,-0.058322,-0.998289,-0.004123,,,0.000000,,,,0.00,,,
18350,,,,,,,,,,,,,,9.774842,-0.719728,-0.133210,-0.059560,0.097399,-0.011144,-0.906494,-2.017334,-0.093262,0.097748,-0.007203,-0.001357,99944.0000,-0.080092,0.000938,0.996787,-0.995061,0.058756,-0.080008,-0.058642,-0.998272,-0.003773,,,0.000000,,,,0.00,,,
18351,,,,,,,,,,,,,,9.704922,-0.642671,-0.192228,-0.126162,0.166226,-0.086849,-0.908447,-2.023682,-0.090820,0.097049,-0.006428,-0.001952,,-0.080031,0.001574,0.996791,-0.995043,0.059099,-0.079984,-0.059036,-0.998251,-0.003163,,,0.000000,,,,0.00,,,
18352,,,,,,,,,,,,,,9.639229,-0.638310,-0.238445,-0.119975,0.217028,-0.152588,-0.908691,-2.017334,-0.093262,0.096391,-0.006383,-0.002421,99942.0000,-0.079786,0.002133,0.996810,-0.995041,0.059414,-0.079772,-0.059395,-0.998231,-0.002618,,,0.000000,,,,0.00,,,
18353,,,,,,,,,,,,,,9.705204,-0.642513,-0.177986,-0.124265,0.164037,-0.086787,-0.904297,-2.019531,-0.099609,0.097051,-0.006425,-0.001818,,-0.079762,0.002950,0.996810,-0.995013,0.059853,-0.079795,-0.059897,-0.998203,-0.001838,,,0.000000,,,,0.00,,,
18354,,,,,,,,,,,,,,9.872950,-0.705773,-0.158502,-0.074741,0.146858,0.085354,-0.910400,-2.021729,-0.104004,0.098729,-0.007053,-0.001623,99939.0000,-0.079695,0.003537,0.996813,-0.994990,0.060275,-0.079763,-0.060365,-0.998176,-0.001284,,,0.000000,,,,0.00,,,
18355,,,,,,,,,,,,,,10.032845,-0.821106,-0.201009,0.029335,0.190270,0.253868,-0.900146,-2.013184,-0.106445,0.100328,-0.008207,-0.002046,,-0.079752,0.004289,0.996806,-0.994959,0.060649,-0.079865,-0.060798,-0.998150,-0.000569,,,0.000000,,,,0.00,,,
18356,,,,,,,,,,,,,,9.958764,-0.870382,-0.105515,0.078079,0.098462,0.183806,-0.906250,-2.023682,-0.101807,0.099588,-0.008695,-0.001096,99938.0000,-0.079834,0.005082,0.996795,-0.994908,0.061303,-0.079995,-0.061513,-0.998106,0.000162,,,0.000000,,,,0.00,,,
18357,,,,,,,,,,,,,,9.837760,-0.865136,-0.059068,0.077965,0.060601,0.062722,-0.906494,-2.019531,-0.101807,0.098378,-0.008638,-0.000637,,-0.080044,0.006089,0.996773,-0.994847,0.061937,-0.080268,-0.062226,-0.998062,0.001100,,,0.000000,,,,0.00,,,
18358,,,,,,,,,,,,,,9.758794,-0.823592,-0.105766,0.046200,0.116245,-0.019430,-0.904053,-2.023682,-0.105957,0.097589,-0.008220,-0.001105,99942.0000,-0.080038,0.006860,0.996768,-0.994811,0.062464,-0.080310,-0.062813,-0.998024,0.001825,,,0.000000,,,,0.00,,,
18359,,,,,,,,,,,,,,9.837660,-0.864241,-0.152014,0.080543,0.169856,0.062241,-0.902100,-2.019531,-0.104004,0.098377,-0.008626,-0.001566,,-0.080324,0.007837,0.996738,-0.994757,0.062868,-0.080659,-0.063295,-0.997991,0.002746,,,0.000000,,,,0.00,,,
18360,,,,,,,,,,,,,,9.884452,-0.915757,-0.205195,0.131937,0.226202,0.112761,-0.906250,-2.019531,-0.110596,0.098845,-0.009143,-0.002091,99938.0000,-0.080255,0.008438,0.996739,-0.994729,0.063356,-0.080629,-0.063830,-0.997955,0.003309,,,0.000000,,,,0.00,,,
18361,,,,,,,,,,,,,,9.811397,-0.986031,-0.181824,0.203730,0.204618,0.045581,-0.908447,-2.019531,-0.108398,0.098115,-0.009846,-0.001846,,-0.080524,0.009068,0.996711,-0.994670,0.063872,-0.080940,-0.064396,-0.997917,0.003876,,,0.000000,,,,0.00,,,
18362,,,,,,,,,,,,,,9.646528,-0.992038,-0.086927,0.215714,0.110648,-0.117925,-0.904053,-2.023682,-0.110352,0.096467,-0.009906,-0.000894,99945.0000,-0.080641,0.009356,0.996699,-0.994627,0.064375,-0.081078,-0.064921,-0.997882,0.004114,,,0.000000,,,,0.00,,,
18363,,,,,,,,,,,,,,9.652734,-0.916606,-0.061155,0.136350,0.094607,-0.117759,-0.906250,-2.019531,-0.114990,0.096528,-0.009156,-0.000634,,-0.080824,0.009858,0.996680,-0.994586,0.064728,-0.081294,-0.065314,-0.997854,0.004573,,,0.000000,,,,0.00,,,
18364,,,,,,,,,,,,,,9.673360,-0.886759,-0.124032,0.109759,0.161529,-0.099939,-0.902100,-2.017334,-0.108398,0.096734,-0.008858,-0.001261,99942.0000,-0.080749,0.010090,0.996683,-0.994567,0.065087,-0.081236,-0.065691,-0.997829,0.004780,,,0.000000,,,,0.00,,,
18365,,,,,,,,,,,,,,9.792552,-0.876847,-0.086338,0.086401,0.129930,0.018185,-0.904297,-2.017334,-0.112793,0.097926,-0.008761,-0.000883,,-0.080870,0.010525,0.996669,-0.994540,0.065318,-0.081387,-0.065957,-0.997809,0.005185,,,0.000000,,,,0.00,,,
18366,,,,,,,,,,,,,,9.903014,-0.911773,-0.019412,0.108138,0.063253,0.131441,-0.908203,-2.023682,-0.112549,0.099030,-0.009114,-0.000217,99943.0000,-0.080787,0.010696,0.996674,-0.994531,0.065539,-0.081317,-0.066191,-0.997793,0.005342,,,0.000000,,,,0.00,,,
18367,,,,,,,,,,,,,,9.913706,-0.920140,0.038175,0.111474,0.009969,0.143072,-0.906250,-2.021729,-0.112793,0.099137,-0.009198,0.000359,,-0.080818,0.011174,0.996666,-0.994517,0.065675,-0.081380,-0.066365,-0.997779,0.005805,,,0.000000,,,,0.00,,,
18368,,,,,,,,,,,,,,9.823156,-0.862548,0.025113,0.064476,0.027834,0.048047,-0.904053,-2.023682,-0.116943,0.098232,-0.008621,0.000223,99943.0000,-0.080605,0.011435,0.996681,-0.994535,0.065648,-0.081185,-0.066358,-0.997777,0.006081,,,0.000000,,,,0.00,,,
18369,,,,,,,,,,,,,,9.722851,-0.824151,0.000636,0.035408,0.059444,-0.055215,-0.908203,-2.025879,-0.110352,0.097229,-0.008235,-0.000023,,-0.080692,0.012052,0.996666,-0.994521,0.065698,-0.081313,-0.066459,-0.997767,0.006684,,,0.000000,,,,0.00,,,
18370,,,,,,,,,,,,,,9.690749,-0.802678,-0.152832,0.028844,0.216337,-0.090001,-0.910400,-2.019531,-0.114990,0.096908,-0.008018,-0.001553,99942.0000,-0.080512,0.012307,0.996678,-0.994520,0.065915,-0.081152,-0.066695,-0.997749,0.006933,,,0.000000,,,,0.00,,,
18371,,,,,,,,,,,,,,9.785035,-0.752795,-0.057655,-0.036193,0.131229,0.000488,-0.906250,-2.021729,-0.114990,0.097851,-0.007517,-0.000605,,-0.080679,0.012927,0.996656,-0.994474,0.066351,-0.081363,-0.067181,-0.997713,0.007502,,,0.000000,,,,0.00,,,
18372,,,,,,,,,,,,,,9.839412,-0.751957,-0.051064,-0.042180,0.128086,0.054627,-0.906250,-2.019531,-0.110596,0.098395,-0.007509,-0.000541,99937.0000,-0.080703,0.013242,0.996650,-0.994444,0.066730,-0.081411,-0.067584,-0.997683,0.007783,,,0.000000,,,,0.00,,,
18373,,,,,,,,,,,,,,9.881557,-0.737506,-0.006144,-0.064414,0.090793,0.095729,-0.904053,-2.021729,-0.121338,0.098816,-0.007365,-0.000091,,-0.080838,0.013879,0.996631,-0.994400,0.067167,-0.081593,-0.068073,-0.997645,0.008372,,,0.000000,,,,0.00,,,
18374,,,,,,,,,,,,,,9.841698,-0.788129,-0.089409,-0.004325,0.172840,0.059408,-0.899902,-2.019531,-0.119141,0.098417,-0.007872,-0.000924,99942.0000,-0.080741,0.014222,0.996634,-0.994370,0.067687,-0.081524,-0.068619,-0.997605,0.008677,,,0.000000,,,,0.00,,,
18375,,,,,,,,,,,,,,9.796075,-0.747383,-0.113273,-0.040750,0.204603,0.010294,-0.904297,-2.017334,-0.119385,0.097961,-0.007464,-0.001161,,-0.080878,0.014853,0.996613,-0.994307,0.068385,-0.081710,-0.069367,-0.997548,0.009237,,,0.000000,,,,0.00,,,
18376,,,,,,,,,,,,,,9.826264,-0.732691,-0.009961,-0.064165,0.105898,0.040082,-0.899658,-2.021484,-0.121338,0.098263,-0.007319,-0.000128,99938.0000,-0.080775,0.015211,0.996616,-0.994254,0.069235,-0.081640,-0.070242,-0.997484,0.009531,,,0.000000,,,,0.00,,,
18377,,,,,,,,,,,,,,9.803792,-0.725836,0.001412,-0.070412,0.100431,0.017172,-0.901855,-2.019531,-0.123535,0.098038,-0.007255,-0.000015,,-0.080761,0.015856,0.996607,-0.994204,0.069906,-0.081678,-0.070964,-0.997428,0.010118,,,0.000000,,,,0.00,,,
18378,,,,,,,,,,,,,,9.804094,-0.739570,0.028048,-0.055120,0.076297,0.018851,-0.906250,-2.017334,-0.123779,0.098041,-0.007395,0.000248,99941.0000,-0.080364,0.016285,0.996633,-0.994181,0.070647,-0.081321,-0.071733,-0.997368,0.010513,,,0.000000,,,,0.00,,,
18379,,,,,,,,,,,,,,9.807075,-0.785001,0.005082,-0.007598,0.102855,0.025215,-0.904053,-2.021729,-0.119141,0.098071,-0.007852,0.000014,,-0.080232,0.017068,0.996630,-0.994146,0.071216,-0.081252,-0.072363,-0.997315,0.011254,,,0.000000,,,,0.00,,,
18380,,,,,,,,,,,,,,9.810113,-0.830236,-0.016806,0.042105,0.125283,0.031621,-0.903809,-2.023682,-0.123535,0.098101,-0.008303,-0.000212,99941.0000,-0.079889,0.017560,0.996649,-0.994135,0.071705,-0.080951,-0.072886,-0.997271,0.011728,,,0.000000,,,,0.00,,,
18381,,,,,,,,,,,,,,9.778029,-0.841122,-0.014112,0.056276,0.130464,0.000434,-0.903809,-2.021729,-0.127930,0.097780,-0.008410,-0.000191,,-0.079806,0.018632,0.996636,-0.994082,0.072432,-0.080956,-0.073697,-0.997199,0.012742,,,0.000000,,,,0.00,,,
18382,,,,,,,,,,,,,,9.780069,-0.833341,-0.115212,0.059696,0.238438,0.000419,-0.901855,-2.019531,-0.127930,0.097800,-0.008331,-0.001207,99944.0000,-0.079422,0.019406,0.996652,-0.994058,0.073115,-0.080639,-0.074435,-0.997135,0.013483,,,0.000000,,,,0.00,,,
18383,,,,,,,,,,,,,,9.741261,-0.895985,-0.173528,0.129595,0.302273,-0.034298,-0.903809,-2.019531,-0.134521,0.097412,-0.008952,-0.001792,,-0.079458,0.020644,0.996624,-0.993984,0.073964,-0.080779,-0.075382,-0.997047,0.014642,,,0.000000,,,,0.00,,,
18384,,,,,,,,,,,,,,9.738381,-0.865395,-0.111950,0.096455,0.250408,-0.038973,-0.901611,-2.023682,-0.134277,0.097384,-0.008647,-0.001174,99942.0000,-0.079280,0.021446,0.996622,-0.993930,0.074801,-0.080675,-0.076279,-0.996968,0.015386,,,0.000000,,,,0.00,,,
18385,,,,,,,,,,,,,,9.755218,-0.837162,0.034836,0.056328,0.117003,-0.022414,-0.901611,-2.023682,-0.138672,0.097552,-0.008371,0.000297,,-0.079166,0.022563,0.996606,-0.993859,0.075744,-0.080663,-0.077307,-0.996872,0.016428,,,0.000000,,,,0.00,,,
18386,,,,,,,,,,,,,,9.742238,-0.796514,0.042636,0.021402,0.118564,-0.038593,-0.897461,-2.019531,-0.143311,0.097422,-0.007971,0.000374,99938.0000,-0.078570,0.023282,0.996637,-0.993856,0.076349,-0.080134,-0.077958,-0.996809,0.017140,,,0.000000,,,,0.00,,,
18387,,,,,,,,,,,,,,9.713127,-0.810509,-0.045722,0.047341,0.214317,-0.068167,-0.901611,-2.025879,-0.134277,0.097130,-0.008116,-0.000503,,-0.078234,0.024233,0.996640,-0.993832,0.076914,-0.079884,-0.078591,-0.996743,0.018066,,,0.000000,,,,0.00,,,
18388,,,,,,,,,,,,,,9.691029,-0.813701,-0.010942,0.056070,0.183657,-0.089448,-0.901855,-2.017334,-0.143311,0.096909,-0.008151,-0.000154,99937.0000,-0.077522,0.024750,0.996683,-0.993849,0.077387,-0.079223,-0.079091,-0.996694,0.018599,,,0.000000,,,,0.00,,,
18389,,,,,,,,,,,,,,9.726254,-0.790991,-0.105927,0.042631,0.289952,-0.058150,-0.903564,-2.023682,-0.147461,0.097261,-0.007927,-0.001109,,-0.077039,0.025774,0.996695,-0.993835,0.077950,-0.078834,-0.079725,-0.996624,0.019610,,,0.000000,,,,0.00,,,
18390,,,,,,,,,,,,,,9.748972,-0.767791,-0.142806,0.026608,0.333748,-0.038218,-0.903564,-2.025879,-0.143066,0.097487,-0.007701,-0.001469,99949.0000,-0.076399,0.026208,0.996733,-0.993826,0.078656,-0.078245,-0.080449,-0.996557,0.020037,,,0.000000,,,,0.00,,,
18391,,,,,,,,,,,,,,9.784378,-0.683098,0.006496,-0.065806,0.200129,-0.006754,-0.903564,-2.027832,-0.140869,0.097842,-0.006861,0.000023,,-0.075658,0.027044,0.996767,-0.993807,0.079541,-0.077592,-0.081383,-0.996465,0.020859,,,0.000000,,,,0.00,,,
18392,,,,,,,,,,,,,,9.781409,-0.644617,0.065711,-0.098350,0.146060,-0.011422,-0.899170,-2.030029,-0.151611,0.097812,-0.006484,0.000613,99947.0000,-0.074525,0.027291,0.996846,-0.993857,0.079987,-0.076491,-0.081822,-0.996422,0.021163,,,0.000000,,,,0.00,,,
18393,,,,,,,,,,,,,,9.740429,-0.666148,0.055135,-0.063755,0.161933,-0.050903,-0.893066,-2.023682,-0.147461,0.097402,-0.006704,0.000504,,-0.073520,0.028211,0.996895,-0.993856,0.080859,-0.075584,-0.082740,-0.996326,0.022093,,,0.000000,,,,0.00,,,
18394,,,,,,,,,,,,,,9.722022,-0.681406,0.019062,-0.032168,0.199971,-0.068902,-0.896973,-2.030029,-0.149414,0.097217,-0.006857,0.000145,99940.0000,-0.072271,0.028649,0.996974,-0.993881,0.081644,-0.074393,-0.083528,-0.996250,0.022573,,,0.000000,,,,0.00,,,
18395,,,,,,,,,,,,,,9.767703,-0.716039,0.058393,0.005232,0.167701,-0.020038,-0.895020,-2.025635,-0.156006,0.097674,-0.007200,0.000535,,-0.071310,0.029621,0.997014,-0.993854,0.082738,-0.073542,-0.084669,-0.996131,0.023539,,,0.000000,,,,0.00,,,
18396,,,,,,,,,,,,,,9.781405,-0.762219,0.090755,0.057800,0.135588,-0.002318,-0.899170,-2.027832,-0.156006,0.097812,-0.007659,0.000858,99938.0000,-0.070272,0.030062,0.997075,-0.993849,0.083660,-0.072567,-0.085596,-0.996041,0.023999,,,0.000000,,,,0.00,,,
18397,,,,,,,,,,,,,,9.826996,-0.797887,0.130636,0.095239,0.103285,0.046510,-0.894775,-2.031982,-0.157959,0.098268,-0.008015,0.001256,,-0.069376,0.031103,0.997106,-0.993789,0.085021,-0.071797,-0.087008,-0.995894,0.025011,,,0.000000,,,,0.00,,,
18398,,,,,,,,,,,,,,9.904428,-0.809086,0.158497,0.107933,0.080667,0.125082,-0.888672,-2.027832,-0.157959,0.099042,-0.008125,0.001528,99943.0000,-0.068421,0.031616,0.997155,-0.993766,0.086022,-0.070916,-0.088019,-0.995791,0.025533,,,0.000000,,,,0.00,,,
18399,,,,,,,,,,,,,,9.917948,-0.897741,0.253289,0.194792,-0.009988,0.147118,-0.894775,-2.027832,-0.160400,0.099178,-0.009007,0.002471,,-0.067605,0.032898,0.997170,-0.993687,0.087467,-0.070255,-0.089530,-0.995624,0.026777,,,0.000000,,,,0.00,,,
18400,,,,,,,,,,,,,,9.944710,-0.958694,0.250133,0.261317,-0.005894,0.177837,-0.894775,-2.027832,-0.168945,0.099446,-0.009611,0.002437,99942.0000,-0.066875,0.033568,0.997197,-0.993639,0.088511,-0.069616,-0.090600,-0.995509,0.027435,,,0.000000,,,,0.00,,,
18401,,,,,,,,,,,,,,9.935268,-1.041875,0.351019,0.341659,-0.101796,0.176865,-0.890381,-2.031982,-0.164551,0.099353,-0.010439,0.003445,,-0.066234,0.034936,0.997192,-0.993563,0.089738,-0.069137,-0.091902,-0.995352,0.028767,,,0.000000,,,,0.00,,,
18402,,,,,,,,,,,,,,9.943061,-1.197525,0.403407,0.495872,-0.160955,0.196781,-0.892578,-2.027832,-0.166748,0.099432,-0.011987,0.003965,99943.0000,-0.065798,0.035716,0.997194,-0.993535,0.090309,-0.068791,-0.092513,-0.995273,0.029543,,,0.000000,,,,0.00,,,
18403,,,,,,,,,,,,,,10.014010,-1.347152,0.492336,0.634720,-0.246297,0.280581,-0.888428,-2.025635,-0.168945,0.100144,-0.013472,0.004846,,-0.065545,0.037320,0.997151,-0.993469,0.091097,-0.068712,-0.093402,-0.995142,0.031105,,,0.000000,,,,0.00,,,
18404,,,,,,,,,,,,,,10.107378,-1.452062,0.498607,0.731055,-0.247567,0.381449,-0.882080,-2.029785,-0.170898,0.101081,-0.014501,0.004889,99932.0000,-0.065813,0.038664,0.997083,-0.993415,0.091376,-0.069114,-0.093781,-0.995066,0.032396,,,0.000000,,,,0.00,,,
18405,,,,,,,,,,,,,,10.172092,-1.564361,0.625310,0.822843,-0.359777,0.458785,-0.882324,-2.021484,-0.179932,0.101734,-0.015602,0.006136,,-0.066330,0.041044,0.996953,-0.993335,0.091673,-0.069864,-0.094261,-0.994943,0.034690,,,0.000000,,,,0.00,,,
18406,,,,,,,,,,,,,,10.190542,-1.625006,0.706442,0.864639,-0.421834,0.485915,-0.874023,-2.015137,-0.184570,0.101927,-0.016179,0.006922,99932.0000,-0.067493,0.043641,0.996765,-0.993218,0.091857,-0.071274,-0.094670,-0.994815,0.037145,,,0.000000,,,,0.00,,,
18407,,,,,,,,,,,,,,10.262886,-1.633234,0.716337,0.852697,-0.396132,0.561476,-0.878174,-2.012939,-0.188965,0.102658,-0.016227,0.006987,,-0.069139,0.047224,0.996489,-0.993073,0.091866,-0.073256,-0.095003,-0.994651,0.040545,,,0.000000,,,,0.00,,,
18408,,,,,,,,,,,,,,10.283708,-1.601943,0.792632,0.789320,-0.429394,0.586425,-0.876221,-2.008789,-0.191406,0.102873,-0.015882,0.007730,99946.0000,-0.071604,0.051296,0.996113,-0.992796,0.092519,-0.076130,-0.096065,-0.994389,0.044302,,,0.000000,,,,0.00,,,
18409,,,,,,,,,,,,,,10.258850,-1.486915,0.635685,0.664144,-0.222457,0.549176,-0.867920,-2.004639,-0.195801,0.102626,-0.014688,0.006165,,-0.074680,0.055333,0.995671,-0.992526,0.092508,-0.079585,-0.096511,-0.994173,0.048011,,,0.000000,,,,0.00,,,
18410,,,,,,,,,,,,,,10.225193,-1.413143,0.482520,0.569712,-0.024535,0.505206,-0.865723,-2.002441,-0.200195,0.102291,-0.013904,0.004661,99937.0000,-0.078827,0.059105,0.995135,-0.992133,0.092739,-0.084097,-0.097258,-0.993935,0.051330,,,0.000000,,,,0.00,,,
18411,,,,,,,,,,,,,,10.125248,-1.425640,0.389560,0.551900,0.098113,0.404469,-0.855713,-1.993896,-0.198242,0.101297,-0.013977,0.003732,,-0.083943,0.062733,0.994494,-0.991718,0.092098,-0.089518,-0.097206,-0.993772,0.054483,,,0.000000,,,,0.00,,,
18412,,,,,,,,,,,,,,9.880652,-1.605517,0.392791,0.690253,0.105939,0.180863,-0.847656,-1.983398,-0.196289,0.098868,-0.015718,0.003726,99934.0000,-0.090504,0.067393,0.993613,-0.991142,0.091271,-0.096470,-0.097189,-0.993543,0.058535,,,0.000000,,,,0.00,,,
18413,,,,,,,,,,,,,,9.489052,-1.917150,0.579976,0.946102,-0.082731,-0.161201,-0.839600,-1.974854,-0.194336,0.094986,-0.018763,0.005552,,-0.098468,0.073264,0.992440,-0.990365,0.090365,-0.104933,-0.097370,-0.993210,0.063660,,,0.000000,,,,0.00,,,
18414,,,,,,,,,,,,,,9.196531,-2.157792,0.627644,1.120033,-0.112656,-0.412796,-0.835449,-1.970703,-0.198730,0.092093,-0.021101,0.006006,99940.0000,-0.108589,0.079896,0.990871,-0.989283,0.089185,-0.115606,-0.097607,-0.992805,0.069355,,,0.000000,,,,0.00,,,
18415,,,,,,,,,,,,,,8.970335,-2.377302,0.582465,1.270396,-0.041636,-0.601775,-0.829590,-1.958008,-0.199219,0.089855,-0.023253,0.005562,,-0.119452,0.086532,0.989062,-0.988034,0.087540,-0.126987,-0.097570,-0.992396,0.075040,,,0.000000,,,,0.00,,,
18416,,,,,,,,,,,,,,8.718446,-2.629035,0.628221,1.436731,-0.071724,-0.798963,-0.817139,-1.953857,-0.192627,0.087360,-0.025752,0.006067,99943.0000,-0.131651,0.092367,0.986983,-0.986448,0.086142,-0.139641,-0.097919,-0.991992,0.079775,,,0.000000,,,,0.00,,,
18417,,,,,,,,,,,,,,8.716778,-2.890593,1.064081,1.545383,-0.482122,-0.710587,-0.815430,-1.941162,-0.188721,0.087356,-0.028370,0.010531,,-0.143401,0.095964,0.985001,-0.984755,0.085180,-0.151664,-0.098457,-0.991733,0.082286,,,0.000000,,,,0.00,,,
18418,,,,,,,,,,,,,,9.143901,-3.045052,1.994731,1.429130,-1.349512,-0.169165,-0.805420,-1.934814,-0.173584,0.091626,-0.029908,0.019906,99938.0000,-0.155428,0.097961,0.982978,-0.982874,0.084386,-0.163822,-0.098998,-0.991606,0.083167,,,0.000000,,,,0.00,,,
18419,,,,,,,,,,,,,,9.651937,-3.289323,3.143091,1.364856,-2.435976,0.485884,-0.803711,-1.926270,-0.169434,0.096725,-0.032342,0.031369,,-0.166209,0.100340,0.980972,-0.981029,0.083839,-0.174794,-0.099783,-0.991415,0.084502,,,0.000000,,,,0.00,,,
18420,,,,,,,,,,,,,,10.185219,-3.616850,3.006228,1.491973,-2.234980,1.079295,-0.793457,-1.919922,-0.167480,0.102096,-0.035624,0.029883,99944.0000,-0.176638,0.105154,0.978643,-0.979044,0.083606,-0.185694,-0.101347,-0.990935,0.088183,,,0.000000,,,,0.00,,,
18421,,,,,,,,,,,,,,10.740410,-4.130603,2.143734,1.880332,-1.304216,1.666684,-0.800293,-1.907471,-0.163574,0.107649,-0.040816,0.021141,,-0.184932,0.111307,0.976428,-0.977422,0.082497,-0.194525,-0.102205,-0.990356,0.093538,,,0.000000,,,,0.00,,,
18422,,,,,,,,,,,,,,11.171979,-4.500264,1.618090,2.113527,-0.684214,2.135002,-0.802490,-1.903320,-0.155029,0.111950,-0.044556,0.015816,99941.0000,-0.193031,0.118123,0.974057,-0.975883,0.080024,-0.203097,-0.101939,-0.989769,0.099827,,,0.000000,,,,0.00,,,
18423,,,,,,,,,,,,,,11.306615,-4.713393,1.851090,2.189201,-0.823762,2.353232,-0.804932,-1.896973,-0.157471,0.113304,-0.046732,0.018067,,-0.199758,0.125087,0.971828,-0.974740,0.075747,-0.210106,-0.099895,-0.989250,0.106797,,,0.000000,,,,0.00,,,
18424,,,,,,,,,,,,,,10.545998,-4.268659,1.899890,1.824745,-0.822578,1.546950,-0.804932,-1.896973,-0.148682,0.105678,-0.042377,0.018473,99949.0000,-0.206485,0.133538,0.969294,-0.973719,0.069253,-0.216968,-0.096100,-0.988621,0.115729,,,0.000000,,,,0.00,,,
18425,,,,,,,,,,,,,,9.609662,-3.965837,1.030879,1.755279,0.046253,0.485457,-0.807373,-1.894775,-0.140137,0.096257,-0.039403,0.009774,,-0.211566,0.141916,0.967005,-0.973157,0.061113,-0.221881,-0.090585,-0.987990,0.125177,,,0.000000,,,,0.00,,,
18426,,,,,,,,,,,,,,8.971902,-3.953929,0.481906,1.876707,0.608617,-0.196690,-0.811768,-1.888428,-0.144531,0.089840,-0.039318,0.004347,99943.0000,-0.217068,0.149248,0.964680,-0.972548,0.051829,-0.226857,-0.083856,-0.987441,0.133901,,,0.000000,,,,0.00,,,
18427,,,,,,,,,,,,,,8.549930,-3.718660,0.661081,1.687449,0.471176,-0.631369,-0.809570,-1.890625,-0.135742,0.085611,-0.036995,0.006226,,-0.221565,0.154582,0.962815,-0.972149,0.042336,-0.230510,-0.076394,-0.987072,0.140897,,,0.000000,,,,0.00,,,
18428,,,,,,,,,,,,,,8.348428,-3.625980,1.508275,1.534811,-0.315300,-0.720748,-0.809814,-1.888428,-0.125000,0.083609,-0.036102,0.014766,99946.0000,-0.227371,0.158852,0.960765,-0.971359,0.032930,-0.235322,-0.069020,-0.986753,0.146815,,,0.000000,,,,0.00,,,
18429,,,,,,,,,,,,,,8.197586,-3.189761,1.682790,1.101675,-0.434548,-0.935533,-0.811768,-1.894775,-0.122559,0.082093,-0.031734,0.016561,,-0.232509,0.162366,0.958946,-0.970616,0.024124,-0.239423,-0.062008,-0.986436,0.151986,,,0.000000,,,,0.00,,,
18430,,,,,,,,,,,,,,8.078644,-2.951119,1.816907,0.848858,-0.523647,-1.078864,-0.810059,-1.886475,-0.116455,0.080892,-0.029366,0.017931,99943.0000,-0.238421,0.165787,0.956907,-0.969578,0.015608,-0.244283,-0.055435,-0.986038,0.157022,,,0.000000,,,,0.00,,,
18431,,,,,,,,,,,,,,8.181775,-2.922931,1.954754,0.759046,-0.594320,-0.959643,-0.810059,-1.882324,-0.120850,0.081920,-0.029079,0.019341,,-0.243358,0.168382,0.955209,-0.968682,0.007876,-0.248179,-0.049312,-0.985690,0.161192,,,0.000000,,,,0.00,,,
18432,,,,,,,,,,,,,,8.363733,-2.889819,1.964629,0.639339,-0.529389,-0.786414,-0.808105,-1.877930,-0.121094,0.083736,-0.028728,0.019475,99943.0000,-0.249567,0.170604,0.953211,-0.967364,0.000652,-0.253389,-0.043851,-0.985339,0.164873,,,0.000000,,,,0.00,,,
18433,,,,,,,,,,,,,,8.555096,-2.933682,1.871818,0.599174,-0.370896,-0.603831,-0.808350,-1.871582,-0.119141,0.085652,-0.029133,0.018575,,-0.255131,0.172108,0.951466,-0.966114,-0.005542,-0.258056,-0.039140,-0.985063,0.167690,,,0.000000,,,,0.00,,,
18434,,,,,,,,,,,,,,8.648087,-3.043697,1.657292,0.634402,-0.112315,-0.518346,-0.808350,-1.869629,-0.123535,0.086584,-0.030199,0.016469,99940.0000,-0.262040,0.173359,0.949358,-0.964395,-0.010618,-0.264252,-0.035730,-0.984801,0.169969,,,0.000000,,,,0.00,,,
18435,,,,,,,,,,,,,,8.547827,-3.020170,1.550806,0.590510,-0.005693,-0.634301,-0.810791,-1.865479,-0.121338,0.085579,-0.029948,0.015445,,-0.268156,0.173711,0.947585,-0.962808,-0.014573,-0.269792,-0.033057,-0.984689,0.171158,,,0.000000,,,,0.00,,,
18436,,,,,,,,,,,,,,8.402245,-3.197487,1.659119,0.734279,-0.118638,-0.701111,-0.808838,-1.856934,-0.125977,0.084128,-0.031721,0.016544,99941.0000,-0.275227,0.174202,0.945465,-0.960871,-0.017869,-0.276419,-0.031258,-0.984548,0.172304,,,0.000000,,,,0.00,,,
18437,,,,,,,,,,,,,,8.191055,-3.393766,1.851931,0.922592,-0.329832,-0.808218,-0.809082,-1.852783,-0.119629,0.082020,-0.033696,0.018474,,-0.281166,0.174457,0.943669,-0.959200,-0.020678,-0.281971,-0.029678,-0.984448,0.173153,,,0.000000,,,,0.00,,,
18438,,,,,,,,,,,,,,8.092919,-3.615208,1.887488,1.102397,-0.362787,-0.824887,-0.809326,-1.848633,-0.128662,0.081041,-0.035925,0.018829,99939.0000,-0.287764,0.174993,0.941578,-0.957282,-0.023453,-0.288205,-0.028351,-0.984290,0.174266,,,0.000000,,,,0.00,,,
18439,,,,,,,,,,,,,,8.037792,-3.647249,1.723834,1.106295,-0.197349,-0.889846,-0.809082,-1.848633,-0.130615,0.080487,-0.036260,0.017178,,-0.293113,0.175452,0.939841,-0.955706,-0.026369,-0.293138,-0.026649,-0.984135,0.175410,,,0.000000,,,,0.00,,,
18440,,,,,,,,,,,,,,7.967143,-3.799066,1.604264,1.222624,-0.070895,-0.925509,-0.802979,-1.842285,-0.133057,0.079774,-0.037799,0.015983,99944.0000,-0.298987,0.176010,0.937884,-0.953936,-0.029610,-0.298547,-0.024776,-0.983943,0.176756,,,0.000000,,,,0.00,,,
18441,,,,,,,,,,,,,,7.888103,-3.917122,1.498647,1.321348,0.036723,-0.977275,-0.803223,-1.837891,-0.137695,0.078980,-0.038994,0.014928,,-0.303665,0.176037,0.936375,-0.952517,-0.033057,-0.302685,-0.022330,-0.983828,0.177716,,,0.000000,,,,0.00,,,
18442,,,,,,,,,,,,,,7.816213,-4.051411,1.696702,1.420796,-0.151615,-0.961464,-0.807617,-1.831543,-0.135742,0.078253,-0.040356,0.016925,99946.0000,-0.308976,0.175799,0.934681,-0.950865,-0.036705,-0.307422,-0.019737,-0.983742,0.178502,,,0.000000,,,,0.00,,,
18443,,,,,,,,,,,,,,7.790385,-4.080847,2.045025,1.416792,-0.487434,-0.908724,-0.803711,-1.825195,-0.140137,0.077989,-0.040666,0.020409,,-0.313153,0.175077,0.933425,-0.949557,-0.040540,-0.310962,-0.016602,-0.983720,0.178941,,,0.000000,,,,0.00,,,
18444,,,,,,,,,,,,,,7.785212,-4.091225,2.067618,1.387906,-0.495665,-0.899179,-0.805420,-1.833740,-0.144287,0.077938,-0.040779,0.020616,99941.0000,-0.318193,0.174863,0.931760,-0.947932,-0.044863,-0.315296,-0.013332,-0.983570,0.180033,,,0.000000,,,,0.00,,,
18445,,,,,,,,,,,,,,7.910365,-4.202130,1.963866,1.425284,-0.351855,-0.760991,-0.799072,-1.831543,-0.146484,0.079190,-0.041893,0.019567,,-0.322085,0.174478,0.930494,-0.946662,-0.049339,-0.318429,-0.009649,-0.983424,0.181063,,,0.000000,,,,0.00,,,
18446,,,,,,,,,,,,,,8.097689,-4.138370,1.942082,1.265670,-0.281675,-0.604594,-0.799316,-1.825195,-0.148926,0.081063,-0.041251,0.019344,99940.0000,-0.326951,0.174503,0.928790,-0.945021,-0.053923,-0.322534,-0.006200,-0.983179,0.182539,,,0.000000,,,,0.00,,,
18447,,,,,,,,,,,,,,8.144476,-4.013927,2.362232,1.101219,-0.677654,-0.520097,-0.797363,-1.818848,-0.146973,0.081526,-0.040013,0.023557,,-0.330823,0.174023,0.927509,-0.943689,-0.058375,-0.325642,-0.002526,-0.983010,0.183536,,,0.000000,,,,0.00,,,
18448,,,,,,,,,,,,,,8.132118,-3.837330,2.675713,0.900868,-0.980224,-0.525955,-0.797363,-1.818848,-0.155518,0.081399,-0.038259,0.026683,99944.0000,-0.335586,0.174046,0.925791,-0.942009,-0.063040,-0.329614,0.000994,-0.982718,0.185108,,,0.000000,,,,0.00,,,
18449,,,,,,,,,,,,,,8.113613,-3.822431,2.740626,0.866886,-1.028452,-0.531340,-0.799316,-1.821045,-0.164307,0.081227,-0.038110,0.027296,,-0.339444,0.174542,0.924290,-0.940615,-0.067825,-0.332631,0.004632,-0.982311,0.187200,,,0.000000,,,,0.00,,,
18450,,,,,,,,,,,,,,8.007298,-3.959591,2.571156,0.993091,-0.842570,-0.608899,-0.795410,-1.812744,-0.162354,0.080177,-0.039470,0.025581,99938.0000,-0.344385,0.176019,0.922180,-0.938800,-0.072229,-0.336805,0.007323,-0.981733,0.190121,,,0.000000,,,,0.00,,,
18451,,,,,,,,,,,,,,7.935684,-4.057187,2.604539,1.079006,-0.852276,-0.629622,-0.795410,-1.812500,-0.171143,0.079468,-0.040443,0.025905,,-0.348437,0.177394,0.920393,-0.937278,-0.076491,-0.340086,0.010072,-0.981163,0.192920,,,0.000000,,,,0.00,,,
18452,,,,,,,,,,,,,,7.977720,-4.175243,2.946853,1.137102,-1.136114,-0.475843,-0.791016,-1.814697,-0.175293,0.079903,-0.041626,0.029306,99946.0000,-0.353600,0.179434,0.918025,-0.935310,-0.081156,-0.344396,0.012707,-0.980417,0.196523,,,0.000000,,,,0.00,,,
