// Start Time: Unknown
// Update Rate: 100.0Hz
// Filter Profile: human (46.1)
// Firmware Version: 4.6.0
PacketCounter,SampleTimeFine,Year,Month,Day,Second,UTC_Nano,UTC_Year,UTC_Month,UTC_Day,UTC_Hour,UTC_Minute,UTC_Second,UTC_Valid,Acc_X,Acc_Y,Acc_Z,FreeAcc_X,FreeAcc_Y,FreeAcc_Z,Mag_X,Mag_Y,Mag_Z,VelInc_X,VelInc_Y,VelInc_Z,Pressure,Mat[1][1],Mat[2][1],Mat[3][1],Mat[1][2],Mat[2][2],Mat[3][2],Mat[1][3],Mat[2][3],Mat[3][3],Latitude,Longitude,Altitude,Vel_X,Vel_Y,Vel_Z,Temperature,GyrTemp_X,GyrTemp_Y,GyrTemp_Z
61797,,,,,,,,,,,,,,9.743013,0.480041,1.163577,-0.000000,-0.000000,0.011296,-1.021484,-0.388916,0.600098,0.097430,0.004806,0.011637,,-0.084205,0.096612,0.991754,-0.447999,-0.892694,0.048925,0.890060,-0.440185,0.118452,,,0.000000,,,,0.00,,,
61798,,,,,,,,,,,,,,9.717306,0.469689,1.142327,-0.011693,0.017284,-0.017223,-1.021484,-0.388916,0.597900,0.097173,0.004703,0.011424,99868.0000,-0.084317,0.096510,0.991754,-0.446877,-0.893256,0.048932,0.890613,-0.439067,0.118445,,,0.000000,,,,0.00,,,
61799,,,,,,,,,,,,,,9.771189,0.457476,1.165887,0.009786,0.021733,0.038411,-1.019287,-0.388916,0.597900,0.097711,0.004582,0.011660,,-0.084368,0.096361,0.991764,-0.446881,-0.893263,0.048775,0.890606,-0.439086,0.118425,,,0.000000,,,,0.00,,,
61800,,,,,,,,,,,,,,9.797060,0.465331,1.186781,0.022232,0.006837,0.066930,-1.023682,-0.386719,0.600098,0.097970,0.004659,0.011868,99868.0000,-0.084407,0.096266,0.991770,-0.446891,-0.893263,0.048670,0.890597,-0.439106,0.118418,,,0.000000,,,,0.00,,,
61801,,,,,,,,,,,,,,9.776590,0.472174,1.237058,0.064941,-0.024146,0.052919,-1.023682,-0.384521,0.600098,0.097766,0.004727,0.012367,,-0.084514,0.096205,0.991767,-0.446939,-0.893245,0.048562,0.890563,-0.439155,0.118490,,,0.000000,,,,0.00,,,
61802,,,,,,,,,,,,,,9.785202,0.474087,1.169276,0.001974,0.004243,0.053523,-1.021729,-0.384521,0.600098,0.097852,0.004744,0.011690,99869.0000,-0.084604,0.096171,0.991763,-0.446955,-0.893241,0.048489,0.890547,-0.439171,0.118556,,,0.000000,,,,0.00,,,
61803,,,,,,,,,,,,,,9.741096,0.442888,1.180407,0.028732,0.022521,0.009590,-1.027832,-0.390869,0.595703,0.097411,0.004433,0.011802,,-0.084681,0.096115,0.991762,-0.446970,-0.893238,0.048402,0.890532,-0.439189,0.118601,,,0.000000,,,,0.00,,,
61804,,,,,,,,,,,,,,9.713108,0.462104,1.177964,0.019698,0.003126,-0.017525,-1.015137,-0.386719,0.597900,0.097131,0.004625,0.011779,99868.0000,-0.084728,0.096050,0.991764,-0.446983,-0.893236,0.048321,0.890521,-0.439207,0.118615,,,0.000000,,,,0.00,,,
61805,,,,,,,,,,,,,,9.729268,0.452086,1.162486,0.008462,0.019916,-0.003817,-1.019287,-0.388916,0.604492,0.097293,0.004524,0.011623,,-0.084796,0.096012,0.991762,-0.446991,-0.893236,0.048256,0.890510,-0.439217,0.118660,,,0.000000,,,,0.00,,,
61806,,,,,,,,,,,,,,9.743226,0.471344,1.165344,0.000653,0.002361,0.011296,-1.017578,-0.382568,0.599854,0.097432,0.004716,0.011653,99862.0000,-0.084836,0.095964,0.991763,-0.446996,-0.893237,0.048195,0.890504,-0.439226,0.118674,,,0.000000,,,,0.00,,,
61807,,,,,,,,,,,,,,9.729279,0.450882,1.162866,0.008414,0.019894,-0.003817,-1.021484,-0.386719,0.597900,0.097293,0.004512,0.011628,,-0.084882,0.095903,0.991765,-0.446917,-0.893280,0.048129,0.890539,-0.439152,0.118684,,,0.000000,,,,0.00,,,
61808,,,,,,,,,,,,,,9.743270,0.470030,1.165511,0.000599,0.002323,0.011296,-1.019531,-0.384521,0.595459,0.097433,0.004704,0.011655,99871.0000,-0.084931,0.095825,0.991768,-0.446867,-0.893309,0.048044,0.890560,-0.439108,0.118690,,,0.000000,,,,0.00,,,
61809,,,,,,,,,,,,,,9.799239,0.488892,1.173309,-0.005923,-0.013358,0.068635,-1.023682,-0.386719,0.600098,0.097992,0.004893,0.011734,,-0.084958,0.095733,0.991775,-0.446804,-0.893346,0.047958,0.890589,-0.439055,0.118670,,,0.000000,,,,0.00,,,
61810,,,,,,,,,,,,,,9.769170,0.477540,1.186338,0.013027,-0.012641,0.039815,-1.023438,-0.390869,0.622314,0.097691,0.004779,0.011864,99871.0000,-0.084998,0.095648,0.991780,-0.446725,-0.893390,0.047874,0.890625,-0.438983,0.118665,,,0.000000,,,,0.00,,,
61811,,,,,,,,,,,,,,9.755184,0.516655,1.186307,-0.003737,-0.049560,0.027811,-1.021484,-0.388916,0.602295,0.097552,0.005170,0.011861,,-0.085069,0.095585,0.991780,-0.446665,-0.893424,0.047794,0.890648,-0.438928,0.118697,,,0.000000,,,,0.00,,,
61812,,,,,,,,,,,,,,9.725034,0.505446,1.199947,0.015205,-0.048779,-0.001009,-1.025391,-0.395264,0.597900,0.097251,0.005057,0.011996,99870.0000,-0.085165,0.095557,0.991774,-0.446590,-0.893464,0.047736,0.890676,-0.438851,0.118767,,,0.000000,,,,0.00,,,
61813,,,,,,,,,,,,,,9.738964,0.524758,1.203102,0.007443,-0.066312,0.014103,-1.023438,-0.393066,0.593506,0.097390,0.005250,0.012028,,-0.085244,0.095531,0.991770,-0.446537,-0.893494,0.047684,0.890696,-0.438797,0.118823,,,0.000000,,,,0.00,,,
61814,,,,,,,,,,,,,,9.771250,0.505593,1.172066,-0.015110,-0.032564,0.041520,-1.025879,-0.386719,0.595703,0.097713,0.005058,0.011719,99873.0000,-0.085310,0.095517,0.991765,-0.446521,-0.893504,0.047645,0.890697,-0.438780,0.118875,,,0.000000,,,,0.00,,,
61815,,,,,,,,,,,,,,9.727136,0.474863,1.182859,0.011650,-0.014287,-0.002413,-1.021484,-0.390869,0.597900,0.097271,0.004750,0.011828,,-0.085325,0.095497,0.991766,-0.446495,-0.893518,0.047623,0.890709,-0.438755,0.118878,,,0.000000,,,,0.00,,,
61816,,,,,,,,,,,,,,9.757295,0.484857,1.169690,-0.007422,-0.014811,0.026408,-1.025635,-0.390869,0.597900,0.097573,0.004853,0.011697,99873.0000,-0.085361,0.095447,0.991768,-0.446557,-0.893491,0.047554,0.890674,-0.438822,0.118892,,,0.000000,,,,0.00,,,
61817,,,,,,,,,,,,,,9.729342,0.504315,1.167037,-0.016423,-0.034197,-0.000707,-1.023682,-0.386719,0.597900,0.097293,0.005045,0.011669,,-0.085387,0.095430,0.991767,-0.446618,-0.893462,0.047519,0.890641,-0.438883,0.118911,,,0.000000,,,,0.00,,,
61818,,,,,,,,,,,,,,9.752949,0.482483,1.204371,0.024013,-0.028724,0.026109,-1.025635,-0.393066,0.600098,0.097530,0.004827,0.012041,99870.0000,-0.085458,0.095447,0.991759,-0.446648,-0.893448,0.047499,0.890619,-0.438908,0.118984,,,0.000000,,,,0.00,,,
61819,,,,,,,,,,,,,,9.761604,0.484873,1.136314,-0.038934,-0.000339,0.026709,-1.030029,-0.388916,0.597900,0.097616,0.004850,0.011362,,-0.085492,0.095428,0.991758,-0.446675,-0.893437,0.047463,0.890602,-0.438936,0.119006,,,0.000000,,,,0.00,,,
61820,,,,,,,,,,,,,,9.757250,0.483056,1.170818,-0.007477,-0.014213,0.026409,-1.019287,-0.390869,0.604492,0.097573,0.004833,0.011707,99876.0000,-0.085544,0.095431,0.991754,-0.446693,-0.893429,0.047440,0.890588,-0.438951,0.119056,,,0.000000,,,,0.00,,,
61821,,,,,,,,,,,,,,9.773406,0.473158,1.155314,-0.018713,0.002578,0.040116,-1.025635,-0.390869,0.595703,0.097734,0.004735,0.011552,,-0.085584,0.095382,0.991755,-0.446710,-0.893423,0.047376,0.890576,-0.438972,0.119071,,,0.000000,,,,0.00,,,
61822,,,,,,,,,,,,,,9.731479,0.472739,1.150055,-0.019896,0.001019,-0.002112,-1.025879,-0.382568,0.597656,0.097315,0.004731,0.011501,99876.0000,-0.085598,0.095359,0.991756,-0.446765,-0.893398,0.047342,0.890547,-0.439029,0.119076,,,0.000000,,,,0.00,,,
61823,,,,,,,,,,,,,,9.741126,0.490380,1.187123,0.003817,-0.030705,0.012703,-1.027832,-0.388916,0.595703,0.097411,0.004909,0.011868,,-0.085692,0.095294,0.991754,-0.446771,-0.893400,0.047241,0.890535,-0.439039,0.119132,,,0.000000,,,,0.00,,,
61824,,,,,,,,,,,,,,9.785232,0.519952,1.177027,-0.022955,-0.048654,0.056639,-1.029785,-0.393066,0.604492,0.097852,0.005202,0.011768,99877.0000,-0.085757,0.095292,0.991749,-0.446764,-0.893405,0.047211,0.890532,-0.439029,0.119189,,,0.000000,,,,0.00,,,
61825,,,,,,,,,,,,,,9.765976,0.542166,1.106026,-0.094904,-0.039659,0.030124,-1.021484,-0.388916,0.595703,0.097660,0.005425,0.011060,,-0.085788,0.095223,0.991752,-0.446735,-0.893424,0.047139,0.890544,-0.439006,0.119184,,,0.000000,,,,0.00,,,
61826,,,,,,,,,,,,,,9.749845,0.491189,1.119296,-0.058868,-0.001519,0.013303,-1.027588,-0.393066,0.597900,0.097498,0.004914,0.011193,99868.0000,-0.085770,0.095237,0.991753,-0.446783,-0.893399,0.047153,0.890521,-0.439054,0.119177,,,0.000000,,,,0.00,,,
61827,,,,,,,,,,,,,,9.755159,0.507751,1.190353,-0.003682,-0.047436,0.027821,-1.023682,-0.386719,0.600098,0.097551,0.005080,0.011903,,-0.085798,0.095193,0.991754,-0.446822,-0.893382,0.047096,0.890499,-0.439097,0.119185,,,0.000000,,,,0.00,,,
61828,,,,,,,,,,,,,,9.733731,0.499480,1.135142,-0.047295,-0.017788,-0.000399,-1.025635,-0.388916,0.597900,0.097337,0.004998,0.011351,99864.0000,-0.085792,0.095202,0.991754,-0.446860,-0.893363,0.047102,0.890481,-0.439134,0.119186,,,0.000000,,,,0.00,,,
61829,,,,,,,,,,,,,,9.777851,0.469618,1.122280,-0.049526,0.018397,0.040416,-1.027832,-0.390869,0.602295,0.097779,0.004698,0.011222,,-0.085825,0.095183,0.991753,-0.446886,-0.893352,0.047066,0.890464,-0.439162,0.119208,,,0.000000,,,,0.00,,,
61830,,,,,,,,,,,,,,9.743372,0.457226,1.169738,0.001437,0.005430,0.011294,-1.025635,-0.388916,0.602295,0.097434,0.004575,0.011698,99871.0000,-0.085788,0.095181,0.991756,-0.446974,-0.893308,0.047069,0.890424,-0.439251,0.119179,,,0.000000,,,,0.00,,,
61831,,,,,,,,,,,,,,9.731571,0.467371,1.151471,-0.018800,0.002829,-0.002110,-1.023682,-0.384521,0.597656,0.097316,0.004677,0.011512,,-0.085851,0.095158,0.991753,-0.447033,-0.893281,0.047012,0.890388,-0.439310,0.119228,,,0.000000,,,,0.00,,,
61832,,,,,,,,,,,,,,9.729359,0.436263,1.167763,0.009649,0.023275,-0.003825,-1.023682,-0.386719,0.604492,0.097294,0.004365,0.011676,99877.0000,-0.085857,0.095160,0.991753,-0.447041,-0.893277,0.047010,0.890383,-0.439318,0.119235,,,0.000000,,,,0.00,,,
61833,,,,,,,,,,,,,,9.731541,0.466168,1.152211,-0.018348,0.003143,-0.002109,-1.025635,-0.390869,0.597900,0.097315,0.004666,0.011520,,-0.085927,0.095096,0.991753,-0.447027,-0.893289,0.046923,0.890384,-0.439309,0.119268,,,0.000000,,,,0.00,,,
61834,,,,,,,,,,,,,,9.783188,0.483368,1.194289,0.007156,-0.026419,0.054936,-1.023438,-0.393066,0.600098,0.097831,0.004839,0.011945,99873.0000,-0.085885,0.094999,0.991766,-0.446988,-0.893312,0.046861,0.890408,-0.439283,0.119185,,,0.000000,,,,0.00,,,
61835,,,,,,,,,,,,,,9.743477,0.453493,1.170321,0.002439,0.006032,0.011294,-1.025635,-0.393066,0.597900,0.097434,0.004539,0.011704,,-0.085906,0.094921,0.991771,-0.446975,-0.893322,0.046782,0.890412,-0.439278,0.119169,,,0.000000,,,,0.00,,,
61836,,,,,,,,,,,,,,9.757518,0.472728,1.172796,-0.004787,-0.010951,0.026415,-1.023193,-0.395264,0.589111,0.097575,0.004729,0.011728,99870.0000,-0.085868,0.094930,0.991774,-0.446935,-0.893341,0.046813,0.890436,-0.439239,0.119137,,,0.000000,,,,0.00,,,
61837,,,,,,,,,,,,,,9.778072,0.464292,1.122577,-0.047483,0.020039,0.040422,-1.025635,-0.390869,0.600098,0.097780,0.004646,0.011228,,-0.085859,0.094857,0.991781,-0.446891,-0.893366,0.046756,0.890459,-0.439204,0.119094,,,0.000000,,,,0.00,,,
61838,,,,,,,,,,,,,,9.785583,0.451654,1.174954,0.004583,0.009086,0.053519,-1.025635,-0.388916,0.600098,0.097856,0.004519,0.011751,99869.0000,-0.085825,0.094870,0.991783,-0.446858,-0.893380,0.046788,0.890478,-0.439171,0.119068,,,0.000000,,,,0.00,,,
61839,,,,,,,,,,,,,,9.739297,0.449909,1.203977,0.034810,-0.006972,0.010989,-1.027588,-0.395264,0.595703,0.097393,0.004503,0.012037,,-0.085909,0.094814,0.991781,-0.446795,-0.893416,0.046709,0.890502,-0.439110,0.119115,,,0.000000,,,,0.00,,,
61840,,,,,,,,,,,,,,9.753312,0.469134,1.206703,0.027431,-0.023991,0.026112,-1.025879,-0.386719,0.597900,0.097533,0.004693,0.012068,99873.0000,-0.085879,0.094812,0.991784,-0.446729,-0.893448,0.046729,0.890538,-0.439046,0.119084,,,0.000000,,,,0.00,,,
61841,,,,,,,,,,,,,,9.748978,0.467528,1.240877,0.058909,-0.038172,0.025808,-1.027832,-0.388916,0.591064,0.097490,0.004675,0.012408,,-0.085899,0.094807,0.991783,-0.446629,-0.893498,0.046729,0.890586,-0.438945,0.119094,,,0.000000,,,,0.00,,,
61842,,,,,,,,,,,,,,9.735060,0.507381,1.240580,0.041927,-0.074653,0.013835,-1.019043,-0.393066,0.600098,0.097350,0.005074,0.012408,99876.0000,-0.085903,0.094813,0.991782,-0.446534,-0.893545,0.046745,0.890634,-0.438849,0.119095,,,0.000000,,,,0.00,,,
61843,,,,,,,,,,,,,,9.735090,0.507312,1.240375,0.041923,-0.074639,0.013835,-1.023682,-0.388916,0.600098,0.097351,0.005073,0.012404,,-0.085916,0.094800,0.991782,-0.446405,-0.893609,0.046745,0.890697,-0.438720,0.119095,,,0.000000,,,,0.00,,,
61844,,,,,,,,,,,,,,9.753464,0.528483,1.208595,0.003073,-0.077407,0.029267,-1.021240,-0.393066,0.600098,0.097534,0.005285,0.012087,99870.0000,-0.085873,0.094826,0.991783,-0.446268,-0.893675,0.046806,0.890770,-0.438581,0.119060,,,0.000000,,,,0.00,,,
61845,,,,,,,,,,,,,,9.746981,0.556224,1.261118,0.038024,-0.125906,0.030389,-1.021240,-0.393066,0.602295,0.097470,0.005563,0.012610,,-0.085918,0.094812,0.991781,-0.446080,-0.893769,0.046798,0.890860,-0.438393,0.119085,,,0.000000,,,,0.00,,,
61846,,,,,,,,,,,,,,9.763108,0.546678,1.245613,0.027318,-0.108135,0.044099,-1.023438,-0.393066,0.602295,0.097631,0.005468,0.012455,99874.0000,-0.085923,0.094875,0.991774,-0.445883,-0.893863,0.046880,0.890958,-0.438187,0.119106,,,0.000000,,,,0.00,,,
61847,,,,,,,,,,,,,,9.746890,0.496005,1.259058,0.063095,-0.070464,0.027240,-1.025635,-0.393066,0.604492,0.097469,0.004961,0.012591,,-0.085947,0.094832,0.991776,-0.445712,-0.893950,0.046852,0.891041,-0.438019,0.119100,,,0.000000,,,,0.00,,,
61848,,,,,,,,,,,,,,9.746922,0.495725,1.258918,0.063561,-0.069284,0.027245,-1.023438,-0.393066,0.602295,0.097469,0.004959,0.012590,99868.0000,-0.085907,0.094902,0.991773,-0.445571,-0.894015,0.046952,0.891115,-0.437871,0.119088,,,0.000000,,,,0.00,,,
61849,,,,,,,,,,,,,,9.721158,0.486372,1.237647,0.051107,-0.054345,-0.001282,-1.029785,-0.390869,0.600098,0.097211,0.004865,0.012378,,-0.085917,0.094854,0.991777,-0.445358,-0.894122,0.046933,0.891221,-0.437663,0.119064,,,0.000000,,,,0.00,,,
61850,,,,,,,,,,,,,,9.669669,0.527898,1.197606,0.001548,-0.077596,-0.055156,-1.025635,-0.390869,0.597900,0.096697,0.005278,0.011978,99870.0000,-0.085908,0.094974,0.991766,-0.445131,-0.894227,0.047076,0.891335,-0.437421,0.119097,,,0.000000,,,,0.00,,,
61851,,,,,,,,,,,,,,9.688049,0.549001,1.165822,-0.037644,-0.080884,-0.039721,-1.025879,-0.386719,0.602295,0.096880,0.005492,0.011658,,-0.085958,0.094933,0.991766,-0.444888,-0.894349,0.047049,0.891452,-0.437181,0.119111,,,0.000000,,,,0.00,,,
61852,,,,,,,,,,,,,,9.737460,0.536480,1.223803,0.015097,-0.089310,0.015610,-1.027588,-0.393066,0.606689,0.097374,0.005366,0.012239,99873.0000,-0.085989,0.095014,0.991755,-0.444667,-0.894455,0.047137,0.891559,-0.436948,0.119163,,,0.000000,,,,0.00,,,
61853,,,,,,,,,,,,,,9.737491,0.536227,1.223666,0.015134,-0.089279,0.015610,-1.027832,-0.388916,0.595703,0.097375,0.005364,0.012237,,-0.086023,0.094965,0.991757,-0.444475,-0.894552,0.047104,0.891651,-0.436759,0.119162,,,0.000000,,,,0.00,,,
61854,,,,,,,,,,,,,,9.739653,0.506637,1.205292,0.011542,-0.053260,0.014178,-1.027832,-0.390869,0.633545,0.097396,0.005068,0.012054,99873.0000,-0.086055,0.095072,0.991744,-0.444261,-0.894653,0.047216,0.891755,-0.436530,0.119226,,,0.000000,,,,0.00,,,
61855,,,,,,,,,,,,,,9.737496,0.475859,1.220824,0.039582,-0.033102,0.012435,-1.032227,-0.386719,0.606689,0.097375,0.004759,0.012212,,-0.086023,0.095008,0.991753,-0.444016,-0.894775,0.047205,0.891880,-0.436293,0.119157,,,0.000000,,,,0.00,,,
61856,,,,,,,,,,,,,,9.719392,0.513990,1.253738,0.055723,-0.083641,0.000188,-1.025635,-0.388916,0.600098,0.097193,0.005144,0.012544,99870.0000,-0.085803,0.094903,0.991782,-0.443834,-0.894863,0.047231,0.891992,-0.436134,0.118903,,,0.000000,,,,0.00,,,
61857,,,,,,,,,,,,,,9.670280,0.525022,1.193934,0.002823,-0.073945,-0.055128,-1.023682,-0.386719,0.604492,0.096701,0.005258,0.011950,,-0.085701,0.094646,0.991815,-0.443569,-0.895003,0.047079,0.892133,-0.435904,0.118685,,,0.000000,,,,0.00,,,
61858,,,,,,,,,,,,,,9.708319,0.581641,1.233990,0.010812,-0.139274,-0.009985,-1.030029,-0.388916,0.606689,0.097082,0.005825,0.012346,99871.0000,-0.085703,0.094554,0.991824,-0.443342,-0.895118,0.047026,0.892246,-0.435687,0.118634,,,0.000000,,,,0.00,,,
61859,,,,,,,,,,,,,,9.719491,0.612976,1.148180,-0.080047,-0.130975,-0.007638,-1.023682,-0.388916,0.606689,0.097194,0.006138,0.011489,,-0.085669,0.094324,0.991849,-0.443147,-0.895223,0.046859,0.892346,-0.435520,0.118492,,,0.000000,,,,0.00,,,
61860,,,,,,,,,,,,,,9.737959,0.572838,1.112850,-0.094421,-0.078116,0.004614,-1.023682,-0.388916,0.608887,0.097378,0.005734,0.011136,99873.0000,-0.085569,0.094315,0.991858,-0.443036,-0.895276,0.046910,0.892411,-0.435415,0.118393,,,0.000000,,,,0.00,,,
61861,,,,,,,,,,,,,,9.789711,0.530089,1.151183,-0.044809,-0.053445,0.058472,-1.030029,-0.386719,0.611084,0.097896,0.005308,0.011520,,-0.085487,0.094119,0.991884,-0.442944,-0.895328,0.046781,0.892464,-0.435349,0.118229,,,0.000000,,,,0.00,,,
61862,,,,,,,,,,,,,,9.759794,0.518389,1.162984,-0.025033,-0.051268,0.029649,-1.023438,-0.395264,0.611328,0.097597,0.005191,0.011636,99869.0000,-0.085342,0.094091,0.991899,-0.442960,-0.895318,0.046818,0.892470,-0.435376,0.118087,,,0.000000,,,,0.00,,,
61863,,,,,,,,,,,,,,9.720177,0.488195,1.137788,-0.029651,-0.018867,-0.014039,-1.023682,-0.386719,0.606689,0.097200,0.004888,0.011388,,-0.085192,0.093888,0.991931,-0.442923,-0.895342,0.046705,0.892503,-0.435370,0.117861,,,0.000000,,,,0.00,,,
61864,,,,,,,,,,,,,,9.692549,0.507060,1.133149,-0.037456,-0.036535,-0.041101,-1.023438,-0.393066,0.604492,0.096924,0.005077,0.011339,99864.0000,-0.084970,0.093880,0.991951,-0.443017,-0.895291,0.046783,0.892477,-0.435476,0.117664,,,0.000000,,,,0.00,,,
61865,,,,,,,,,,,,,,9.748841,0.524962,1.139157,-0.043799,-0.052078,0.016277,-1.027832,-0.390869,0.608887,0.097487,0.005259,0.011401,,-0.084859,0.093638,0.991983,-0.443061,-0.895279,0.046608,0.892466,-0.435554,0.117459,,,0.000000,,,,0.00,,,
61866,,,,,,,,,,,,,,9.781540,0.564020,1.108183,-0.089926,-0.070613,0.046909,-1.027588,-0.393066,0.609131,0.097814,0.005649,0.011089,99871.0000,-0.084692,0.093653,0.991996,-0.443253,-0.895181,0.046670,0.892387,-0.435752,0.117326,,,0.000000,,,,0.00,,,
61867,,,,,,,,,,,,,,9.807659,0.571411,1.127784,-0.077281,-0.085461,0.075452,-1.019287,-0.388916,0.611084,0.098075,0.005722,0.011284,,-0.084612,0.093467,0.992020,-0.443448,-0.895092,0.046512,0.892297,-0.435974,0.117184,,,0.000000,,,,0.00,,,
61868,,,,,,,,,,,,,,9.837999,0.580179,1.113703,-0.094649,-0.084333,0.104323,-1.029785,-0.390869,0.611328,0.098379,0.005809,0.011139,99876.0000,-0.084442,0.093522,0.992030,-0.443780,-0.894924,0.046593,0.892148,-0.436309,0.117073,,,0.000000,,,,0.00,,,
61869,,,,,,,,,,,,,,9.797958,0.490256,1.087598,-0.074649,0.002499,0.057349,-1.021484,-0.390869,0.604492,0.097979,0.004908,0.010878,,-0.084406,0.093433,0.992041,-0.443995,-0.894822,0.046500,0.892045,-0.436537,0.117012,,,0.000000,,,,0.00,,,
61870,,,,,,,,,,,,,,9.721688,0.478126,1.129119,-0.024315,-0.011000,-0.014013,-1.020996,-0.397217,0.609131,0.097216,0.004785,0.011296,99871.0000,-0.084198,0.093547,0.992048,-0.444231,-0.894696,0.046663,0.891947,-0.436770,0.116888,,,0.000000,,,,0.00,,,
61871,,,,,,,,,,,,,,9.705529,0.427079,1.141516,0.011646,0.026635,-0.030975,-1.021484,-0.388916,0.611084,0.097054,0.004274,0.011421,,-0.084082,0.093448,0.992067,-0.444416,-0.894608,0.046601,0.891866,-0.436972,0.116750,,,0.000000,,,,0.00,,,
61872,,,,,,,,,,,,,,9.691654,0.406413,1.137707,0.021484,0.045817,-0.046156,-1.019043,-0.397217,0.606934,0.096915,0.004069,0.011384,99871.0000,-0.083752,0.093493,0.992091,-0.444701,-0.894458,0.046751,0.891755,-0.437268,0.116489,,,0.000000,,,,0.00,,,
61873,,,,,,,,,,,,,,9.708219,0.455756,1.122529,-0.014066,0.008293,-0.029179,-1.025635,-0.393066,0.611328,0.097081,0.004562,0.011235,,-0.083584,0.093333,0.992120,-0.444785,-0.894420,0.046670,0.891728,-0.437380,0.116272,,,0.000000,,,,0.00,,,
61874,,,,,,,,,,,,,,9.734364,0.464055,1.141585,0.000320,-0.004474,-0.000634,-1.021240,-0.393066,0.611328,0.097342,0.004644,0.011425,99871.0000,-0.083225,0.093426,0.992142,-0.444968,-0.894318,0.046889,0.891671,-0.437569,0.116001,,,0.000000,,,,0.00,,,
61875,,,,,,,,,,,,,,9.776577,0.462798,1.145012,0.001885,-0.002417,0.041585,-1.021484,-0.390869,0.608887,0.097765,0.004634,0.011458,,-0.083090,0.093262,0.992168,-0.445052,-0.894281,0.046789,0.891641,-0.437679,0.115813,,,0.000000,,,,0.00,,,
61876,,,,,,,,,,,,,,9.786622,0.480165,1.180339,0.027322,-0.032800,0.056452,-1.021484,-0.386719,0.611084,0.097865,0.004807,0.011809,99864.0000,-0.082838,0.093262,0.992189,-0.445228,-0.894189,0.046878,0.891577,-0.437867,0.115596,,,0.000000,,,,0.00,,,
61877,,,,,,,,,,,,,,9.758914,0.499162,1.176644,0.018523,-0.052176,0.029416,-1.021484,-0.390869,0.615723,0.097588,0.004998,0.011771,,-0.082784,0.093123,0.992207,-0.445270,-0.894174,0.046771,0.891561,-0.437928,0.115488,,,0.000000,,,,0.00,,,
61878,,,,,,,,,,,,,,9.730926,0.458369,1.170730,0.035920,-0.016740,-0.000956,-1.025635,-0.390869,0.608887,0.097308,0.004590,0.011712,99867.0000,-0.082540,0.093028,0.992236,-0.445359,-0.894129,0.046782,0.891539,-0.438040,0.115232,,,0.000000,,,,0.00,,,
61879,,,,,,,,,,,,,,9.731114,0.457049,1.169687,0.036228,-0.016662,-0.000957,-1.021484,-0.388916,0.615723,0.097310,0.004578,0.011702,,-0.082476,0.092853,0.992258,-0.445349,-0.894141,0.046655,0.891550,-0.438053,0.115098,,,0.000000,,,,0.00,,,
61880,,,,,,,,,,,,,,9.665725,0.477546,1.126275,-0.004211,-0.022870,-0.069883,-1.021484,-0.390869,0.613525,0.096656,0.004782,0.011270,99871.0000,-0.082243,0.092769,0.992285,-0.445373,-0.894128,0.046678,0.891560,-0.438098,0.114853,,,0.000000,,,,0.00,,,
61881,,,,,,,,,,,,,,9.684041,0.437344,1.090264,-0.018489,0.028382,-0.057717,-1.025635,-0.390869,0.613525,0.096839,0.004382,0.010915,,-0.082071,0.092506,0.992324,-0.445326,-0.894159,0.046524,0.891599,-0.438089,0.114580,,,0.000000,,,,0.00,,,
61882,,,,,,,,,,,,,,9.676283,0.492743,1.158534,0.021488,-0.053371,-0.055017,-1.019287,-0.388916,0.615723,0.096761,0.004937,0.011598,99870.0000,-0.081730,0.092345,0.992367,-0.445427,-0.894109,0.046517,0.891580,-0.438225,0.114209,,,0.000000,,,,0.00,,,
61883,,,,,,,,,,,,,,9.687054,0.464086,1.069192,-0.044477,0.009526,-0.055870,-1.028076,-0.384521,0.615479,0.096869,0.004651,0.010705,,-0.081552,0.092042,0.992410,-0.445433,-0.894116,0.046322,0.891594,-0.438274,0.113915,,,0.000000,,,,0.00,,,
61884,,,,,,,,,,,,,,9.727535,0.490555,1.089633,-0.038134,-0.022572,-0.012130,-1.023682,-0.386719,0.615479,0.097273,0.004918,0.010913,99873.0000,-0.081179,0.091697,0.992472,-0.445606,-0.894039,0.046154,0.891541,-0.438505,0.113438,,,0.000000,,,,0.00,,,
61885,,,,,,,,,,,,,,9.753605,0.437236,1.105094,-0.000614,0.017030,0.013041,-1.025635,-0.390869,0.611328,0.097534,0.004385,0.011066,,-0.080979,0.091334,0.992522,-0.445651,-0.894029,0.045910,0.891537,-0.438600,0.113101,,,0.000000,,,,0.00,,,
61886,,,,,,,,,,,,,,9.771981,0.395873,1.068024,-0.014088,0.069273,0.025199,-1.025635,-0.390869,0.613525,0.097718,0.003972,0.010695,99869.0000,-0.080697,0.091079,0.992569,-0.445832,-0.893945,0.045783,0.891471,-0.438825,0.112745,,,0.000000,,,,0.00,,,
61887,,,,,,,,,,,,,,9.772457,0.392927,1.064756,-0.013699,0.069339,0.025199,-1.019531,-0.386719,0.615479,0.097722,0.003945,0.010665,,-0.080480,0.090634,0.992627,-0.445804,-0.893974,0.045481,0.891505,-0.438857,0.112352,,,0.000000,,,,0.00,,,
61888,,,,,,,,,,,,,,9.784425,0.319282,1.077085,0.032659,0.127141,0.035144,-1.021729,-0.384521,0.620117,0.097842,0.003208,0.010791,99873.0000,-0.080090,0.090264,0.992692,-0.445883,-0.893944,0.045311,0.891501,-0.438995,0.111843,,,0.000000,,,,0.00,,,
61889,,,,,,,,,,,,,,9.777286,0.328171,1.020138,-0.018659,0.138869,0.022152,-1.021484,-0.386719,0.613281,0.097770,0.003298,0.010224,,-0.079797,0.089767,0.992761,-0.445797,-0.894002,0.045004,0.891570,-0.438979,0.111357,,,0.000000,,,,0.00,,,
61890,,,,,,,,,,,,,,9.789691,0.313804,1.034431,0.003152,0.141312,0.035489,-1.030273,-0.382568,0.624512,0.097894,0.003158,0.010363,99873.0000,-0.079470,0.089222,0.992836,-0.445784,-0.894026,0.044661,0.891606,-0.439041,0.110822,,,0.000000,,,,0.00,,,
61891,,,,,,,,,,,,,,9.820339,0.320214,1.017246,-0.015325,0.140778,0.064373,-1.024170,-0.378174,0.617676,0.098201,0.003221,0.010191,,-0.079269,0.088705,0.992899,-0.445594,-0.894138,0.044308,0.891719,-0.438917,0.110404,,,0.000000,,,,0.00,,,
61892,,,,,,,,,,,,,,9.824949,0.317938,0.979172,-0.045619,0.153800,0.064749,-1.023926,-0.380371,0.615479,0.098247,0.003196,0.009811,99868.0000,-0.078952,0.088101,0.992978,-0.445569,-0.894170,0.043906,0.891760,-0.438973,0.109852,,,0.000000,,,,0.00,,,
61893,,,,,,,,,,,,,,9.835481,0.333275,1.012351,-0.021501,0.122095,0.079595,-1.017578,-0.378174,0.617676,0.098353,0.003347,0.010139,,-0.078779,0.087676,0.993029,-0.445296,-0.894320,0.043635,0.891911,-0.438754,0.109495,,,0.000000,,,,0.00,,,
61894,,,,,,,,,,,,,,9.861898,0.339432,1.030458,-0.008252,0.105858,0.108140,-1.021729,-0.382568,0.624512,0.098617,0.003408,0.010316,99868.0000,-0.078642,0.087167,0.993085,-0.444989,-0.894490,0.043275,0.892076,-0.438509,0.109133,,,0.000000,,,,0.00,,,
61895,,,,,,,,,,,,,,9.820752,0.397498,1.025805,-0.033855,0.049492,0.069309,-1.021973,-0.376221,0.622070,0.098206,0.003984,0.010265,,-0.078567,0.086913,0.993113,-0.444760,-0.894612,0.043107,0.892197,-0.438310,0.108942,,,0.000000,,,,0.00,,,
61896,,,,,,,,,,,,,,9.763040,0.405997,1.035264,-0.022097,0.029056,0.013412,-1.019775,-0.380371,0.622070,0.097629,0.004067,0.010359,99880.0000,-0.078313,0.086555,0.993164,-0.444620,-0.894691,0.042913,0.892289,-0.438220,0.108550,,,0.000000,,,,0.00,,,
61897,,,,,,,,,,,,,,9.723555,0.436036,1.012991,-0.051085,0.007005,-0.026925,-1.026367,-0.374023,0.622070,0.097235,0.004364,0.010136,,-0.078223,0.086405,0.993184,-0.444251,-0.894876,0.042863,0.892481,-0.437871,0.108385,,,0.000000,,,,0.00,,,
61898,,,,,,,,,,,,,,9.717322,0.403700,1.062073,0.009694,0.011113,-0.029176,-1.023926,-0.380371,0.633301,0.097172,0.004040,0.010627,99870.0000,-0.078023,0.086102,0.993227,-0.444018,-0.895000,0.042707,0.892614,-0.437678,0.108061,,,0.000000,,,,0.00,,,
61899,,,,,,,,,,,,,,9.721537,0.404490,1.026529,-0.021265,0.025355,-0.028794,-1.020020,-0.374023,0.637695,0.097215,0.004046,0.010272,,-0.077895,0.085994,0.993246,-0.443688,-0.895163,0.042706,0.892790,-0.437365,0.107883,,,0.000000,,,,0.00,,,
61900,,,,,,,,,,,,,,9.773837,0.422181,1.066636,0.008241,-0.006909,0.028233,-1.020264,-0.369873,0.630859,0.097737,0.004223,0.010675,99876.0000,-0.077294,0.085646,0.993323,-0.443803,-0.895109,0.042644,0.892785,-0.437543,0.107197,,,0.000000,,,,0.00,,,
61901,,,,,,,,,,,,,,9.786497,0.470993,1.085575,0.004392,-0.058788,0.044917,-1.026367,-0.376221,0.624268,0.097864,0.004710,0.010863,,-0.077134,0.085533,0.993345,-0.443495,-0.895261,0.042650,0.892951,-0.437254,0.106989,,,0.000000,,,,0.00,,,
61902,,,,,,,,,,,,,,9.804890,0.491760,1.052377,-0.032958,-0.064426,0.060506,-1.026367,-0.376221,0.633057,0.098048,0.004918,0.010529,99870.0000,-0.076868,0.085223,0.993392,-0.443447,-0.895293,0.042493,0.892998,-0.437251,0.106611,,,0.000000,,,,0.00,,,
61903,,,,,,,,,,,,,,9.776596,0.452066,1.046804,-0.016894,-0.029620,0.030118,-1.022217,-0.374023,0.633057,0.097765,0.004523,0.010472,,-0.076778,0.085117,0.993408,-0.443201,-0.895416,0.042467,0.893128,-0.437019,0.106472,,,0.000000,,,,0.00,,,
61904,,,,,,,,,,,,,,9.759067,0.490659,1.080003,0.000586,-0.082739,0.017862,-1.032959,-0.367676,0.628662,0.097590,0.004908,0.010804,99870.0000,-0.076390,0.084880,0.993459,-0.443387,-0.895327,0.042402,0.893069,-0.437248,0.106029,,,0.000000,,,,0.00,,,
61905,,,,,,,,,,,,,,9.793321,0.501680,1.031452,-0.049090,-0.069176,0.047207,-1.026611,-0.369873,0.633057,0.097933,0.005018,0.010318,,-0.076302,0.084785,0.993473,-0.443064,-0.895487,0.042394,0.893237,-0.436937,0.105892,,,0.000000,,,,0.00,,,
61906,,,,,,,,,,,,,,9.759279,0.490162,1.078317,0.002371,-0.085672,0.017837,-1.024170,-0.376221,0.626465,0.097592,0.004904,0.010789,99874.0000,-0.076082,0.084432,0.993520,-0.443243,-0.895410,0.042152,0.893167,-0.437164,0.105548,,,0.000000,,,,0.00,,,
61907,,,,,,,,,,,,,,9.761714,0.520313,1.061356,-0.025124,-0.105884,0.019730,-1.026367,-0.372070,0.633057,0.097617,0.005204,0.010616,,-0.076002,0.084350,0.993533,-0.443007,-0.895527,0.042140,0.893291,-0.436940,0.105430,,,0.000000,,,,0.00,,,
61908,,,,,,,,,,,,,,9.733995,0.540539,1.058162,-0.032598,-0.126347,-0.007305,-1.022217,-0.371826,0.633057,0.097340,0.005406,0.010584,99872.0000,-0.075748,0.084229,0.993563,-0.443215,-0.895425,0.042119,0.893209,-0.437171,0.105158,,,0.000000,,,,0.00,,,
61909,,,,,,,,,,,,,,9.751659,0.501614,1.023690,-0.046380,-0.075378,0.004980,-1.028564,-0.369873,0.633057,0.097516,0.005016,0.010239,,-0.075661,0.084174,0.993574,-0.442987,-0.895538,0.042135,0.893330,-0.436952,0.105045,,,0.000000,,,,0.00,,,
61910,,,,,,,,,,,,,,9.759551,0.489985,1.075934,0.007584,-0.089029,0.017804,-1.028564,-0.374023,0.637695,0.097595,0.004899,0.010762,99872.0000,-0.075339,0.084017,0.993612,-0.443378,-0.895346,0.042089,0.893163,-0.437375,0.104706,,,0.000000,,,,0.00,,,
61911,,,,,,,,,,,,,,9.759626,0.490121,1.075191,0.008204,-0.089309,0.017801,-1.026611,-0.367676,0.630859,0.097596,0.004901,0.010757,,-0.075187,0.083944,0.993630,-0.443307,-0.895380,0.042099,0.893211,-0.437318,0.104534,,,0.000000,,,,0.00,,,
61912,,,,,,,,,,,,,,9.749547,0.471156,1.037808,-0.013315,-0.058935,0.003068,-1.030518,-0.376221,0.637695,0.097495,0.004715,0.010381,99867.0000,-0.074881,0.083754,0.993669,-0.443951,-0.895067,0.041988,0.892917,-0.437996,0.104206,,,0.000000,,,,0.00,,,
61913,,,,,,,,,,,,,,9.711716,0.472066,0.997617,-0.045574,-0.046770,-0.038678,-1.024414,-0.369873,0.633057,0.097116,0.004725,0.009983,,-0.074733,0.083580,0.993695,-0.443899,-0.895097,0.041902,0.892955,-0.437968,0.103994,,,0.000000,,,,0.00,,,
61914,,,,,,,,,,,,,,9.737342,0.420583,1.015067,-0.005767,-0.008136,-0.013556,-1.026611,-0.369873,0.633057,0.097373,0.004209,0.010157,99864.0000,-0.074333,0.083445,0.993736,-0.444560,-0.894769,0.041881,0.892659,-0.438663,0.103607,,,0.000000,,,,0.00,,,
61915,,,,,,,,,,,,,,9.723335,0.400014,1.011143,0.002670,0.008973,-0.028743,-1.028809,-0.367676,0.633057,0.097232,0.004005,0.010121,,-0.074148,0.083211,0.993770,-0.444401,-0.894853,0.041770,0.892754,-0.438535,0.103330,,,0.000000,,,,0.00,,,
61916,,,,,,,,,,,,,,9.805887,0.427138,1.037203,0.010342,-0.023089,0.057116,-1.028564,-0.369873,0.637451,0.098058,0.004276,0.010380,99867.0000,-0.073850,0.082937,0.993815,-0.444898,-0.894615,0.041598,0.892531,-0.439074,0.102966,,,0.000000,,,,0.00,,,
61917,,,,,,,,,,,,,,9.821990,0.416490,1.019764,-0.000018,-0.006579,0.070876,-1.028809,-0.367676,0.637451,0.098219,0.004170,0.010205,,-0.073707,0.082717,0.993844,-0.444723,-0.894707,0.041483,0.892630,-0.438927,0.102732,,,0.000000,,,,0.00,,,
61918,,,,,,,,,,,,,,9.806288,0.425119,1.034240,0.013113,-0.024782,0.057109,-1.028564,-0.374023,0.635254,0.098062,0.004256,0.010348,99867.0000,-0.073361,0.082505,0.993887,-0.445452,-0.894350,0.041362,0.892295,-0.439695,0.102362,,,0.000000,,,,0.00,,,
61919,,,,,,,,,,,,,,9.808753,0.454671,1.017170,-0.014390,-0.045083,0.059028,-1.028564,-0.369873,0.633057,0.098087,0.004550,0.010175,,-0.073296,0.082348,0.993905,-0.445211,-0.894474,0.041278,0.892421,-0.439472,0.102224,,,0.000000,,,,0.00,,,
61920,,,,,,,,,,,,,,9.752643,0.434780,1.009270,-0.006852,-0.029567,0.001628,-1.026367,-0.372070,0.633057,0.097526,0.004352,0.010097,99870.0000,-0.073062,0.082267,0.993929,-0.445802,-0.894181,0.041241,0.892145,-0.440082,0.102005,,,0.000000,,,,0.00,,,
61921,,,,,,,,,,,,,,9.740849,0.444561,0.990276,-0.026549,-0.032418,-0.011633,-1.028564,-0.369873,0.637451,0.097408,0.004450,0.009903,,-0.073036,0.082123,0.993942,-0.445684,-0.894245,0.041136,0.892206,-0.439980,0.101913,,,0.000000,,,,0.00,,,
61922,,,,,,,,,,,,,,9.725062,0.453325,1.005620,-0.014106,-0.049531,-0.025402,-1.022217,-0.374023,0.628662,0.097250,0.004538,0.010060,99864.0000,-0.072784,0.082036,0.993968,-0.446337,-0.893921,0.041095,0.891900,-0.440653,0.101679,,,0.000000,,,,0.00,,,
61923,,,,,,,,,,,,,,9.755308,0.462530,0.991094,-0.032233,-0.050503,0.003557,-1.022217,-0.369873,0.630859,0.097552,0.004629,0.009916,,-0.072676,0.081856,0.993991,-0.446153,-0.894017,0.041002,0.892001,-0.440492,0.101494,,,0.000000,,,,0.00,,,
61924,,,,,,,,,,,,,,9.783219,0.441267,0.992689,-0.022106,-0.031278,0.030587,-1.026367,-0.374023,0.628662,0.097831,0.004418,0.009932,99873.0000,-0.072556,0.081707,0.994012,-0.446133,-0.894031,0.040923,0.892021,-0.440492,0.101319,,,0.000000,,,,0.00,,,
61925,,,,,,,,,,,,,,9.757221,0.431340,0.971091,-0.033966,-0.016694,0.002148,-1.028564,-0.369873,0.633057,0.097572,0.004317,0.009715,,-0.072463,0.081542,0.994032,-0.446007,-0.894098,0.040832,0.892091,-0.440386,0.101158,,,0.000000,,,,0.00,,,
61926,,,,,,,,,,,,,,9.812870,0.389679,0.975452,-0.014879,0.022333,0.056206,-1.022217,-0.369873,0.633057,0.098128,0.003902,0.009759,99873.0000,-0.072372,0.081461,0.994045,-0.446275,-0.893967,0.040768,0.891965,-0.440667,0.101053,,,0.000000,,,,0.00,,,
61927,,,,,,,,,,,,,,9.811355,0.418062,0.992839,-0.011116,-0.012489,0.057617,-1.030762,-0.372070,0.633057,0.098113,0.004185,0.009930,,-0.072321,0.081312,0.994061,-0.446226,-0.893996,0.040663,0.891993,-0.440636,0.100938,,,0.000000,,,,0.00,,,
61928,,,,,,,,,,,,,,9.823299,0.406525,1.011139,0.010010,-0.010013,0.070868,-1.024414,-0.372070,0.628662,0.098233,0.004069,0.010111,99874.0000,-0.072241,0.081287,0.994069,-0.446675,-0.893774,0.040625,0.891775,-0.441091,0.100876,,,0.000000,,,,0.00,,,
61929,,,,,,,,,,,,,,9.797907,0.456622,0.992494,-0.026983,-0.049589,0.045778,-1.026367,-0.374023,0.628662,0.097979,0.004569,0.009923,,-0.072242,0.081205,0.994076,-0.446589,-0.893820,0.040561,0.891818,-0.441013,0.100837,,,0.000000,,,,0.00,,,
61930,,,,,,,,,,,,,,9.766146,0.475737,1.024585,-0.005216,-0.082755,0.018224,-1.030762,-0.369873,0.630859,0.097662,0.004757,0.010243,99873.0000,-0.072292,0.081300,0.994064,-0.446636,-0.893794,0.040618,0.891791,-0.441048,0.100926,,,0.000000,,,,0.00,,,
61931,,,,,,,,,,,,,,9.728067,0.477484,0.985922,-0.037460,-0.070531,-0.023461,-1.026611,-0.367676,0.626465,0.097281,0.004774,0.009857,,-0.072270,0.081285,0.994067,-0.446545,-0.893838,0.040625,0.891838,-0.440960,0.100895,,,0.000000,,,,0.00,,,
61932,,,,,,,,,,,,,,9.740651,0.526948,1.006454,-0.042916,-0.122430,-0.006869,-1.022217,-0.374023,0.628662,0.097407,0.005267,0.010064,99875.0000,-0.072307,0.081338,0.994060,-0.446700,-0.893761,0.040638,0.891757,-0.441108,0.100959,,,0.000000,,,,0.00,,,
61933,,,,,,,,,,,,,,9.786625,0.527830,0.976780,-0.072000,-0.106463,0.035877,-1.024170,-0.374023,0.626465,0.097866,0.005275,0.009771,,-0.072170,0.081315,0.994072,-0.446671,-0.893773,0.040682,0.891783,-0.441087,0.100825,,,0.000000,,,,0.00,,,
61934,,,,,,,,,,,,,,9.754925,0.547583,1.007907,-0.050077,-0.139425,0.008328,-1.024414,-0.367676,0.630859,0.097549,0.005475,0.010082,99873.0000,-0.072109,0.081404,0.994069,-0.446698,-0.893755,0.040786,0.891774,-0.441108,0.100811,,,0.000000,,,,0.00,,,
61935,,,,,,,,,,,,,,9.738383,0.497295,1.021461,-0.013389,-0.102652,-0.008807,-1.024414,-0.372070,0.633057,0.097383,0.004976,0.010217,,-0.072016,0.081298,0.994085,-0.446861,-0.893676,0.040714,0.891700,-0.441286,0.100688,,,0.000000,,,,0.00,,,
61936,,,,,,,,,,,,,,9.728195,0.478089,0.984372,-0.036211,-0.070813,-0.023458,-1.030762,-0.372070,0.622070,0.097281,0.004783,0.009847,99870.0000,-0.071855,0.081249,0.994100,-0.447355,-0.893430,0.040685,0.891465,-0.441793,0.100545,,,0.000000,,,,0.00,,,
61937,,,,,,,,,,,,,,9.761639,0.428668,0.933915,-0.060521,-0.003046,0.002702,-1.028564,-0.372070,0.626465,0.097616,0.004291,0.009343,,-0.071740,0.081107,0.994120,-0.447671,-0.893277,0.040574,0.891316,-0.442128,0.100393,,,0.000000,,,,0.00,,,
61938,,,,,,,,,,,,,,9.757794,0.426742,0.967361,-0.030906,-0.016733,0.002158,-1.026367,-0.374023,0.626465,0.097577,0.004272,0.009678,99873.0000,-0.071835,0.081101,0.994114,-0.448018,-0.893107,0.040487,0.891134,-0.442472,0.100492,,,0.000000,,,,0.00,,,
61939,,,,,,,,,,,,,,9.789634,0.406571,0.934772,-0.052182,0.016681,0.029722,-1.022217,-0.371826,0.630859,0.097896,0.004070,0.009352,,-0.071706,0.080969,0.994134,-0.448344,-0.892948,0.040389,0.890980,-0.442817,0.100332,,,0.000000,,,,0.00,,,
61940,,,,,,,,,,,,,,9.785798,0.404721,0.968131,-0.020762,0.002599,0.029186,-1.030762,-0.372070,0.626465,0.097857,0.004051,0.009686,99868.0000,-0.071603,0.080932,0.994144,-0.448751,-0.892745,0.040356,0.890784,-0.443233,0.100242,,,0.000000,,,,0.00,,,
61941,,,,,,,,,,,,,,9.838221,0.421987,1.008565,0.004856,-0.027971,0.086053,-1.028564,-0.369873,0.626465,0.098382,0.004223,0.010090,,-0.071467,0.080821,0.994163,-0.449024,-0.892611,0.040286,0.890657,-0.443524,0.100083,,,0.000000,,,,0.00,,,
61942,,,,,,,,,,,,,,9.814536,0.442922,0.970793,-0.037167,-0.032403,0.059561,-1.024170,-0.376221,0.628662,0.098145,0.004432,0.009713,99873.0000,-0.071490,0.080794,0.994164,-0.449452,-0.892400,0.040204,0.890440,-0.443954,0.100110,,,0.000000,,,,0.00,,,
61943,,,,,,,,,,,,,,9.778993,0.460747,1.035942,0.016526,-0.081290,0.031463,-1.026611,-0.367676,0.628662,0.097789,0.004609,0.010363,,-0.071356,0.080711,0.994180,-0.449701,-0.892276,0.040161,0.890324,-0.444218,0.099965,,,0.000000,,,,0.00,,,
61944,,,,,,,,,,,,,,9.782250,0.402118,0.999038,0.010239,-0.012425,0.028650,-1.030762,-0.372070,0.628662,0.097822,0.004019,0.009993,99872.0000,-0.071270,0.080768,0.994182,-0.450117,-0.892064,0.040205,0.890121,-0.444632,0.099932,,,0.000000,,,,0.00,,,
61945,,,,,,,,,,,,,,9.784627,0.432747,0.982506,-0.017455,-0.032658,0.030592,-1.026367,-0.374023,0.628662,0.097846,0.004327,0.009826,,-0.071160,0.080737,0.994192,-0.450429,-0.891907,0.040191,0.889972,-0.444953,0.099834,,,0.000000,,,,0.00,,,
61946,,,,,,,,,,,,,,9.744235,0.404152,0.959351,-0.022677,0.000291,-0.013029,-1.028564,-0.372070,0.630859,0.097442,0.004041,0.009594,99873.0000,-0.071142,0.080840,0.994185,-0.451152,-0.891541,0.040210,0.889607,-0.445668,0.099897,,,0.000000,,,,0.00,,,
61947,,,,,,,,,,,,,,9.798146,0.392787,0.982568,-0.000196,0.004073,0.042432,-1.024414,-0.372070,0.626465,0.097982,0.003927,0.009825,,-0.071058,0.080844,0.994191,-0.451568,-0.891330,0.040205,0.889403,-0.446088,0.099843,,,0.000000,,,,0.00,,,
61948,,,,,,,,,,,,,,9.768022,0.382778,0.996389,0.018259,0.004488,0.013462,-1.030518,-0.374023,0.630859,0.097680,0.003828,0.009962,99873.0000,-0.071068,0.080903,0.994185,-0.452165,-0.891029,0.040186,0.889098,-0.446680,0.099906,,,0.000000,,,,0.00,,,
61949,,,,,,,,,,,,,,9.790132,0.404849,0.930293,-0.051682,0.015793,0.029726,-1.021973,-0.376221,0.630859,0.097901,0.004048,0.009303,,-0.070983,0.080886,0.994193,-0.452502,-0.890858,0.040171,0.888934,-0.447022,0.099837,,,0.000000,,,,0.00,,,
61950,,,,,,,,,,,,,,9.795762,0.362289,0.999109,0.028635,0.023675,0.040487,-1.026367,-0.374023,0.624268,0.097958,0.003624,0.009990,99872.0000,-0.070915,0.080959,0.994191,-0.453159,-0.890523,0.040194,0.888604,-0.447677,0.099839,,,0.000000,,,,0.00,,,
61951,,,,,,,,,,,,,,9.795734,0.362178,0.999429,0.029131,0.023231,0.040487,-1.028564,-0.372070,0.630859,0.097958,0.003621,0.009992,,-0.070879,0.080960,0.994194,-0.453404,-0.890399,0.040183,0.888483,-0.447923,0.099818,,,0.000000,,,,0.00,,,
61952,,,,,,,,,,,,,,9.779892,0.371474,1.015355,0.039393,0.006214,0.026705,-1.024170,-0.374023,0.624268,0.097799,0.003718,0.010155,99867.0000,-0.070896,0.080918,0.994196,-0.453899,-0.890151,0.040083,0.888228,-0.448423,0.099837,,,0.000000,,,,0.00,,,
61953,,,,,,,,,,,,,,9.752169,0.391321,1.012731,0.030401,-0.013514,-0.000325,-1.026367,-0.376221,0.626465,0.097522,0.003915,0.010127,,-0.070850,0.080858,0.994204,-0.454149,-0.890026,0.040021,0.888104,-0.448682,0.099780,,,0.000000,,,,0.00,,,
61954,,,,,,,,,,,,,,9.724443,0.411343,1.010083,0.020280,-0.032503,-0.027351,-1.030762,-0.369873,0.630859,0.097244,0.004115,0.010103,99878.0000,-0.070867,0.080862,0.994203,-0.454389,-0.889905,0.039990,0.887980,-0.448921,0.099808,,,0.000000,,,,0.00,,,
61955,,,,,,,,,,,,,,9.737165,0.459786,1.030185,0.015914,-0.084725,-0.010767,-1.026367,-0.374023,0.622070,0.097371,0.004601,0.010305,,-0.070774,0.080747,0.994219,-0.454648,-0.889777,0.039901,0.887855,-0.449196,0.099684,,,0.000000,,,,0.00,,,
61956,,,,,,,,,,,,,,9.779241,0.458446,1.034623,0.016348,-0.083232,0.031447,-1.024414,-0.372070,0.626465,0.097792,0.004587,0.010347,99864.0000,-0.070857,0.080693,0.994217,-0.455164,-0.889520,0.039757,0.887584,-0.449715,0.099757,,,0.000000,,,,0.00,,,
61957,,,,,,,,,,,,,,9.789589,0.476427,1.071159,0.040200,-0.115703,0.046086,-1.028809,-0.367676,0.626465,0.097896,0.004766,0.010712,,-0.070784,0.080646,0.994226,-0.455491,-0.889354,0.039711,0.887422,-0.450050,0.099686,,,0.000000,,,,0.00,,,
61958,,,,,,,,,,,,,,9.795143,0.448223,1.018463,0.004876,-0.067677,0.045222,-1.028564,-0.369873,0.622070,0.097951,0.004483,0.010185,99866.0000,-0.070840,0.080559,0.994229,-0.455931,-0.889135,0.039558,0.887191,-0.450498,0.099716,,,0.000000,,,,0.00,,,
