// Start Time: Unknown
// Update Rate: 100.0Hz
// Filter Profile: human (46.1)
// Firmware Version: 4.6.0
PacketCounter,SampleTimeFine,Year,Month,Day,Second,UTC_Nano,UTC_Year,UTC_Month,UTC_Day,UTC_Hour,UTC_Minute,UTC_Second,UTC_Valid,Acc_X,Acc_Y,Acc_Z,FreeAcc_X,FreeAcc_Y,FreeAcc_Z,Mag_X,Mag_Y,Mag_Z,VelInc_X,VelInc_Y,VelInc_Z,Pressure,Mat[1][1],Mat[2][1],Mat[3][1],Mat[1][2],Mat[2][2],Mat[3][2],Mat[1][3],Mat[2][3],Mat[3][3],Latitude,Longitude,Altitude,Vel_X,Vel_Y,Vel_Z,Temperature,GyrTemp_X,GyrTemp_Y,GyrTemp_Z
61797,,,,,,,,,,,,,,9.758507,-0.602942,0.705162,-0.000000,0.000000,-0.010175,-0.872070,0.456543,-0.230957,0.097585,-0.006030,0.007052,,0.083526,-0.044527,0.995510,0.928440,0.366353,-0.061513,-0.361969,0.929410,0.071940,,,0.000000,,,,0.00,,,
61798,,,,,,,,,,,,,,9.750939,-0.543594,0.705107,0.028445,0.016242,-0.021242,-0.872070,0.454590,-0.233154,0.097509,-0.005436,0.007054,99874.0000,0.080576,-0.045564,0.995707,0.930829,0.360690,-0.058820,-0.356461,0.931572,0.071475,,,0.000000,,,,0.00,,,
61799,,,,,,,,,,,,,,9.797111,-0.607971,0.666132,-0.013906,-0.044982,0.025734,-0.871826,0.452393,-0.230713,0.097971,-0.006079,0.006663,,0.080586,-0.045534,0.995707,0.930833,0.360678,-0.058841,-0.356450,0.931578,0.071450,,,0.000000,,,,0.00,,,
61800,,,,,,,,,,,,,,9.784966,-0.579497,0.681060,0.006201,-0.021195,0.013031,-0.872070,0.456543,-0.230957,0.097850,-0.005796,0.006812,99873.0000,0.080562,-0.045631,0.995705,0.930821,0.360717,-0.058781,-0.356485,0.931559,0.071534,,,0.000000,,,,0.00,,,
61801,,,,,,,,,,,,,,9.756095,-0.553209,0.726153,0.012159,0.031798,-0.014035,-0.878418,0.452393,-0.235352,0.097561,-0.005532,0.007262,,0.080561,-0.045614,0.995705,0.930814,0.360736,-0.058785,-0.356505,0.931552,0.071519,,,0.000000,,,,0.00,,,
61802,,,,,,,,,,,,,,9.794659,-0.558218,0.687688,0.024289,-0.008668,0.021904,-0.874268,0.456543,-0.230957,0.097947,-0.005582,0.006878,99869.0000,0.080564,-0.045717,0.995700,0.930791,0.360800,-0.058746,-0.356563,0.931522,0.071621,,,0.000000,,,,0.00,,,
61803,,,,,,,,,,,,,,9.777927,-0.560588,0.717784,0.010089,0.019334,0.007540,-0.867676,0.456543,-0.235352,0.097779,-0.005605,0.007177,,0.080578,-0.045721,0.995699,0.930789,0.360804,-0.058758,-0.356566,0.931520,0.071629,,,0.000000,,,,0.00,,,
61804,,,,,,,,,,,,,,9.768251,-0.581951,0.710849,-0.008074,0.004592,-0.001336,-0.870117,0.460938,-0.230957,0.097683,-0.005820,0.007108,99876.0000,0.080576,-0.045818,0.995695,0.930772,0.360856,-0.058717,-0.356612,0.931496,0.071722,,,0.000000,,,,0.00,,,
61805,,,,,,,,,,,,,,9.746428,-0.574735,0.718963,-0.006041,0.015846,-0.022907,-0.867920,0.463135,-0.237793,0.097464,-0.005747,0.007191,,0.080569,-0.045801,0.995696,0.930779,0.360837,-0.058718,-0.356595,0.931504,0.071702,,,0.000000,,,,0.00,,,
61806,,,,,,,,,,,,,,9.784995,-0.579772,0.680408,0.006102,-0.024154,0.013024,-0.872070,0.454590,-0.237549,0.097850,-0.005797,0.006805,99873.0000,0.080574,-0.045842,0.995694,0.930763,0.360880,-0.058705,-0.356635,0.931485,0.071746,,,0.000000,,,,0.00,,,
61807,,,,,,,,,,,,,,9.746459,-0.574765,0.718519,-0.006067,0.015104,-0.022905,-0.876221,0.452393,-0.235352,0.097464,-0.005749,0.007186,,0.080542,-0.045834,0.995697,0.930761,0.360888,-0.058676,-0.356646,0.931482,0.071727,,,0.000000,,,,0.00,,,
61808,,,,,,,,,,,,,,9.773427,-0.591287,0.731887,-0.024400,0.018735,0.005877,-0.869873,0.456543,-0.230957,0.097734,-0.005913,0.007321,99875.0000,0.080511,-0.045978,0.995693,0.930745,0.360943,-0.058592,-0.356694,0.931454,0.071853,,,0.000000,,,,0.00,,,
61809,,,,,,,,,,,,,,9.768356,-0.581694,0.709604,-0.008163,0.001990,-0.001336,-0.869873,0.454590,-0.235352,0.097683,-0.005817,0.007097,,0.080489,-0.045957,0.995695,0.930755,0.360920,-0.058581,-0.356675,0.931464,0.071825,,,0.000000,,,,0.00,,,
61810,,,,,,,,,,,,,,9.768365,-0.581739,0.709443,-0.008168,0.001041,-0.001335,-0.869873,0.456543,-0.228760,0.097684,-0.005816,0.007095,99873.0000,0.080509,-0.046038,0.995690,0.930735,0.360975,-0.058566,-0.356723,0.931438,0.071910,,,0.000000,,,,0.00,,,
61811,,,,,,,,,,,,,,9.785095,-0.579590,0.679130,0.006038,-0.026965,0.013016,-0.872070,0.454346,-0.228760,0.097851,-0.005796,0.006793,,0.080501,-0.046003,0.995692,0.930734,0.360976,-0.058571,-0.356726,0.931440,0.071876,,,0.000000,,,,0.00,,,
61812,,,,,,,,,,,,,,9.772955,-0.551096,0.694054,0.026202,-0.001950,0.000334,-0.872070,0.454590,-0.230957,0.097729,-0.005511,0.006942,99870.0000,0.080495,-0.045985,0.995694,0.930741,0.360957,-0.058574,-0.356710,0.931448,0.071856,,,0.000000,,,,0.00,,,
61813,,,,,,,,,,,,,,9.768390,-0.581891,0.708984,-0.008153,0.001051,-0.001335,-0.874512,0.460938,-0.233154,0.097684,-0.005819,0.007089,,0.080502,-0.046002,0.995692,0.930734,0.360976,-0.058573,-0.356727,0.931440,0.071875,,,0.000000,,,,0.00,,,
61814,,,,,,,,,,,,,,9.772946,-0.551106,0.694175,0.026222,-0.002383,0.000334,-0.872070,0.456543,-0.228760,0.097729,-0.005511,0.006942,99876.0000,0.080512,-0.046045,0.995690,0.930711,0.361037,-0.058561,-0.356784,0.931414,0.071922,,,0.000000,,,,0.00,,,
61815,,,,,,,,,,,,,,9.773494,-0.591310,0.730963,-0.024372,0.017360,0.005879,-0.869873,0.454590,-0.226318,0.097735,-0.005914,0.007310,,0.080487,-0.046040,0.995692,0.930722,0.361012,-0.058542,-0.356762,0.931424,0.071907,,,0.000000,,,,0.00,,,
61816,,,,,,,,,,,,,,9.790210,-0.588916,0.701034,-0.010276,-0.010389,0.020230,-0.872314,0.458740,-0.230957,0.097902,-0.005889,0.007008,99880.0000,0.080490,-0.046066,0.995690,0.930721,0.361017,-0.058535,-0.356764,0.931421,0.071933,,,0.000000,,,,0.00,,,
61817,,,,,,,,,,,,,,9.768384,-0.581493,0.709390,-0.008245,0.000873,-0.001336,-0.869873,0.456543,-0.230957,0.097684,-0.005817,0.007095,,0.080447,-0.046056,0.995694,0.930728,0.361004,-0.058500,-0.356756,0.931426,0.071908,,,0.000000,,,,0.00,,,
61818,,,,,,,,,,,,,,9.724731,-0.566894,0.725895,-0.003960,0.023173,-0.044466,-0.869873,0.456543,-0.233154,0.097247,-0.005669,0.007257,99872.0000,0.080488,-0.046114,0.995688,0.930714,0.361037,-0.058515,-0.356782,0.931411,0.071978,,,0.000000,,,,0.00,,,
61819,,,,,,,,,,,,,,9.756225,-0.552844,0.724690,0.012127,0.025653,-0.014017,-0.874268,0.454590,-0.237549,0.097562,-0.005528,0.007249,,0.080481,-0.046080,0.995690,0.930713,0.361037,-0.058520,-0.356785,0.931412,0.071944,,,0.000000,,,,0.00,,,
61820,,,,,,,,,,,,,,9.775449,-0.600465,0.672171,-0.011876,-0.042300,0.004127,-0.872314,0.458740,-0.230957,0.097754,-0.006004,0.006722,99869.0000,0.080492,-0.046181,0.995685,0.930690,0.361102,-0.058489,-0.356843,0.931382,0.072046,,,0.000000,,,,0.00,,,
61821,,,,,,,,,,,,,,9.739528,-0.555204,0.754409,-0.002029,0.052464,-0.028362,-0.869873,0.456543,-0.228760,0.097395,-0.005552,0.007545,,0.080481,-0.046163,0.995687,0.930691,0.361100,-0.058486,-0.356843,0.931384,0.072025,,,0.000000,,,,0.00,,,
61822,,,,,,,,,,,,,,9.758214,-0.562544,0.664953,0.024573,-0.034048,-0.015770,-0.872070,0.454590,-0.230957,0.097582,-0.005625,0.006652,99876.0000,0.080487,-0.046116,0.995688,0.930695,0.361085,-0.058509,-0.356830,0.931392,0.071983,,,0.000000,,,,0.00,,,
61823,,,,,,,,,,,,,,9.795395,-0.598186,0.722042,-0.026172,0.004910,0.027446,-0.870117,0.458740,-0.228760,0.097954,-0.005983,0.007222,,0.080447,-0.046091,0.995693,0.930701,0.361075,-0.058481,-0.356825,0.931397,0.071944,,,0.000000,,,,0.00,,,
61824,,,,,,,,,,,,,,9.756318,-0.553082,0.723255,0.012161,0.024385,-0.014014,-0.871826,0.452393,-0.230713,0.097563,-0.005528,0.007234,99870.0000,0.080481,-0.046058,0.995691,0.930698,0.361077,-0.058525,-0.356825,0.931398,0.071926,,,0.000000,,,,0.00,,,
61825,,,,,,,,,,,,,,9.761432,-0.562781,0.744922,-0.004077,0.041126,-0.006797,-0.872314,0.458740,-0.230957,0.097614,-0.005628,0.007451,,0.080459,-0.046038,0.995694,0.930707,0.361054,-0.058514,-0.356806,0.931408,0.071898,,,0.000000,,,,0.00,,,
61826,,,,,,,,,,,,,,9.778171,-0.560578,0.714468,0.009933,0.012735,0.007551,-0.865723,0.458740,-0.230957,0.097782,-0.005605,0.007147,99871.0000,0.080450,-0.046029,0.995695,0.930699,0.361077,-0.058506,-0.356830,0.931399,0.071888,,,0.000000,,,,0.00,,,
61827,,,,,,,,,,,,,,9.780664,-0.610588,0.691972,-0.028332,-0.026017,0.011342,-0.874268,0.456543,-0.228760,0.097807,-0.006105,0.006921,,0.080452,-0.045997,0.995697,0.930690,0.361098,-0.058518,-0.356853,0.931393,0.071860,,,0.000000,,,,0.00,,,
61828,,,,,,,,,,,,,,9.783296,-0.570294,0.735980,-0.006135,0.029423,0.014768,-0.874023,0.452393,-0.232910,0.097833,-0.005703,0.007359,99874.0000,0.080470,-0.046019,0.995694,0.930697,0.361079,-0.058529,-0.356831,0.931399,0.071886,,,0.000000,,,,0.00,,,
61829,,,,,,,,,,,,,,9.724864,-0.567653,0.723515,-0.003953,0.021473,-0.044463,-0.872070,0.454346,-0.228760,0.097249,-0.005676,0.007236,,0.080463,-0.046002,0.995695,0.930704,0.361061,-0.058530,-0.356814,0.931407,0.071866,,,0.000000,,,,0.00,,,
61830,,,,,,,,,,,,,,9.739682,-0.555794,0.751982,-0.002595,0.051412,-0.028356,-0.876465,0.458740,-0.230957,0.097397,-0.005558,0.007523,99869.0000,0.080378,-0.046000,0.995702,0.930702,0.361079,-0.058449,-0.356838,0.931400,0.071835,,,0.000000,,,,0.00,,,
61831,,,,,,,,,,,,,,9.800111,-0.567942,0.704554,0.007549,0.000869,0.029115,-0.869873,0.452393,-0.232910,0.098001,-0.005679,0.007051,,0.080343,-0.045895,0.995710,0.930709,0.361059,-0.058456,-0.356827,0.931413,0.071724,,,0.000000,,,,0.00,,,
61832,,,,,,,,,,,,,,9.790499,-0.589472,0.696513,-0.010605,-0.013514,0.020226,-0.872070,0.458740,-0.235352,0.097905,-0.005893,0.006970,99874.0000,0.080338,-0.045845,0.995713,0.930701,0.361077,-0.058468,-0.356849,0.931408,0.071677,,,0.000000,,,,0.00,,,
61833,,,,,,,,,,,,,,9.778393,-0.561248,0.710889,0.009537,0.011496,0.007553,-0.874268,0.456543,-0.233154,0.097784,-0.005611,0.007112,,0.080337,-0.045781,0.995716,0.930698,0.361082,-0.058489,-0.356858,0.931410,0.071616,,,0.000000,,,,0.00,,,
61834,,,,,,,,,,,,,,9.763636,-0.573155,0.681416,0.008098,-0.019858,-0.008557,-0.872070,0.456543,-0.237549,0.097636,-0.005732,0.006817,99874.0000,0.080358,-0.045813,0.995713,0.930694,0.361091,-0.058497,-0.356863,0.931404,0.071654,,,0.000000,,,,0.00,,,
61835,,,,,,,,,,,,,,9.763687,-0.573238,0.680616,0.008095,-0.019863,-0.008557,-0.874268,0.456543,-0.230957,0.097637,-0.005731,0.006811,,0.080338,-0.045712,0.995719,0.930699,0.361076,-0.058515,-0.356856,0.931415,0.071552,,,0.000000,,,,0.00,,,
61836,,,,,,,,,,,,,,9.778527,-0.561673,0.708709,0.010168,0.009755,0.007554,-0.870117,0.458740,-0.235352,0.097785,-0.005615,0.007090,99878.0000,0.080367,-0.045734,0.995716,0.930688,0.361100,-0.058533,-0.356876,0.931405,0.071585,,,0.000000,,,,0.00,,,
61837,,,,,,,,,,,,,,9.756732,-0.554730,0.716372,0.012194,0.021019,-0.014006,-0.869873,0.454590,-0.233154,0.097567,-0.005546,0.007167,,0.080369,-0.045671,0.995718,0.930691,0.361089,-0.058558,-0.356868,0.931412,0.071526,,,0.000000,,,,0.00,,,
61838,,,,,,,,,,,,,,9.745192,-0.566783,0.767743,-0.017993,0.064945,-0.021115,-0.870117,0.458740,-0.235352,0.097452,-0.005666,0.007681,99873.0000,0.080399,-0.045672,0.995716,0.930687,0.361096,-0.058585,-0.356873,0.931410,0.071538,,,0.000000,,,,0.00,,,
61839,,,,,,,,,,,,,,9.742035,-0.567017,0.685627,0.010593,-0.010290,-0.030120,-0.863525,0.456787,-0.233154,0.097420,-0.005670,0.006865,,0.080343,-0.045517,0.995727,0.930715,0.361021,-0.058595,-0.356812,0.931446,0.071369,,,0.000000,,,,0.00,,,
61840,,,,,,,,,,,,,,9.834521,-0.605691,0.673027,-0.013201,-0.039411,0.063340,-0.867676,0.454590,-0.228516,0.098345,-0.006054,0.006737,99875.0000,0.080394,-0.045445,0.995727,0.930720,0.360996,-0.058670,-0.356787,0.931459,0.071318,,,0.000000,,,,0.00,,,
61841,,,,,,,,,,,,,,9.763985,-0.574763,0.675035,0.009126,-0.022331,-0.008563,-0.872070,0.456543,-0.226562,0.097640,-0.005748,0.006752,,0.080382,-0.045429,0.995728,0.930741,0.360941,-0.058668,-0.356734,0.931482,0.071295,,,0.000000,,,,0.00,,,
61842,,,,,,,,,,,,,,9.764008,-0.574732,0.674727,0.008747,-0.022074,-0.008562,-0.869873,0.456543,-0.237549,0.097640,-0.005748,0.006749,99872.0000,0.080326,-0.045367,0.995736,0.930739,0.360954,-0.058637,-0.356754,0.931480,0.071219,,,0.000000,,,,0.00,,,
61843,,,,,,,,,,,,,,9.692175,-0.574223,0.773032,-0.031868,0.073220,-0.073119,-0.869873,0.452393,-0.232910,0.096922,-0.005743,0.007732,,0.080291,-0.045344,0.995740,0.930750,0.360928,-0.058615,-0.356732,0.931491,0.071183,,,0.000000,,,,0.00,,,
61844,,,,,,,,,,,,,,9.805311,-0.539299,0.678776,0.042955,-0.007057,0.030777,-0.872314,0.458740,-0.233154,0.098052,-0.005391,0.006799,99876.0000,0.080248,-0.045240,0.995748,0.930740,0.360955,-0.058609,-0.356768,0.931485,0.071072,,,0.000000,,,,0.00,,,
61845,,,,,,,,,,,,,,9.769345,-0.584529,0.693484,-0.007482,-0.006554,-0.001337,-0.867920,0.458740,-0.226562,0.097693,-0.005844,0.006939,,0.080246,-0.045164,0.995751,0.930776,0.360855,-0.058642,-0.356673,0.931528,0.070994,,,0.000000,,,,0.00,,,
61846,,,,,,,,,,,,,,9.757289,-0.556336,0.707486,0.013005,0.018484,-0.014002,-0.874512,0.460938,-0.230957,0.097572,-0.005562,0.007083,99879.0000,0.080250,-0.044993,0.995759,0.930782,0.360829,-0.058710,-0.356657,0.931546,0.070836,,,0.000000,,,,0.00,,,
61847,,,,,,,,,,,,,,9.788576,-0.632778,0.638646,-0.031153,-0.073333,0.016766,-0.876221,0.454346,-0.233154,0.097886,-0.006325,0.006391,,0.080262,-0.044903,0.995762,0.930809,0.360752,-0.058759,-0.356585,0.931580,0.070751,,,0.000000,,,,0.00,,,
61848,,,,,,,,,,,,,,9.829809,-0.597554,0.643551,0.003107,-0.057620,0.056104,-0.872070,0.454590,-0.233154,0.098298,-0.005976,0.006439,99873.0000,0.080226,-0.044892,0.995765,0.930807,0.360764,-0.058728,-0.356599,0.931576,0.070729,,,0.000000,,,,0.00,,,
61849,,,,,,,,,,,,,,9.769544,-0.585450,0.689886,-0.007055,-0.007068,-0.001337,-0.869873,0.452393,-0.232910,0.097696,-0.005853,0.006899,,0.080255,-0.044884,0.995763,0.930794,0.360792,-0.058756,-0.356626,0.931566,0.070733,,,0.000000,,,,0.00,,,
61850,,,,,,,,,,,,,,9.701681,-0.514113,0.736890,0.036871,0.064789,-0.069773,-0.872070,0.456543,-0.226562,0.097017,-0.005141,0.007369,99879.0000,0.080217,-0.044957,0.995763,0.930774,0.360853,-0.058690,-0.356685,0.931539,0.070791,,,0.000000,,,,0.00,,,
61851,,,,,,,,,,,,,,9.764418,-0.576129,0.667570,0.008802,-0.024585,-0.008568,-0.867676,0.452393,-0.235107,0.097644,-0.005761,0.006680,,0.080195,-0.044874,0.995769,0.930780,0.360837,-0.058700,-0.356676,0.931549,0.070705,,,0.000000,,,,0.00,,,
61852,,,,,,,,,,,,,,9.822922,-0.578826,0.679166,0.006297,-0.016990,0.050668,-0.874268,0.456543,-0.228760,0.098229,-0.005788,0.006795,99876.0000,0.080138,-0.044851,0.995774,0.930786,0.360827,-0.058656,-0.356672,0.931554,0.070662,,,0.000000,,,,0.00,,,
61853,,,,,,,,,,,,,,9.791432,-0.592868,0.680327,-0.009785,-0.019482,0.020217,-0.872070,0.456543,-0.235352,0.097914,-0.005929,0.006802,,0.080146,-0.044888,0.995772,0.930786,0.360828,-0.058650,-0.356670,0.931551,0.070700,,,0.000000,,,,0.00,,,
61854,,,,,,,,,,,,,,9.786279,-0.583229,0.658647,0.006425,-0.036621,0.012985,-0.876709,0.462891,-0.231201,0.097863,-0.005833,0.006586,99878.0000,0.080129,-0.044937,0.995771,0.930753,0.360922,-0.058609,-0.356762,0.931513,0.070746,,,0.000000,,,,0.00,,,
61855,,,,,,,,,,,,,,9.808057,-0.590183,0.651078,0.004404,-0.047939,0.034540,-0.869873,0.454590,-0.230957,0.098081,-0.005903,0.006504,,0.080149,-0.045073,0.995763,0.930735,0.360972,-0.058576,-0.356802,0.931487,0.070882,,,0.000000,,,,0.00,,,
61856,,,,,,,,,,,,,,9.745284,-0.528026,0.720975,0.032747,0.041451,-0.026658,-0.865479,0.454590,-0.232910,0.097453,-0.005281,0.007206,99874.0000,0.080201,-0.045135,0.995756,0.930709,0.361036,-0.058597,-0.356859,0.931459,0.070963,,,0.000000,,,,0.00,,,
61857,,,,,,,,,,,,,,9.735573,-0.549308,0.714293,0.014643,0.027674,-0.035553,-0.872070,0.456543,-0.224365,0.097356,-0.005493,0.007144,,0.080201,-0.045121,0.995757,0.930701,0.361056,-0.058600,-0.356880,0.931452,0.070951,,,0.000000,,,,0.00,,,
61858,,,,,,,,,,,,,,9.757399,-0.556516,0.705831,0.012391,0.016682,-0.013998,-0.872314,0.458740,-0.226562,0.097574,-0.005565,0.007060,99873.0000,0.080159,-0.045072,0.995762,0.930720,0.361009,-0.058583,-0.356839,0.931472,0.070888,,,0.000000,,,,0.00,,,
61859,,,,,,,,,,,,,,9.791341,-0.592220,0.682209,-0.009761,-0.019658,0.020217,-0.878418,0.452393,-0.233154,0.097913,-0.005922,0.006822,,0.080160,-0.045075,0.995762,0.930720,0.361010,-0.058582,-0.356840,0.931472,0.070891,,,0.000000,,,,0.00,,,
61860,,,,,,,,,,,,,,9.781637,-0.613571,0.675376,-0.028472,-0.033430,0.011319,-0.872314,0.458740,-0.230957,0.097817,-0.006135,0.006752,99873.0000,0.080120,-0.045098,0.995765,0.930711,0.361041,-0.058535,-0.356872,0.931459,0.070899,,,0.000000,,,,0.00,,,
61861,,,,,,,,,,,,,,9.794002,-0.551988,0.726946,0.011630,0.035791,0.023684,-0.874268,0.456543,-0.228760,0.097940,-0.005520,0.007266,,0.080142,-0.045169,0.995760,0.930697,0.361079,-0.058527,-0.356904,0.931441,0.070976,,,0.000000,,,,0.00,,,
61862,,,,,,,,,,,,,,9.786097,-0.582722,0.661788,0.005860,-0.036277,0.012987,-0.874268,0.454346,-0.233154,0.097861,-0.005828,0.006613,99875.0000,0.080169,-0.045238,0.995754,0.930675,0.361137,-0.058523,-0.356956,0.931415,0.071054,,,0.000000,,,,0.00,,,
61863,,,,,,,,,,,,,,9.752682,-0.587169,0.723168,-0.022591,0.019721,-0.015665,-0.872070,0.456543,-0.230957,0.097527,-0.005873,0.007225,,0.080202,-0.045358,0.995746,0.930648,0.361209,-0.058505,-0.357019,0.931381,0.071182,,,0.000000,,,,0.00,,,
61864,,,,,,,,,,,,,,9.723838,-0.560860,0.769183,-0.016966,0.072419,-0.042647,-0.874023,0.452393,-0.228516,0.097238,-0.005608,0.007692,99876.0000,0.080181,-0.045390,0.995746,0.930619,0.361290,-0.058468,-0.357099,0.931348,0.071210,,,0.000000,,,,0.00,,,
61865,,,,,,,,,,,,,,9.759631,-0.606073,0.686681,-0.026768,-0.022403,-0.010237,-0.867920,0.456543,-0.230957,0.097596,-0.006061,0.006867,,0.080166,-0.045390,0.995748,0.930621,0.361287,-0.058454,-0.357097,0.931349,0.071203,,,0.000000,,,,0.00,,,
61866,,,,,,,,,,,,,,9.752067,-0.546840,0.686754,0.027317,-0.000319,-0.021225,-0.869873,0.456543,-0.237549,0.097521,-0.005467,0.006869,99877.0000,0.080138,-0.045341,0.995752,0.930624,0.361281,-0.058446,-0.357096,0.931354,0.071148,,,0.000000,,,,0.00,,,
61867,,,,,,,,,,,,,,9.764200,-0.575649,0.671165,0.007169,-0.025374,-0.008569,-0.867920,0.456543,-0.230957,0.097642,-0.005755,0.006713,,0.080150,-0.045299,0.995753,0.930625,0.361272,-0.058473,-0.357089,0.931360,0.071112,,,0.000000,,,,0.00,,,
61868,,,,,,,,,,,,,,9.786011,-0.583116,0.662705,0.005654,-0.037334,0.012983,-0.870117,0.458740,-0.228760,0.097860,-0.005830,0.006627,99875.0000,0.080224,-0.045349,0.995745,0.930587,0.361362,-0.058517,-0.357171,0.931322,0.071191,,,0.000000,,,,0.00,,,
61869,,,,,,,,,,,,,,9.795676,-0.562116,0.669786,0.023756,-0.023620,0.021881,-0.874268,0.456543,-0.230957,0.097957,-0.005619,0.006697,,0.080271,-0.045364,0.995740,0.930586,0.361360,-0.058556,-0.357164,0.931322,0.071222,,,0.000000,,,,0.00,,,
61870,,,,,,,,,,,,,,9.764726,-0.616721,0.708153,-0.042878,-0.006053,-0.003007,-0.869873,0.454590,-0.228516,0.097647,-0.006167,0.007080,99874.0000,0.080294,-0.045349,0.995739,0.930571,0.361395,-0.058580,-0.357198,0.931309,0.071218,,,0.000000,,,,0.00,,,
61871,,,,,,,,,,,,,,9.735330,-0.550181,0.716920,0.013630,0.027261,-0.035551,-0.878662,0.456543,-0.233154,0.097353,-0.005502,0.007168,,0.080297,-0.045368,0.995738,0.930557,0.361431,-0.058573,-0.357234,0.931294,0.071239,,,0.000000,,,,0.00,,,
61872,,,,,,,,,,,,,,9.754436,-0.597717,0.664600,-0.010877,-0.039576,-0.017469,-0.876221,0.452393,-0.233154,0.097544,-0.005977,0.006647,99874.0000,0.080246,-0.045354,0.995743,0.930546,0.361468,-0.058527,-0.357275,0.931281,0.071210,,,0.000000,,,,0.00,,,
61873,,,,,,,,,,,,,,9.791085,-0.592979,0.685208,-0.011058,-0.020418,0.020214,-0.869873,0.456543,-0.230957,0.097911,-0.005932,0.006851,,0.080216,-0.045381,0.995744,0.930538,0.361494,-0.058488,-0.357301,0.931269,0.071227,,,0.000000,,,,0.00,,,
61874,,,,,,,,,,,,,,9.805905,-0.580931,0.714376,-0.009692,0.009729,0.036343,-0.867920,0.456543,-0.228760,0.098059,-0.005810,0.007141,99879.0000,0.080172,-0.045460,0.995744,0.930525,0.361539,-0.058415,-0.357345,0.931248,0.071287,,,0.000000,,,,0.00,,,
61875,,,,,,,,,,,,,,9.785931,-0.582914,0.664073,0.004688,-0.037497,0.012983,-0.865723,0.458740,-0.230957,0.097859,-0.005832,0.006639,,0.080142,-0.045519,0.995744,0.930505,0.361599,-0.058361,-0.357403,0.931222,0.071335,,,0.000000,,,,0.00,,,
61876,,,,,,,,,,,,,,9.800725,-0.570683,0.693708,0.007272,-0.006567,0.029113,-0.872314,0.460938,-0.233154,0.098008,-0.005709,0.006932,99879.0000,0.080225,-0.045586,0.995734,0.930486,0.361640,-0.058412,-0.357435,0.931203,0.071430,,,0.000000,,,,0.00,,,
61877,,,,,,,,,,,,,,9.747361,-0.577164,0.704224,-0.006794,0.002228,-0.022894,-0.867920,0.456543,-0.228760,0.097474,-0.005774,0.007038,,0.080222,-0.045683,0.995730,0.930471,0.361686,-0.058371,-0.357475,0.931180,0.071522,,,0.000000,,,,0.00,,,
61878,,,,,,,,,,,,,,9.795497,-0.560497,0.673753,0.024203,-0.022976,0.021882,-0.870117,0.460938,-0.230957,0.097955,-0.005606,0.006732,99879.0000,0.080311,-0.045746,0.995720,0.930432,0.361777,-0.058424,-0.357556,0.931142,0.071618,,,0.000000,,,,0.00,,,
61879,,,,,,,,,,,,,,9.807561,-0.588610,0.659920,0.004079,-0.048033,0.034539,-0.865967,0.463135,-0.233154,0.098076,-0.005889,0.006591,,0.080324,-0.045925,0.995710,0.930398,0.361873,-0.058364,-0.357641,0.931095,0.071796,,,0.000000,,,,0.00,,,
61880,,,,,,,,,,,,,,9.812585,-0.597513,0.683830,-0.010442,-0.030835,0.041774,-0.865479,0.452393,-0.235107,0.098126,-0.005978,0.006827,99873.0000,0.080534,-0.046106,0.995685,0.930350,0.361978,-0.058488,-0.357720,0.931046,0.072046,,,0.000000,,,,0.00,,,
61881,,,,,,,,,,,,,,9.763694,-0.572779,0.680905,0.009876,-0.025006,-0.008570,-0.872070,0.458740,-0.237549,0.097638,-0.005733,0.006795,,0.080547,-0.046396,0.995670,0.930309,0.362100,-0.058387,-0.357824,0.930984,0.072329,,,0.000000,,,,0.00,,,
61882,,,,,,,,,,,,,,9.797504,-0.607584,0.660689,-0.011840,-0.062248,0.025643,-0.871826,0.450195,-0.237305,0.097976,-0.006080,0.006589,99873.0000,0.080654,-0.046844,0.995641,0.930199,0.362396,-0.058302,-0.358085,0.930846,0.072803,,,0.000000,,,,0.00,,,
61883,,,,,,,,,,,,,,9.855787,-0.608980,0.676463,-0.013978,-0.054382,0.084880,-0.876465,0.458740,-0.237549,0.098558,-0.006098,0.006750,,0.080629,-0.047173,0.995627,0.930139,0.362575,-0.058146,-0.358246,0.930760,0.073111,,,0.000000,,,,0.00,,,
61884,,,,,,,,,,,,,,9.806857,-0.583358,0.674868,0.005927,-0.049495,0.034531,-0.872070,0.454590,-0.230957,0.098070,-0.005843,0.006725,99875.0000,0.080600,-0.047775,0.995601,0.930063,0.362813,-0.057884,-0.358451,0.930637,0.073677,,,0.000000,,,,0.00,,,
61885,,,,,,,,,,,,,,9.777669,-0.555096,0.725530,0.011839,0.003503,0.007556,-0.869873,0.454590,-0.237549,0.097778,-0.005562,0.007225,,0.080634,-0.048408,0.995568,0.929988,0.363038,-0.057670,-0.358637,0.930516,0.074292,,,0.000000,,,,0.00,,,
61886,,,,,,,,,,,,,,9.782466,-0.562535,0.752802,-0.004651,0.020325,0.014792,-0.867920,0.456543,-0.230957,0.097826,-0.005635,0.007504,99877.0000,0.080606,-0.048905,0.995546,0.929950,0.363170,-0.057454,-0.358743,0.930438,0.074753,,,0.000000,,,,0.00,,,
61887,,,,,,,,,,,,,,9.704417,-0.510719,0.797403,0.021542,0.079183,-0.062526,-0.872070,0.458740,-0.235352,0.097046,-0.005114,0.007948,,0.080674,-0.049455,0.995513,0.929940,0.363218,-0.057316,-0.358754,0.930391,0.075293,,,0.000000,,,,0.00,,,
61888,,,,,,,,,,,,,,9.597831,-0.473360,0.923259,0.003510,0.211663,-0.161261,-0.867676,0.452393,-0.237305,0.095980,-0.004738,0.009217,99873.0000,0.080762,-0.049695,0.995494,0.929902,0.363316,-0.057304,-0.358831,0.930340,0.075554,,,0.000000,,,,0.00,,,
61889,,,,,,,,,,,,,,9.783862,-0.568835,0.705474,0.008351,-0.037382,0.012981,-0.872070,0.458740,-0.241943,0.097839,-0.005689,0.007046,,0.080821,-0.049875,0.995480,0.929928,0.363250,-0.057300,-0.358750,0.930356,0.075739,,,0.000000,,,,0.00,,,
61890,,,,,,,,,,,,,,9.708878,-0.518352,0.827669,0.006406,0.095823,-0.055290,-0.871826,0.450195,-0.235107,0.097089,-0.005185,0.008268,99878.0000,0.080919,-0.050128,0.995459,0.929883,0.363368,-0.057291,-0.358846,0.930296,0.076016,,,0.000000,,,,0.00,,,
61891,,,,,,,,,,,,,,9.681851,-0.501806,0.815181,0.024718,0.090344,-0.084081,-0.869873,0.456543,-0.233154,0.096819,-0.005015,0.008147,,0.081011,-0.050201,0.995448,0.929863,0.363409,-0.057347,-0.358876,0.930276,0.076120,,,0.000000,,,,0.00,,,
61892,,,,,,,,,,,,,,9.769378,-0.621431,0.716839,-0.044198,-0.048857,0.002425,-0.867676,0.454590,-0.233154,0.097694,-0.006212,0.007170,99873.0000,0.080977,-0.050139,0.995454,0.929914,0.363279,-0.057348,-0.358752,0.930330,0.076042,,,0.000000,,,,0.00,,,
61893,,,,,,,,,,,,,,9.771667,-0.491368,0.826796,0.037987,0.100922,0.005606,-0.872070,0.456543,-0.235352,0.097717,-0.004911,0.008269,,0.081033,-0.050107,0.995451,0.929902,0.363300,-0.057410,-0.358771,0.930324,0.076034,,,0.000000,,,,0.00,,,
61894,,,,,,,,,,,,,,9.764729,-0.653214,0.731815,-0.078502,-0.045546,0.000769,-0.869873,0.456543,-0.237549,0.097648,-0.006531,0.007315,99868.0000,0.081081,-0.050111,0.995447,0.929898,0.363302,-0.057454,-0.358769,0.930323,0.076055,,,0.000000,,,,0.00,,,
61895,,,,,,,,,,,,,,9.819998,-0.566076,0.730278,0.008193,-0.018571,0.050664,-0.874268,0.456543,-0.239746,0.098200,-0.005658,0.007299,,0.081156,-0.050166,0.995438,0.929922,0.363233,-0.057509,-0.358691,0.930347,0.076129,,,0.000000,,,,0.00,,,
61896,,,,,,,,,,,,,,9.761983,-0.604022,0.755347,-0.039869,-0.007378,-0.002995,-0.867920,0.458740,-0.237549,0.097620,-0.006040,0.007549,99869.0000,0.081235,-0.050309,0.995424,0.929887,0.363321,-0.057524,-0.358764,0.930305,0.076296,,,0.000000,,,,0.00,,,
61897,,,,,,,,,,,,,,9.754702,-0.584762,0.793753,-0.035969,0.034335,-0.008417,-0.869873,0.454590,-0.239746,0.097548,-0.005850,0.007929,,0.081266,-0.050498,0.995412,0.929898,0.363298,-0.057487,-0.358728,0.930303,0.076481,,,0.000000,,,,0.00,,,
61898,,,,,,,,,,,,,,9.708315,-0.520103,0.833158,0.007117,0.095168,-0.055284,-0.867676,0.456787,-0.241943,0.097083,-0.005203,0.008330,99873.0000,0.081335,-0.050590,0.995402,0.929854,0.363405,-0.057510,-0.358825,0.930256,0.076600,,,0.000000,,,,0.00,,,
61899,,,,,,,,,,,,,,9.759225,-0.553364,0.780073,-0.000702,0.030774,-0.006758,-0.865479,0.452393,-0.232910,0.097592,-0.005534,0.007800,,0.081338,-0.050611,0.995401,0.929854,0.363406,-0.057504,-0.358824,0.930255,0.076620,,,0.000000,,,,0.00,,,
61900,,,,,,,,,,,,,,9.781078,-0.560451,0.772134,-0.002219,0.019021,0.014796,-0.874268,0.456543,-0.241943,0.097811,-0.005605,0.007720,99873.0000,0.081384,-0.050686,0.995393,0.929839,0.363444,-0.057518,-0.358855,0.930236,0.076708,,,0.000000,,,,0.00,,,
61901,,,,,,,,,,,,,,9.722684,-0.557853,0.759542,0.000010,0.011079,-0.044444,-0.872070,0.456543,-0.239746,0.097227,-0.005578,0.007596,,0.081394,-0.050676,0.995393,0.929836,0.363449,-0.057530,-0.358860,0.930235,0.076703,,,0.000000,,,,0.00,,,
61902,,,,,,,,,,,,,,9.763810,-0.522629,0.765138,0.034577,0.026190,-0.005104,-0.876465,0.456543,-0.235352,0.097638,-0.005225,0.007653,99871.0000,0.081454,-0.050739,0.995385,0.929805,0.363524,-0.057558,-0.358926,0.930202,0.076788,,,0.000000,,,,0.00,,,
61903,,,,,,,,,,,,,,9.705901,-0.560628,0.788743,-0.013812,0.037906,-0.058749,-0.867676,0.456543,-0.233154,0.097059,-0.005605,0.007892,,0.081456,-0.050648,0.995389,0.929806,0.363516,-0.057592,-0.358923,0.930210,0.076703,,,0.000000,,,,0.00,,,
61904,,,,,,,,,,,,,,9.768945,-0.532881,0.785350,0.018254,0.043498,0.002138,-0.867676,0.454590,-0.241943,0.097689,-0.005326,0.007860,99878.0000,0.081451,-0.050442,0.995400,0.929836,0.363426,-0.057670,-0.358846,0.930256,0.076505,,,0.000000,,,,0.00,,,
61905,,,,,,,,,,,,,,9.788413,-0.581072,0.731992,-0.005644,-0.023371,0.020212,-0.869873,0.456543,-0.235352,0.097884,-0.005808,0.007325,,0.081469,-0.050321,0.995405,0.929826,0.363443,-0.057728,-0.358868,0.930256,0.076399,,,0.000000,,,,0.00,,,
61906,,,,,,,,,,,,,,9.790906,-0.541204,0.775168,0.016822,0.031363,0.023692,-0.871826,0.452393,-0.230713,0.097909,-0.005410,0.007755,99882.0000,0.081549,-0.050322,0.995398,0.929804,0.363488,-0.057799,-0.358907,0.930239,0.076432,,,0.000000,,,,0.00,,,
61907,,,,,,,,,,,,,,9.805263,-0.579862,0.700559,0.009196,-0.052226,0.034515,-0.876221,0.454346,-0.233154,0.098053,-0.005796,0.007008,,0.081591,-0.050273,0.995397,0.929807,0.363472,-0.057858,-0.358890,0.930248,0.076400,,,0.000000,,,,0.00,,,
61908,,,,,,,,,,,,,,9.810295,-0.589773,0.722321,-0.008700,-0.034605,0.041763,-0.869873,0.456543,-0.235352,0.098103,-0.005896,0.007223,99873.0000,0.081455,-0.050179,0.995413,0.929849,0.363377,-0.057772,-0.358811,0.930290,0.076258,,,0.000000,,,,0.00,,,
61909,,,,,,,,,,,,,,9.771151,-0.544718,0.723852,0.029722,-0.015024,0.000312,-0.867676,0.454590,-0.235352,0.097712,-0.005447,0.007237,,0.081468,-0.050218,0.995410,0.929848,0.363379,-0.057770,-0.358810,0.930287,0.076299,,,0.000000,,,,0.00,,,
61910,,,,,,,,,,,,,,9.766530,-0.575306,0.739326,-0.004452,-0.011950,-0.001340,-0.869873,0.456543,-0.233154,0.097665,-0.005755,0.007390,99870.0000,0.081481,-0.050285,0.995406,0.929848,0.363383,-0.057758,-0.358809,0.930282,0.076367,,,0.000000,,,,0.00,,,
61911,,,,,,,,,,,,,,9.798000,-0.560848,0.738768,0.011691,-0.009533,0.029106,-0.867676,0.454590,-0.235352,0.097980,-0.005610,0.007385,,0.081470,-0.050350,0.995403,0.929846,0.363393,-0.057723,-0.358816,0.930274,0.076423,,,0.000000,,,,0.00,,,
61912,,,,,,,,,,,,,,9.764314,-0.565127,0.799782,-0.016739,0.046957,0.000485,-0.869873,0.456543,-0.237549,0.097644,-0.005652,0.007992,99873.0000,0.081514,-0.050426,0.995396,0.929865,0.363341,-0.057741,-0.358757,0.930291,0.076506,,,0.000000,,,,0.00,,,
61913,,,,,,,,,,,,,,9.669625,-0.517344,0.870125,-0.004808,0.133847,-0.091141,-0.876221,0.452393,-0.239746,0.096696,-0.005172,0.008700,,0.081562,-0.050439,0.995391,0.929857,0.363355,-0.057780,-0.358766,0.930284,0.076537,,,0.000000,,,,0.00,,,
61914,,,,,,,,,,,,,,9.732319,-0.539343,0.764464,0.017326,0.023887,-0.035548,-0.872070,0.454590,-0.241943,0.097323,-0.005393,0.007649,99873.0000,0.081484,-0.050440,0.995397,0.929856,0.363370,-0.057705,-0.358787,0.930278,0.076511,,,0.000000,,,,0.00,,,
61915,,,,,,,,,,,,,,9.776532,-0.594131,0.784363,-0.037267,0.020914,0.013144,-0.874268,0.458740,-0.241943,0.097765,-0.005941,0.007846,,0.081481,-0.050397,0.995400,0.929874,0.363321,-0.057722,-0.358741,0.930300,0.076466,,,0.000000,,,,0.00,,,
61916,,,,,,,,,,,,,,9.805033,-0.490196,0.767758,0.068130,0.040897,0.034246,-0.869873,0.452393,-0.235107,0.098050,-0.004900,0.007682,99873.0000,0.081542,-0.050457,0.995392,0.929814,0.363470,-0.057745,-0.358882,0.930238,0.076553,,,0.000000,,,,0.00,,,
61917,,,,,,,,,,,,,,9.756854,-0.597146,0.732442,-0.022324,-0.027958,-0.010241,-0.872070,0.456543,-0.239746,0.097569,-0.005970,0.007324,,0.081583,-0.050456,0.995389,0.929813,0.363468,-0.057784,-0.358876,0.930239,0.076567,,,0.000000,,,,0.00,,,
61918,,,,,,,,,,,,,,9.797964,-0.561894,0.738450,0.011558,-0.012310,0.029103,-0.869873,0.454590,-0.239746,0.097980,-0.005619,0.007383,99867.0000,0.081558,-0.050546,0.995386,0.929822,0.363454,-0.057730,-0.358859,0.930240,0.076641,,,0.000000,,,,0.00,,,
61919,,,,,,,,,,,,,,9.732371,-0.540529,0.762960,0.017615,0.021519,-0.035543,-0.874023,0.454590,-0.241943,0.097324,-0.005402,0.007630,,0.081615,-0.050516,0.995383,0.929809,0.363477,-0.057792,-0.358879,0.930233,0.076636,,,0.000000,,,,0.00,,,
61920,,,,,,,,,,,,,,9.776514,-0.595491,0.783562,-0.037124,0.017042,0.013152,-0.869873,0.456543,-0.235352,0.097765,-0.005955,0.007835,99875.0000,0.081612,-0.050679,0.995375,0.929772,0.363583,-0.057721,-0.358976,0.930182,0.076793,,,0.000000,,,,0.00,,,
61921,,,,,,,,,,,,,,9.793327,-0.593240,0.753490,-0.022823,-0.011053,0.027450,-0.872070,0.454590,-0.239746,0.097933,-0.005932,0.007536,,0.081615,-0.050671,0.995375,0.929762,0.363606,-0.057725,-0.359000,0.930174,0.076788,,,0.000000,,,,0.00,,,
61922,,,,,,,,,,,,,,9.781103,-0.564649,0.768752,-0.002704,0.013614,0.014805,-0.872070,0.458740,-0.241943,0.097811,-0.005647,0.007685,99879.0000,0.081617,-0.050758,0.995370,0.929767,0.363601,-0.057696,-0.358989,0.930171,0.076869,,,0.000000,,,,0.00,,,
61923,,,,,,,,,,,,,,9.764273,-0.566718,0.799152,-0.016925,0.041529,0.000509,-0.870117,0.462891,-0.233398,0.097643,-0.005668,0.007990,,0.081611,-0.050796,0.995369,0.929761,0.363617,-0.057676,-0.359004,0.930162,0.076903,,,0.000000,,,,0.00,,,
61924,,,,,,,,,,,,,,9.759224,-0.557041,0.777459,0.000910,0.025021,-0.006742,-0.867676,0.452393,-0.241943,0.097592,-0.005571,0.007773,99874.0000,0.081763,-0.050804,0.995356,0.929743,0.363643,-0.057812,-0.359017,0.930152,0.076967,,,0.000000,,,,0.00,,,
61925,,,,,,,,,,,,,,9.715506,-0.542506,0.793856,0.004967,0.047545,-0.049835,-0.867676,0.456543,-0.239746,0.097155,-0.005425,0.007939,,0.081769,-0.050812,0.995355,0.929741,0.363647,-0.057815,-0.359020,0.930150,0.076977,,,0.000000,,,,0.00,,,
61926,,,,,,,,,,,,,,9.807533,-0.540648,0.746299,0.031875,-0.002160,0.037995,-0.874268,0.456543,-0.241943,0.098075,-0.005406,0.007464,99873.0000,0.081838,-0.050946,0.995343,0.929699,0.363753,-0.057822,-0.359113,0.930101,0.077134,,,0.000000,,,,0.00,,,
61927,,,,,,,,,,,,,,9.781077,-0.564302,0.769337,-0.000425,0.011983,0.014807,-0.872070,0.454590,-0.235352,0.097811,-0.005643,0.007693,,0.081849,-0.050958,0.995341,0.929703,0.363742,-0.057829,-0.359101,0.930105,0.077148,,,0.000000,,,,0.00,,,
61928,,,,,,,,,,,,,,9.759213,-0.557090,0.777558,0.001237,0.022646,-0.006736,-0.872314,0.460938,-0.237793,0.097592,-0.005571,0.007775,99873.0000,0.081817,-0.051037,0.995340,0.929695,0.363772,-0.057769,-0.359128,0.930089,0.077212,,,0.000000,,,,0.00,,,
61929,,,,,,,,,,,,,,9.720556,-0.552139,0.815575,-0.010976,0.061856,-0.042566,-0.869873,0.456543,-0.239746,0.097205,-0.005521,0.008158,,0.081809,-0.050996,0.995343,0.929699,0.363759,-0.057776,-0.359119,0.930096,0.077170,,,0.000000,,,,0.00,,,
61930,,,,,,,,,,,,,,9.785710,-0.533747,0.753766,0.034662,0.007965,0.016448,-0.870117,0.458740,-0.239746,0.097857,-0.005336,0.007540,99874.0000,0.081930,-0.050966,0.995334,0.929678,0.363796,-0.057898,-0.359148,0.930083,0.077188,,,0.000000,,,,0.00,,,
61931,,,,,,,,,,,,,,9.766907,-0.616823,0.776144,-0.052088,-0.000037,0.004269,-0.869873,0.454590,-0.239746,0.097669,-0.006168,0.007764,,0.081919,-0.050924,0.995337,0.929676,0.363800,-0.057902,-0.359155,0.930084,0.077144,,,0.000000,,,,0.00,,,
61932,,,,,,,,,,,,,,9.768940,-0.536218,0.783146,0.021091,0.034965,0.002167,-0.872070,0.456543,-0.235352,0.097689,-0.005362,0.007830,99873.0000,0.081998,-0.051028,0.995325,0.929643,0.363879,-0.057932,-0.359221,0.930048,0.077275,,,0.000000,,,,0.00,,,
61933,,,,,,,,,,,,,,9.776108,-0.555229,0.746166,0.017350,-0.006920,0.007546,-0.869873,0.456543,-0.239746,0.097761,-0.005553,0.007462,,0.081995,-0.051035,0.995325,0.929622,0.363934,-0.057922,-0.359277,0.930025,0.077284,,,0.000000,,,,0.00,,,
61934,,,,,,,,,,,,,,9.754250,-0.548027,0.754333,0.019500,0.004186,-0.013997,-0.867676,0.454590,-0.235352,0.097543,-0.005479,0.007543,99873.0000,0.082030,-0.051059,0.995321,0.929618,0.363940,-0.057946,-0.359278,0.930022,0.077320,,,0.000000,,,,0.00,,,
61935,,,,,,,,,,,,,,9.737431,-0.550134,0.784588,0.005303,0.032077,-0.028275,-0.876221,0.452393,-0.237549,0.097374,-0.005504,0.007845,,0.082007,-0.051111,0.995320,0.929610,0.363968,-0.057903,-0.359305,0.930008,0.077361,,,0.000000,,,,0.00,,,
61936,,,,,,,,,,,,,,9.705931,-0.564066,0.785918,-0.011855,0.029412,-0.058717,-0.871826,0.450195,-0.241699,0.097059,-0.005640,0.007859,99873.0000,0.081912,-0.051137,0.995327,0.929617,0.363966,-0.057805,-0.359309,0.930007,0.077351,,,0.000000,,,,0.00,,,
61937,,,,,,,,,,,,,,9.737449,-0.550090,0.784393,0.004314,0.031744,-0.028273,-0.872070,0.454590,-0.239746,0.097374,-0.005500,0.007848,,0.081903,-0.051063,0.995331,0.929606,0.363992,-0.057821,-0.359340,0.930001,0.077280,,,0.000000,,,,0.00,,,
61938,,,,,,,,,,,,,,9.742546,-0.559779,0.805537,-0.012845,0.046795,-0.021003,-0.870117,0.458740,-0.239746,0.097425,-0.005596,0.008059,99877.0000,0.081816,-0.051144,0.995334,0.929590,0.364051,-0.057706,-0.359401,0.929974,0.077328,,,0.000000,,,,0.00,,,
61939,,,,,,,,,,,,,,9.798510,-0.603047,0.773379,-0.036861,-0.001057,0.034709,-0.874268,0.456543,-0.237549,0.097985,-0.006029,0.007737,,0.081824,-0.051076,0.995337,0.929582,0.364065,-0.057736,-0.359418,0.929972,0.077269,,,0.000000,,,,0.00,,,
61940,,,,,,,,,,,,,,9.769073,-0.536663,0.781169,0.020056,0.032043,0.002179,-0.869629,0.452393,-0.241943,0.097691,-0.005367,0.007813,99873.0000,0.081862,-0.051075,0.995334,0.929558,0.364122,-0.057768,-0.359472,0.929950,0.077285,,,0.000000,,,,0.00,,,
61941,,,,,,,,,,,,,,9.730464,-0.531814,0.818725,0.007829,0.071240,-0.033632,-0.867676,0.454590,-0.241943,0.097304,-0.005317,0.008192,,0.081853,-0.050989,0.995339,0.929566,0.364097,-0.057792,-0.359453,0.929964,0.077200,,,0.000000,,,,0.00,,,
61942,,,,,,,,,,,,,,9.771766,-0.586955,0.757120,-0.017880,-0.008885,0.005905,-0.869873,0.454590,-0.237549,0.097717,-0.005867,0.007579,99876.0000,0.081863,-0.051012,0.995337,0.929502,0.364263,-0.057780,-0.359617,0.929898,0.077235,,,0.000000,,,,0.00,,,
61943,,,,,,,,,,,,,,9.793685,-0.594456,0.747862,-0.019806,-0.020363,0.027441,-0.872070,0.458740,-0.239746,0.097937,-0.005944,0.007482,,0.081858,-0.050960,0.995340,0.929504,0.364255,-0.057794,-0.359613,0.929904,0.077185,,,0.000000,,,,0.00,,,
61944,,,,,,,,,,,,,,9.769309,-0.537562,0.777599,0.020740,0.029292,0.002186,-0.874268,0.456543,-0.244141,0.097693,-0.005375,0.007778,99872.0000,0.081906,-0.050962,0.995336,0.929474,0.364326,-0.057832,-0.359679,0.929876,0.077208,,,0.000000,,,,0.00,,,
61945,,,,,,,,,,,,,,9.744964,-0.570911,0.741505,0.000900,-0.015072,-0.022903,-0.872070,0.456543,-0.239746,0.097450,-0.005708,0.007415,,0.081933,-0.050964,0.995334,0.929446,0.364394,-0.057851,-0.359746,0.929849,0.077224,,,0.000000,,,,0.00,,,
61946,,,,,,,,,,,,,,9.750043,-0.580481,0.763055,-0.015083,0.000109,-0.015630,-0.874023,0.452393,-0.239746,0.097500,-0.005805,0.007634,99879.0000,0.081943,-0.051037,0.995329,0.929406,0.364500,-0.057825,-0.359847,0.929804,0.077302,,,0.000000,,,,0.00,,,
61947,,,,,,,,,,,,,,9.755153,-0.590062,0.784233,-0.031290,0.016620,-0.008354,-0.874268,0.458740,-0.241943,0.097551,-0.005900,0.007846,,0.081944,-0.050970,0.995333,0.929386,0.364550,-0.057846,-0.359900,0.929788,0.077244,,,0.000000,,,,0.00,,,
61948,,,,,,,,,,,,,,9.798424,-0.564323,0.730448,0.015099,-0.026884,0.029069,-0.874023,0.454590,-0.241943,0.097984,-0.005644,0.007307,99873.0000,0.081897,-0.051053,0.995332,0.929355,0.364640,-0.057765,-0.359989,0.929748,0.077309,,,0.000000,,,,0.00,,,
61949,,,,,,,,,,,,,,9.772009,-0.587781,0.753322,-0.017216,-0.012817,0.005902,-0.865723,0.456787,-0.237549,0.097720,-0.005878,0.007533,,0.081892,-0.051066,0.995332,0.929333,0.364699,-0.057751,-0.360047,0.929724,0.077323,,,0.000000,,,,0.00,,,
61950,,,,,,,,,,,,,,9.740493,-0.511596,0.820455,0.027119,0.078277,-0.024673,-0.869873,0.456543,-0.235352,0.097405,-0.005116,0.008206,99873.0000,0.081930,-0.051116,0.995326,0.929303,0.364774,-0.057762,-0.360117,0.929692,0.077388,,,0.000000,,,,0.00,,,
61951,,,,,,,,,,,,,,9.745145,-0.571138,0.738955,0.001521,-0.019227,-0.022911,-0.876465,0.460938,-0.235596,0.097451,-0.005711,0.007392,,0.081932,-0.051085,0.995328,0.929297,0.364786,-0.057774,-0.360131,0.929689,0.077361,,,0.000000,,,,0.00,,,
61952,,,,,,,,,,,,,,9.777147,-0.597258,0.774261,-0.032750,0.003596,0.013182,-0.869873,0.456543,-0.244141,0.097771,-0.005974,0.007744,99873.0000,0.081928,-0.050981,0.995333,0.929307,0.364756,-0.057811,-0.360107,0.929706,0.077261,,,0.000000,,,,0.00,,,
61953,,,,,,,,,,,,,,9.735542,-0.501949,0.797310,0.043807,0.062048,-0.031958,-0.869873,0.454590,-0.237549,0.097355,-0.005021,0.007976,,0.081891,-0.050955,0.995338,0.929295,0.364790,-0.057783,-0.360145,0.929694,0.077225,,,0.000000,,,,0.00,,,
61954,,,,,,,,,,,,,,9.759998,-0.559031,0.766232,0.004137,0.010582,-0.006717,-0.874268,0.456543,-0.237549,0.097600,-0.005589,0.007668,99875.0000,0.081934,-0.050960,0.995334,0.929245,0.364914,-0.057810,-0.360265,0.929646,0.077253,,,0.000000,,,,0.00,,,
61955,,,,,,,,,,,,,,9.769707,-0.537997,0.772278,0.022298,0.024163,0.002197,-0.872070,0.456543,-0.237549,0.097697,-0.005379,0.007727,,0.081937,-0.050898,0.995337,0.929251,0.364893,-0.057838,-0.360248,0.929657,0.077195,,,0.000000,,,,0.00,,,
61956,,,,,,,,,,,,,,9.767228,-0.578519,0.727502,0.000253,-0.031512,-0.001383,-0.872070,0.458740,-0.237549,0.097672,-0.005785,0.007279,99869.0000,0.081896,-0.050839,0.995343,0.929235,0.364939,-0.057817,-0.360300,0.929643,0.077128,,,0.000000,,,,0.00,,,
61957,,,,,,,,,,,,,,9.813488,-0.552732,0.754561,0.018238,0.001170,0.045258,-0.871826,0.450195,-0.237305,0.098135,-0.005526,0.007548,,0.081910,-0.050795,0.995344,0.929240,0.364920,-0.057848,-0.360282,0.929652,0.077091,,,0.000000,,,,0.00,,,
