// Start Time: Unknown
// Update Rate: 100.0Hz
// Filter Profile: human (46.1)
// Firmware Version: 4.6.0
PacketCounter,SampleTimeFine,Year,Month,Day,Second,UTC_Nano,UTC_Year,UTC_Month,UTC_Day,UTC_Hour,UTC_Minute,UTC_Second,UTC_Valid,Acc_X,Acc_Y,Acc_Z,FreeAcc_X,FreeAcc_Y,FreeAcc_Z,Mag_X,Mag_Y,Mag_Z,VelInc_X,VelInc_Y,VelInc_Z,Pressure,Mat[1][1],Mat[2][1],Mat[3][1],Mat[1][2],Mat[2][2],Mat[3][2],Mat[1][3],Mat[2][3],Mat[3][3],Latitude,Longitude,Altitude,Vel_X,Vel_Y,Vel_Z,Temperature,GyrTemp_X,GyrTemp_Y,GyrTemp_Z
18295,,,,,,,,,,,,,,2.924365,9.295995,-0.470931,-0.000000,0.000000,-0.056191,-3.355225,-2.735596,-0.979736,0.029247,0.092959,-0.004710,,-0.872505,-0.385842,0.299768,0.253341,0.167360,0.952790,-0.417796,0.907258,-0.048272,,,0.000000,,,,0.00,,,
18296,,,,,,,,,,,,,,2.913437,9.343284,-0.435575,-0.000000,0.000000,-0.016014,-3.364502,-2.724609,-0.954834,0.029142,0.093431,-0.004352,99883.0000,-0.879035,-0.372575,0.297466,0.255426,0.158800,0.953698,-0.402561,0.914314,-0.044425,,,0.000000,,,,0.00,,,
18297,,,,,,,,,,,,,,2.921152,9.317557,-0.415943,-0.018012,0.033029,-0.039173,-3.360352,-2.718018,-0.939209,0.029221,0.093173,-0.004155,,-0.876131,-0.378576,0.298453,0.254348,0.162903,0.953294,-0.409513,0.911122,-0.046435,,,0.000000,,,,0.00,,,
18298,,,,,,,,,,,,,,2.951742,9.381928,-0.291299,-0.081644,0.145399,0.025524,-3.367188,-2.715820,-0.923340,0.029527,0.093816,-0.002909,99884.0000,-0.876398,-0.378125,0.298243,0.254213,0.162751,0.953356,-0.409027,0.911336,-0.046510,,,0.000000,,,,0.00,,,
18299,,,,,,,,,,,,,,3.012637,9.329857,-0.271529,-0.158411,0.131840,-0.006900,-3.369629,-2.704834,-0.905273,0.030138,0.093295,-0.002717,,-0.876683,-0.377632,0.298029,0.254107,0.162529,0.953422,-0.408481,0.911580,-0.046527,,,0.000000,,,,0.00,,,
18300,,,,,,,,,,,,,,3.008537,9.281924,-0.273873,-0.167806,0.121649,-0.053720,-3.380615,-2.713867,-0.891602,0.030096,0.092815,-0.002746,99886.0000,-0.876910,-0.377288,0.297797,0.254033,0.162174,0.953502,-0.408040,0.911786,-0.046369,,,0.000000,,,,0.00,,,
18301,,,,,,,,,,,,,,3.029686,9.306783,-0.280810,-0.178169,0.108822,-0.023383,-3.386963,-2.722656,-0.875488,0.030304,0.093065,-0.002819,,-0.877070,-0.377038,0.297640,0.254041,0.161805,0.953563,-0.407689,0.911955,-0.046131,,,0.000000,,,,0.00,,,
18302,,,,,,,,,,,,,,3.062049,9.308936,-0.321411,-0.189870,0.057256,-0.009810,-3.402344,-2.731689,-0.864014,0.030627,0.093087,-0.003226,99887.0000,-0.877139,-0.376979,0.297512,0.254042,0.161498,0.953615,-0.407540,0.912034,-0.045887,,,0.000000,,,,0.00,,,
18303,,,,,,,,,,,,,,3.039464,9.288759,-0.364639,-0.157209,0.020342,-0.033771,-3.410889,-2.747070,-0.856934,0.030397,0.092886,-0.003659,,-0.877122,-0.377049,0.297476,0.254117,0.161235,0.953639,-0.407532,0.912051,-0.045608,,,0.000000,,,,0.00,,,
18304,,,,,,,,,,,,,,2.962338,9.291287,-0.352845,-0.093230,0.058078,-0.054824,-3.419189,-2.769287,-0.843018,0.029626,0.092912,-0.003541,99888.0000,-0.877106,-0.377127,0.297421,0.254161,0.160993,0.953668,-0.407537,0.912062,-0.045357,,,0.000000,,,,0.00,,,
18305,,,,,,,,,,,,,,2.943693,9.347868,-0.445677,-0.024333,-0.013143,-0.002191,-3.431885,-2.791504,-0.837891,0.029444,0.093476,-0.004467,,-0.877124,-0.377179,0.297303,0.254152,0.160718,0.953717,-0.407504,0.912089,-0.045109,,,0.000000,,,,0.00,,,
18306,,,,,,,,,,,,,,2.952899,9.325905,-0.477964,-0.025597,-0.051945,-0.018954,-3.436035,-2.804688,-0.828613,0.029537,0.093256,-0.004787,99887.0000,-0.877191,-0.377160,0.297129,0.254069,0.160486,0.953779,-0.407412,0.912137,-0.044952,,,0.000000,,,,0.00,,,
18307,,,,,,,,,,,,,,2.930051,9.330437,-0.520731,0.011925,-0.083754,-0.019514,-3.450928,-2.831299,-0.823730,0.029313,0.093300,-0.005212,,-0.877301,-0.377074,0.296914,0.253946,0.160244,0.953852,-0.407252,0.912215,-0.044826,,,0.000000,,,,0.00,,,
18308,,,,,,,,,,,,,,2.883529,9.310885,-0.555747,0.059502,-0.102680,-0.050409,-3.450684,-2.840332,-0.807617,0.028851,0.093104,-0.005555,99886.0000,-0.877502,-0.376853,0.296601,0.253688,0.160090,0.953946,-0.406980,0.912334,-0.044877,,,0.000000,,,,0.00,,,
18309,,,,,,,,,,,,,,2.837687,9.319690,-0.645461,0.134095,-0.166017,-0.051531,-3.452393,-2.857910,-0.789062,0.028404,0.093190,-0.006440,,-0.877854,-0.376430,0.296096,0.253190,0.160025,0.954090,-0.406530,0.912520,-0.045170,,,0.000000,,,,0.00,,,
18310,,,,,,,,,,,,,,2.799890,9.326987,-0.716455,0.189808,-0.213554,-0.052373,-3.452393,-2.864502,-0.763916,0.028038,0.093261,-0.007129,99881.0000,-0.878396,-0.375768,0.295329,0.252316,0.160196,0.954292,-0.405903,0.912762,-0.045903,,,0.000000,,,,0.00,,,
18311,,,,,,,,,,,,,,2.780802,9.355332,-0.745935,0.213067,-0.223883,-0.029234,-3.439209,-2.866699,-0.731934,0.027865,0.093541,-0.007403,,-0.879175,-0.374809,0.294227,0.251001,0.160582,0.954574,-0.405030,0.913089,-0.047102,,,0.000000,,,,0.00,,,
18312,,,,,,,,,,,,,,2.833280,9.374961,-0.679395,0.128348,-0.173265,0.002221,-3.434814,-2.862305,-0.707031,0.028399,0.093735,-0.006725,99882.0000,-0.880090,-0.373693,0.292907,0.249431,0.161035,0.954909,-0.404011,0.913467,-0.048514,,,0.000000,,,,0.00,,,
18313,,,,,,,,,,,,,,2.984578,9.417396,-0.633701,-0.031169,-0.172286,0.085087,-3.426514,-2.851318,-0.677734,0.029909,0.094159,-0.006259,,-0.880951,-0.372656,0.291638,0.247789,0.161775,0.955212,-0.403145,0.913759,-0.050176,,,0.000000,,,,0.00,,,
18314,,,,,,,,,,,,,,3.035103,9.364450,-0.575058,-0.129988,-0.136958,0.046308,-3.409180,-2.833496,-0.659668,0.030408,0.093631,-0.005674,99883.0000,-0.881734,-0.371705,0.290482,0.246287,0.162470,0.955482,-0.402353,0.914023,-0.051710,,,0.000000,,,,0.00,,,
18315,,,,,,,,,,,,,,3.033065,9.358506,-0.458867,-0.192752,-0.020805,0.033839,-3.396240,-2.822266,-0.637207,0.030382,0.093572,-0.004518,,-0.882424,-0.370872,0.289452,0.244873,0.163264,0.955710,-0.401703,0.914220,-0.053252,,,0.000000,,,,0.00,,,
18316,,,,,,,,,,,,,,3.098818,9.377043,-0.371189,-0.296044,0.045666,0.065553,-3.380859,-2.817871,-0.625977,0.031036,0.093757,-0.003654,99887.0000,-0.883041,-0.370171,0.288466,0.243636,0.163753,0.955943,-0.401100,0.914417,-0.054414,,,0.000000,,,,0.00,,,
18317,,,,,,,,,,,,,,3.100122,9.353457,-0.361081,-0.318857,0.057538,0.042428,-3.372559,-2.800049,-0.617188,0.031040,0.093524,-0.003566,,-0.883532,-0.369553,0.287752,0.242703,0.164211,0.956101,-0.400583,0.914585,-0.055395,,,0.000000,,,,0.00,,,
18318,,,,,,,,,,,,,,3.092472,9.331101,-0.370270,-0.323557,0.052435,0.019021,-3.366211,-2.791260,-0.610352,0.030956,0.093302,-0.003671,99890.0000,-0.883924,-0.369121,0.287102,0.241934,0.164425,0.956260,-0.400182,0.914721,-0.056036,,,0.000000,,,,0.00,,,
18319,,,,,,,,,,,,,,3.109890,9.356980,-0.385538,-0.332670,0.040609,0.049402,-3.348633,-2.782227,-0.612793,0.031120,0.093564,-0.003827,,-0.884165,-0.368766,0.286818,0.241494,0.164783,0.956309,-0.399917,0.914800,-0.056640,,,0.000000,,,,0.00,,,
18320,,,,,,,,,,,,,,3.053369,9.408115,-0.388306,-0.274424,0.070690,0.082066,-3.344238,-2.777832,-0.615234,0.030546,0.094078,-0.003860,99884.0000,-0.884353,-0.368508,0.286569,0.241130,0.165041,0.956357,-0.399720,0.914857,-0.057096,,,0.000000,,,,0.00,,,
18321,,,,,,,,,,,,,,3.030133,9.411740,-0.436502,-0.235139,0.039724,0.081564,-3.346436,-2.780029,-0.628662,0.030308,0.094116,-0.004344,,-0.884454,-0.368212,0.286639,0.241079,0.165375,0.956312,-0.399528,0.914916,-0.057498,,,0.000000,,,,0.00,,,
18322,,,,,,,,,,,,,,2.996356,9.434647,-0.395833,-0.218737,0.096392,0.091365,-3.344238,-2.775635,-0.635742,0.029969,0.094346,-0.003939,99881.0000,-0.884587,-0.367975,0.286532,0.240865,0.165638,0.956320,-0.399363,0.914963,-0.057889,,,0.000000,,,,0.00,,,
18323,,,,,,,,,,,,,,3.040188,9.459153,-0.419429,-0.241562,0.066269,0.128716,-3.337402,-2.784424,-0.646729,0.030404,0.094592,-0.004177,,-0.884596,-0.367786,0.286746,0.240977,0.165939,0.956240,-0.399274,0.914985,-0.058161,,,0.000000,,,,0.00,,,
18324,,,,,,,,,,,,,,3.005558,9.429915,-0.325694,-0.256598,0.162268,0.085322,-3.345947,-2.788818,-0.665039,0.030055,0.094300,-0.003248,99890.0000,-0.884616,-0.367732,0.286753,0.240914,0.166109,0.956226,-0.399267,0.914976,-0.058351,,,0.000000,,,,0.00,,,
18325,,,,,,,,,,,,,,3.049923,9.408558,-0.404322,-0.266221,0.071995,0.082281,-3.354736,-2.793213,-0.687744,0.030494,0.094087,-0.004040,,-0.884475,-0.367753,0.287162,0.241297,0.166242,0.956106,-0.399350,0.914943,-0.058299,,,0.000000,,,,0.00,,,
18326,,,,,,,,,,,,,,3.018085,9.406488,-0.361053,-0.254535,0.123555,0.068667,-3.361084,-2.797607,-0.708008,0.030172,0.094067,-0.003614,99883.0000,-0.884363,-0.367885,0.287338,0.241456,0.166294,0.956057,-0.399501,0.914881,-0.058236,,,0.000000,,,,0.00,,,
18327,,,,,,,,,,,,,,3.020743,9.409043,-0.414419,-0.228555,0.073785,0.075135,-3.376221,-2.811035,-0.723633,0.030195,0.094094,-0.004152,,-0.884097,-0.368057,0.287935,0.242099,0.166274,0.955898,-0.399701,0.914815,-0.057896,,,0.000000,,,,0.00,,,
18328,,,,,,,,,,,,,,2.946630,9.367463,-0.514421,-0.130040,0.002197,0.019896,-3.384766,-2.822021,-0.757568,0.029453,0.093678,-0.005153,99884.0000,-0.883916,-0.368278,0.288207,0.242371,0.166287,0.955827,-0.399935,0.914724,-0.057724,,,0.000000,,,,0.00,,,
18329,,,,,,,,,,,,,,2.927784,9.369927,-0.556852,-0.088629,-0.029824,0.019342,-3.393066,-2.842041,-0.780029,0.029266,0.093703,-0.005574,,-0.883591,-0.368583,0.288815,0.242985,0.166342,0.955661,-0.400283,0.914591,-0.057418,,,0.000000,,,,0.00,,,
18330,,,,,,,,,,,,,,2.929103,9.344990,-0.557399,-0.093371,-0.034931,-0.004056,-3.406006,-2.853027,-0.807129,0.029283,0.093452,-0.005578,99882.0000,-0.883440,-0.368809,0.288988,0.243126,0.166410,0.955614,-0.400529,0.914488,-0.057346,,,0.000000,,,,0.00,,,
18331,,,,,,,,,,,,,,2.898240,9.324850,-0.624273,-0.038145,-0.087777,-0.028354,-3.414307,-2.866455,-0.829590,0.028973,0.093251,-0.006242,,-0.883180,-0.368987,0.289555,0.243671,0.166537,0.955453,-0.400771,0.914393,-0.057170,,,0.000000,,,,0.00,,,
18332,,,,,,,,,,,,,,2.889205,9.325922,-0.646407,-0.019574,-0.103623,-0.028667,-3.429443,-2.884033,-0.858887,0.028885,0.093261,-0.006463,99883.0000,-0.883078,-0.369123,0.289691,0.243755,0.166663,0.955409,-0.400944,0.914315,-0.057201,,,0.000000,,,,0.00,,,
18333,,,,,,,,,,,,,,2.955033,9.276731,-0.681781,-0.070398,-0.167285,-0.054520,-3.435791,-2.890869,-0.885986,0.029544,0.092770,-0.006814,,-0.882906,-0.369137,0.290197,0.244234,0.166816,0.955260,-0.401032,0.914281,-0.057127,,,0.000000,,,,0.00,,,
18334,,,,,,,,,,,,,,2.957168,9.300563,-0.681356,-0.065635,-0.162177,-0.031125,-3.437500,-2.904053,-0.913086,0.029564,0.093009,-0.006807,99881.0000,-0.882888,-0.369056,0.290357,0.244340,0.166982,0.955204,-0.401008,0.914284,-0.057252,,,0.000000,,,,0.00,,,
18335,,,,,,,,,,,,,,2.957230,9.272475,-0.629818,-0.088465,-0.117091,-0.060809,-3.439453,-2.910645,-0.940186,0.029566,0.092728,-0.006289,,-0.882776,-0.368912,0.290878,0.244795,0.167253,0.955040,-0.400976,0.914292,-0.057339,,,0.000000,,,,0.00,,,
18336,,,,,,,,,,,,,,2.960291,9.299280,-0.685298,-0.061666,-0.161530,-0.031089,-3.434814,-2.914795,-0.960449,0.029593,0.092997,-0.006838,99887.0000,-0.882782,-0.368733,0.291088,0.244889,0.167582,0.954959,-0.400906,0.914304,-0.057639,,,0.000000,,,,0.00,,,
18337,,,,,,,,,,,,,,2.951649,9.317914,-0.599821,-0.078473,-0.072125,-0.020641,-3.427979,-2.919189,-0.999023,0.029500,0.093185,-0.005983,,-0.882650,-0.368478,0.291811,0.245476,0.168067,0.954722,-0.400838,0.914318,-0.057891,,,0.000000,,,,0.00,,,
18338,,,,,,,,,,,,,,2.932826,9.316769,-0.592127,-0.063361,-0.054269,-0.027632,-3.427246,-2.936768,-1.030518,0.029313,0.093173,-0.005907,99885.0000,-0.882702,-0.368105,0.292123,0.245703,0.168377,0.954609,-0.400583,0.914411,-0.058183,,,0.000000,,,,0.00,,,
18339,,,,,,,,,,,,,,2.892450,9.318836,-0.628733,-0.007301,-0.066944,-0.035278,-3.420410,-2.945557,-1.062012,0.028911,0.093194,-0.006267,,-0.882711,-0.367549,0.292795,0.246254,0.168866,0.954381,-0.400225,0.914545,-0.058550,,,0.000000,,,,0.00,,,
18340,,,,,,,,,,,,,,2.849944,9.272225,-0.670184,0.035368,-0.091008,-0.089727,-3.420166,-2.952148,-1.086914,0.028491,0.092727,-0.006667,99887.0000,-0.882945,-0.366835,0.292984,0.246255,0.169444,0.954278,-0.399707,0.914724,-0.059274,,,0.000000,,,,0.00,,,
18341,,,,,,,,,,,,,,2.809187,9.323158,-0.709490,0.100644,-0.093307,-0.050652,-3.406494,-2.963135,-1.114014,0.028090,0.093236,-0.007040,,-0.883182,-0.365937,0.293392,0.246330,0.170428,0.954084,-0.399137,0.914901,-0.060377,,,0.000000,,,,0.00,,,
18342,,,,,,,,,,,,,,2.711122,9.351668,-0.754276,0.206470,-0.082164,-0.049316,-3.390625,-2.969482,-1.132080,0.027122,0.093519,-0.007471,99883.0000,-0.883635,-0.365009,0.293186,0.245704,0.171507,0.954052,-0.398521,0.915070,-0.061865,,,0.000000,,,,0.00,,,
18343,,,,,,,,,,,,,,2.611519,9.410735,-0.911093,0.363861,-0.163522,-0.012029,-3.379395,-2.967285,-1.150146,0.026145,0.094108,-0.009012,,-0.884156,-0.363968,0.292909,0.244801,0.173074,0.954001,-0.397920,0.915190,-0.063925,,,0.000000,,,,0.00,,,
18344,,,,,,,,,,,,,,2.672015,9.477718,-0.851969,0.288893,-0.102630,0.066514,-3.362061,-2.958252,-1.152588,0.026756,0.094777,-0.008404,99885.0000,-0.884826,-0.362903,0.292206,0.243401,0.174739,0.954056,-0.397289,0.915297,-0.066282,,,0.000000,,,,0.00,,,
18345,,,,,,,,,,,,,,2.697565,9.522518,-0.806970,0.244303,-0.043083,0.114286,-3.337891,-2.947021,-1.166260,0.027022,0.095222,-0.007955,,-0.885554,-0.361693,0.291499,0.241999,0.176436,0.954100,-0.396522,0.915450,-0.068714,,,0.000000,,,,0.00,,,
18346,,,,,,,,,,,,,,2.763524,9.492019,-0.732473,0.131543,0.013168,0.099653,-3.333496,-2.937988,-1.173340,0.027682,0.094915,-0.007212,99882.0000,-0.886373,-0.360435,0.290567,0.240473,0.177883,0.954217,-0.395620,0.915666,-0.070995,,,0.000000,,,,0.00,,,
18347,,,,,,,,,,,,,,2.809813,9.513317,-0.697924,0.066361,0.049634,0.131076,-3.318359,-2.922607,-1.180420,0.028139,0.095128,-0.006880,,-0.887135,-0.359122,0.289867,0.239231,0.179273,0.954269,-0.394664,0.915911,-0.073127,,,0.000000,,,,0.00,,,
18348,,,,,,,,,,,,,,2.800311,9.441024,-0.719506,0.051932,0.034248,0.060937,-3.303223,-2.909180,-1.194092,0.028037,0.094407,-0.007112,99887.0000,-0.887817,-0.357984,0.289186,0.238153,0.180306,0.954344,-0.393782,0.916153,-0.074824,,,0.000000,,,,0.00,,,
18349,,,,,,,,,,,,,,2.764440,9.540397,-0.741652,0.105423,0.058155,0.147074,-3.290283,-2.891357,-1.212646,0.027668,0.095403,-0.007345,,-0.888346,-0.356975,0.288809,0.237384,0.181362,0.954336,-0.393053,0.916339,-0.076372,,,0.000000,,,,0.00,,,
18350,,,,,,,,,,,,,,2.673148,9.541053,-0.710389,0.165829,0.129555,0.118967,-3.284180,-2.866943,-1.229004,0.026748,0.095410,-0.007050,99885.0000,-0.888819,-0.356066,0.288474,0.236816,0.182041,0.954348,-0.392324,0.916558,-0.077479,,,0.000000,,,,0.00,,,
18351,,,,,,,,,,,,,,2.562031,9.568296,-0.718534,0.268329,0.175385,0.113531,-3.275879,-2.849365,-1.256592,0.025630,0.095683,-0.007145,,-0.889265,-0.355073,0.288322,0.236499,0.182611,0.954317,-0.391503,0.916829,-0.078415,,,0.000000,,,,0.00,,,
18352,,,,,,,,,,,,,,2.494261,9.570978,-0.746507,0.335673,0.179393,0.098790,-3.274170,-2.822754,-1.275391,0.024955,0.095708,-0.007442,99885.0000,-0.889804,-0.353927,0.288070,0.236296,0.182699,0.954351,-0.390401,0.917255,-0.078935,,,0.000000,,,,0.00,,,
18353,,,,,,,,,,,,,,2.402932,9.554111,-0.870915,0.456693,0.097441,0.066358,-3.270752,-2.787354,-1.296387,0.024045,0.095539,-0.008694,,-0.890428,-0.352643,0.287716,0.236062,0.182637,0.954421,-0.389117,0.917762,-0.079379,,,0.000000,,,,0.00,,,
18354,,,,,,,,,,,,,,2.399988,9.581267,-0.927235,0.483543,0.053037,0.096084,-3.276367,-2.741211,-1.306396,0.024016,0.095810,-0.009260,99885.0000,-0.891013,-0.351420,0.287403,0.235908,0.182476,0.954489,-0.387871,0.918263,-0.079686,,,0.000000,,,,0.00,,,
18355,,,,,,,,,,,,,,2.373616,9.562000,-1.028427,0.536046,-0.033162,0.078476,-3.275391,-2.688232,-1.314453,0.023751,0.095617,-0.010274,,-0.891571,-0.350362,0.286962,0.235589,0.182347,0.954593,-0.386780,0.918692,-0.080034,,,0.000000,,,,0.00,,,
18356,,,,,,,,,,,,,,2.359411,9.563718,-1.052112,0.554617,-0.049007,0.078139,-3.270752,-2.619629,-1.302002,0.023610,0.095634,-0.010511,99878.0000,-0.891962,-0.349606,0.286670,0.235386,0.182255,0.954661,-0.386002,0.918999,-0.080272,,,0.000000,,,,0.00,,,
18357,,,,,,,,,,,,,,2.356229,9.566362,-1.108745,0.573568,-0.098288,0.084674,-3.257324,-2.540283,-1.290039,0.023573,0.095662,-0.011076,,-0.892323,-0.349069,0.286201,0.234914,0.182303,0.954768,-0.385455,0.919193,-0.080672,,,0.000000,,,,0.00,,,
18358,,,,,,,,,,,,,,2.299116,9.543500,-1.111707,0.617551,-0.083572,0.046921,-3.248535,-2.454102,-1.264404,0.022999,0.095435,-0.011102,99890.0000,-0.892537,-0.348646,0.286049,0.234736,0.182436,0.954786,-0.385068,0.919328,-0.080991,,,0.000000,,,,0.00,,,
18359,,,,,,,,,,,,,,2.202137,9.642611,-1.087613,0.711453,-0.007013,0.112334,-3.224609,-2.361328,-1.229736,0.022027,0.096426,-0.010863,,-0.892880,-0.348155,0.285575,0.234207,0.182598,0.954885,-0.384593,0.919482,-0.081498,,,0.000000,,,,0.00,,,
18360,,,,,,,,,,,,,,2.067921,9.598955,-1.133453,0.836591,-0.009276,0.036220,-3.197021,-2.244141,-1.161621,0.020689,0.095988,-0.011329,99885.0000,-0.893227,-0.347396,0.285416,0.234152,0.182496,0.954918,-0.383822,0.919789,-0.081667,,,0.000000,,,,0.00,,,
18361,,,,,,,,,,,,,,2.095996,9.578225,-1.234116,0.836496,-0.115060,0.033412,-3.175781,-2.129395,-1.118164,0.020979,0.095779,-0.012335,,-0.893828,-0.346546,0.284565,0.233382,0.182355,0.955133,-0.382889,0.920137,-0.082117,,,0.000000,,,,0.00,,,
18362,,,,,,,,,,,,,,2.056765,9.533578,-1.303157,0.882658,-0.172874,-0.014287,-3.132568,-2.010010,-1.045410,0.020592,0.095333,-0.013016,99892.0000,-0.894241,-0.345854,0.284108,0.232965,0.182342,0.955237,-0.382177,0.920400,-0.082486,,,0.000000,,,,0.00,,,
18363,,,,,,,,,,,,,,2.049444,9.487603,-1.363638,0.888064,-0.231969,-0.054005,-3.087646,-1.877441,-0.961426,0.020523,0.094873,-0.013612,,-0.894840,-0.345262,0.282941,0.231680,0.182574,0.955506,-0.381557,0.920577,-0.083384,,,0.000000,,,,0.00,,,
18364,,,,,,,,,,,,,,2.043114,9.437119,-1.316798,0.856524,-0.192710,-0.107188,-3.027100,-1.744629,-0.852539,0.020462,0.094369,-0.013135,99893.0000,-0.895221,-0.344753,0.282355,0.230971,0.182893,0.955616,-0.381092,0.920704,-0.084102,,,0.000000,,,,0.00,,,
18365,,,,,,,,,,,,,,2.016169,9.459909,-1.257046,0.846079,-0.119063,-0.096466,-2.953369,-1.614014,-0.745850,0.020198,0.094596,-0.012533,,-0.895967,-0.343974,0.280937,0.229357,0.183320,0.955923,-0.380314,0.920910,-0.085355,,,0.000000,,,,0.00,,,
18366,,,,,,,,,,,,,,2.108034,9.532447,-1.284954,0.781229,-0.159175,0.001934,-2.884033,-1.485596,-0.629883,0.021121,0.095320,-0.012814,99888.0000,-0.896598,-0.342946,0.280178,0.228571,0.183512,0.956075,-0.379298,0.921255,-0.086149,,,0.000000,,,,0.00,,,
18367,,,,,,,,,,,,,,2.254574,9.553073,-1.260833,0.626672,-0.178552,0.061998,-2.796875,-1.354980,-0.507080,0.022579,0.095527,-0.012576,,-0.897532,-0.341653,0.278764,0.227087,0.183771,0.956378,-0.377978,0.921684,-0.087356,,,0.000000,,,,0.00,,,
18368,,,,,,,,,,,,,,2.448792,9.595582,-1.203212,0.433896,-0.180261,0.152188,-2.705078,-1.241943,-0.388428,0.024500,0.095956,-0.012006,99881.0000,-0.898114,-0.340279,0.278571,0.226972,0.183891,0.956383,-0.376663,0.922168,-0.087921,,,0.000000,,,,0.00,,,
18369,,,,,,,,,,,,,,2.558345,9.566238,-1.157007,0.299795,-0.173967,0.151075,-2.613037,-1.130859,-0.272217,0.025573,0.095668,-0.011545,,-0.898886,-0.338701,0.278002,0.226368,0.184282,0.956451,-0.375181,0.922671,-0.088977,,,0.000000,,,,0.00,,,
18370,,,,,,,,,,,,,,2.616456,9.563512,-1.163171,0.250949,-0.193810,0.165240,-2.511475,-1.033203,-0.169189,0.026140,0.095645,-0.011608,99882.0000,-0.899331,-0.337071,0.278546,0.226994,0.184576,0.956245,-0.373735,0.923209,-0.089482,,,0.000000,,,,0.00,,,
18371,,,,,,,,,,,,,,2.646061,9.608017,-1.123322,0.213762,-0.149984,0.212745,-2.405518,-0.944336,-0.070557,0.026429,0.096092,-0.011206,,-0.900050,-0.335249,0.278422,0.226836,0.185109,0.956180,-0.372097,0.923765,-0.090561,,,0.000000,,,,0.00,,,
18372,,,,,,,,,,,,,,2.612340,9.626124,-0.996866,0.204715,-0.010072,0.209204,-2.306152,-0.861816,0.028320,0.026094,0.096273,-0.009931,99882.0000,-0.900588,-0.333307,0.279013,0.227462,0.185621,0.955932,-0.370410,0.924365,-0.091353,,,0.000000,,,,0.00,,,
18373,,,,,,,,,,,,,,2.540683,9.625451,-0.992440,0.259761,0.029434,0.188361,-2.197021,-0.797119,0.109375,0.025392,0.096263,-0.009876,,-0.901510,-0.331167,0.278583,0.226930,0.186376,0.955912,-0.368488,0.924982,-0.092868,,,0.000000,,,,0.00,,,
18374,,,,,,,,,,,,,,2.547057,9.642495,-0.839044,0.198422,0.183194,0.192124,-2.094727,-0.739014,0.192627,0.025476,0.096429,-0.008328,99881.0000,-0.902394,-0.328867,0.278444,0.226779,0.187005,0.955825,-0.366409,0.925676,-0.094172,,,0.000000,,,,0.00,,,
18375,,,,,,,,,,,,,,2.568406,9.613682,-0.755936,0.126080,0.260708,0.162640,-1.985107,-0.696289,0.274170,0.025708,0.096136,-0.007487,,-0.903744,-0.326215,0.277183,0.225446,0.187731,0.955997,-0.363897,0.926467,-0.096117,,,0.000000,,,,0.00,,,
18376,,,,,,,,,,,,,,2.571699,9.564567,-0.751561,0.098245,0.266231,0.116002,-1.884033,-0.660400,0.333008,0.025764,0.095639,-0.007434,99885.0000,-0.905057,-0.323424,0.276167,0.224465,0.188281,0.956120,-0.361229,0.927333,-0.097807,,,0.000000,,,,0.00,,,
18377,,,,,,,,,,,,,,2.629232,9.487086,-0.642801,-0.034972,0.346644,0.046797,-1.789795,-0.628906,0.387207,0.026355,0.094859,-0.006339,,-0.906723,-0.320519,0.274081,0.222352,0.188895,0.956493,-0.358347,0.928217,-0.100008,,,0.000000,,,,0.00,,,
18378,,,,,,,,,,,,,,2.710600,9.415139,-0.689630,-0.128025,0.275635,0.004408,-1.697510,-0.604004,0.459717,0.027184,0.094136,-0.006801,99886.0000,-0.908247,-0.317639,0.272386,0.220692,0.189424,0.956772,-0.355504,0.929099,-0.101944,,,0.000000,,,,0.00,,,
18379,,,,,,,,,,,,,,2.760710,9.292561,-0.640006,-0.247468,0.295564,-0.105259,-1.611328,-0.594482,0.496338,0.027689,0.092908,-0.006297,,-0.909941,-0.314867,0.269939,0.218178,0.190112,0.957212,-0.352713,0.929901,-0.104294,,,0.000000,,,,0.00,,,
18380,,,,,,,,,,,,,,2.823733,9.218413,-0.568641,-0.369285,0.341459,-0.167847,-1.525146,-0.580566,0.537354,0.028320,0.092165,-0.005581,99877.0000,-0.911380,-0.312292,0.268069,0.216242,0.190845,0.957506,-0.350181,0.930619,-0.106402,,,0.000000,,,,0.00,,,
18381,,,,,,,,,,,,,,2.838476,9.123710,-0.583265,-0.427128,0.318475,-0.254691,-1.452148,-0.577881,0.569336,0.028468,0.091218,-0.005728,,-0.912873,-0.310000,0.265638,0.213673,0.191630,0.957926,-0.347861,0.931224,-0.108696,,,0.000000,,,,0.00,,,
18382,,,,,,,,,,,,,,2.888356,9.101370,-0.586737,-0.499199,0.309322,-0.264030,-1.381348,-0.572754,0.599121,0.028963,0.090995,-0.005762,99887.0000,-0.914068,-0.308005,0.263844,0.211689,0.192566,0.958179,-0.345931,0.931693,-0.110817,,,0.000000,,,,0.00,,,
18383,,,,,,,,,,,,,,2.868704,9.057587,-0.663363,-0.490863,0.248674,-0.304452,-1.321289,-0.579102,0.615479,0.028765,0.090559,-0.006530,,-0.915274,-0.306294,0.261645,0.209258,0.193490,0.958526,-0.344216,0.932065,-0.113002,,,0.000000,,,,0.00,,,
18384,,,,,,,,,,,,,,2.883007,9.012629,-0.730890,-0.511780,0.186823,-0.337640,-1.257080,-0.576416,0.636230,0.028903,0.090111,-0.007204,99879.0000,-0.916246,-0.304765,0.260022,0.207335,0.194633,0.958713,-0.342791,0.932328,-0.115143,,,0.000000,,,,0.00,,,
18385,,,,,,,,,,,,,,2.945229,9.039031,-0.767087,-0.574648,0.153259,-0.293595,-1.205811,-0.582520,0.643311,0.029517,0.090378,-0.007564,,-0.917166,-0.303507,0.258244,0.205194,0.195846,0.958926,-0.341617,0.932485,-0.117345,,,0.000000,,,,0.00,,,
18386,,,,,,,,,,,,,,2.932797,9.016709,-0.789219,-0.579215,0.148101,-0.317019,-1.157227,-0.582275,0.650391,0.029385,0.090158,-0.007783,99885.0000,-0.917860,-0.302476,0.256985,0.203465,0.197348,0.958987,-0.340786,0.932503,-0.119595,,,0.000000,,,,0.00,,,
18387,,,,,,,,,,,,,,2.977669,9.041863,-0.814103,-0.625805,0.132244,-0.279829,-1.108154,-0.588379,0.639160,0.029818,0.090415,-0.008032,,-0.918430,-0.301737,0.255813,0.201764,0.198925,0.959020,-0.340260,0.932407,-0.121818,,,0.000000,,,,0.00,,,
18388,,,,,,,,,,,,,,2.983014,9.041752,-0.814435,-0.644384,0.148091,-0.279705,-1.072510,-0.594727,0.650879,0.029858,0.090418,-0.008040,99883.0000,-0.918828,-0.301052,0.255191,0.200575,0.200662,0.958908,-0.339889,0.932256,-0.123990,,,0.000000,,,,0.00,,,
18389,,,,,,,,,,,,,,2.920836,9.042457,-0.886098,-0.574640,0.117126,-0.287010,-1.036865,-0.598877,0.637451,0.029222,0.090430,-0.008758,,-0.919168,-0.300405,0.254730,0.199568,0.202357,0.958762,-0.339563,0.932099,-0.126049,,,0.000000,,,,0.00,,,
18390,,,,,,,,,,,,,,2.844522,9.114695,-0.889663,-0.496882,0.170272,-0.237483,-1.005371,-0.607422,0.624268,0.028447,0.091156,-0.008795,99885.0000,-0.919418,-0.299686,0.254674,0.198932,0.204224,0.958498,-0.339259,0.931923,-0.128151,,,0.000000,,,,0.00,,,
18391,,,,,,,,,,,,,,2.815417,9.112357,-0.864126,-0.485433,0.220442,-0.251094,-0.974121,-0.615967,0.628906,0.028146,0.091136,-0.008540,,-0.919685,-0.298818,0.254730,0.198482,0.205965,0.958219,-0.338798,0.931819,-0.130114,,,0.000000,,,,0.00,,,
18392,,,,,,,,,,,,,,2.742691,9.159213,-0.867503,-0.412228,0.268431,-0.224983,-0.949707,-0.615723,0.622314,0.027412,0.091606,-0.008577,99882.0000,-0.919962,-0.297732,0.255001,0.198261,0.207790,0.957870,-0.338175,0.931761,-0.132131,,,0.000000,,,,0.00,,,
18393,,,,,,,,,,,,,,2.745737,9.131985,-0.886701,-0.416502,0.261711,-0.248354,-0.920654,-0.624268,0.611328,0.027439,0.091334,-0.008775,,-0.920266,-0.296530,0.255306,0.198200,0.209326,0.957549,-0.337384,0.931801,-0.133864,,,0.000000,,,,0.00,,,
18394,,,,,,,,,,,,,,2.720515,9.153519,-0.858939,-0.400172,0.318395,-0.238537,-0.893799,-0.628418,0.597656,0.027182,0.091550,-0.008499,99885.0000,-0.920548,-0.295279,0.255737,0.198228,0.211010,0.957173,-0.336596,0.931818,-0.135712,,,0.000000,,,,0.00,,,
18395,,,,,,,,,,,,,,2.755348,9.174461,-0.923175,-0.406630,0.270187,-0.201416,-0.875732,-0.635010,0.591064,0.027527,0.091762,-0.009138,,-0.920777,-0.294101,0.256268,0.198377,0.212624,0.956785,-0.335880,0.931824,-0.137436,,,0.000000,,,,0.00,,,
18396,,,,,,,,,,,,,,2.811464,9.169954,-0.858480,-0.480927,0.333571,-0.200884,-0.857910,-0.643799,0.595947,0.028079,0.091720,-0.008486,99881.0000,-0.920938,-0.292994,0.256957,0.198554,0.214593,0.956309,-0.335334,0.931721,-0.139452,,,0.000000,,,,0.00,,,
18397,,,,,,,,,,,,,,2.773554,9.215229,-0.907651,-0.418237,0.327962,-0.161037,-0.837891,-0.645752,0.577881,0.027697,0.092174,-0.008978,,-0.920965,-0.292181,0.257787,0.198873,0.216453,0.955823,-0.335072,0.931546,-0.141239,,,0.000000,,,,0.00,,,
18398,,,,,,,,,,,,,,2.786611,9.210617,-0.873442,-0.440212,0.377503,-0.167625,-0.828857,-0.647705,0.566650,0.027815,0.092131,-0.008631,99881.0000,-0.920868,-0.291566,0.258828,0.199217,0.218771,0.955223,-0.335135,0.931197,-0.143374,,,0.000000,,,,0.00,,,
18399,,,,,,,,,,,,,,2.808292,9.400555,-0.928287,-0.398657,0.382553,0.026690,-0.806396,-0.656494,0.566895,0.028031,0.094031,-0.009181,,-0.920658,-0.291222,0.259959,0.199700,0.220839,0.954647,-0.335423,0.930817,-0.145160,,,0.000000,,,,0.00,,,
18400,,,,,,,,,,,,,,2.716244,9.494202,-1.028082,-0.257204,0.359547,0.105948,-0.799805,-0.654297,0.560059,0.027105,0.094968,-0.010188,99879.0000,-0.920387,-0.291047,0.261112,0.200136,0.223023,0.954047,-0.335907,0.930351,-0.147018,,,0.000000,,,,0.00,,,
18401,,,,,,,,,,,,,,2.675537,9.610682,-1.186032,-0.136152,0.269624,0.229180,-0.783936,-0.660645,0.551270,0.026699,0.096134,-0.011766,,-0.920011,-0.291132,0.262340,0.200680,0.224999,0.953469,-0.336612,0.929848,-0.148577,,,0.000000,,,,0.00,,,
18402,,,,,,,,,,,,,,2.697553,9.726682,-1.239882,-0.109929,0.261549,0.353035,-0.781982,-0.658447,0.553467,0.026919,0.097295,-0.012302,99885.0000,-0.919718,-0.291046,0.263459,0.201045,0.227233,0.952862,-0.337193,0.929332,-0.150477,,,0.000000,,,,0.00,,,
18403,,,,,,,,,,,,,,2.808281,9.938860,-1.290463,-0.146061,0.249260,0.591599,-0.770752,-0.662842,0.549072,0.028039,0.099413,-0.012814,,-0.919592,-0.290603,0.264386,0.201491,0.228856,0.952379,-0.337270,0.929072,-0.151900,,,0.000000,,,,0.00,,,
18404,,,,,,,,,,,,,,3.131082,10.000527,-1.354122,-0.407296,0.129601,0.745019,-0.768555,-0.658447,0.558105,0.031282,0.100025,-0.013459,99883.0000,-0.919814,-0.289424,0.264909,0.201721,0.230269,0.951990,-0.336529,0.929091,-0.153422,,,0.000000,,,,0.00,,,
18405,,,,,,,,,,,,,,3.642076,9.982147,-1.616294,-0.791162,-0.252268,0.903225,-0.764160,-0.660645,0.555664,0.036407,0.099839,-0.016087,,-0.920311,-0.287488,0.265288,0.202211,0.230917,0.951729,-0.334870,0.929531,-0.154382,,,0.000000,,,,0.00,,,
18406,,,,,,,,,,,,,,4.095083,9.841964,-1.873034,-1.151234,-0.636943,0.930271,-0.768555,-0.662842,0.560303,0.040926,0.098445,-0.018651,99883.0000,-0.920931,-0.284991,0.265833,0.202903,0.231755,0.951378,-0.332742,0.930091,-0.155605,,,0.000000,,,,0.00,,,
18407,,,,,,,,,,,,,,4.217656,9.512456,-2.014720,-1.276643,-0.862220,0.673554,-0.777344,-0.658447,0.562500,0.042112,0.095172,-0.020058,,-0.921296,-0.282289,0.267444,0.204658,0.232811,0.950744,-0.330648,0.930651,-0.156716,,,0.000000,,,,0.00,,,
18408,,,,,,,,,,,,,,4.113119,9.210512,-2.073155,-1.211846,-0.933319,0.371100,-0.795166,-0.660889,0.566895,0.041035,0.092169,-0.020639,99887.0000,-0.921553,-0.279428,0.269556,0.206764,0.234425,0.949891,-0.328617,0.931109,-0.158259,,,0.000000,,,,0.00,,,
18409,,,,,,,,,,,,,,3.920433,8.985446,-1.960076,-1.097367,-0.801667,0.092006,-0.811035,-0.654297,0.580566,0.039085,0.089926,-0.019511,,-0.921617,-0.276301,0.272545,0.209821,0.236050,0.948818,-0.326493,0.931632,-0.159574,,,0.000000,,,,0.00,,,
18410,,,,,,,,,,,,,,3.789224,8.851525,-2.082138,-0.944830,-0.884543,-0.047044,-0.835449,-0.647949,0.582520,0.037767,0.088588,-0.020739,99887.0000,-0.921889,-0.272522,0.275412,0.212934,0.237500,0.947762,-0.323697,0.932376,-0.160920,,,0.000000,,,,0.00,,,
18411,,,,,,,,,,,,,,3.718428,8.765903,-2.154378,-0.849350,-0.927571,-0.131405,-0.862305,-0.641602,0.589111,0.037063,0.087730,-0.021462,,-0.922271,-0.267779,0.278765,0.216833,0.238626,0.946594,-0.319999,0.933462,-0.162015,,,0.000000,,,,0.00,,,
18412,,,,,,,,,,,,,,3.675245,8.557646,-2.216354,-0.815304,-0.998090,-0.326278,-0.891357,-0.639648,0.593506,0.036637,0.085648,-0.022077,99882.0000,-0.923035,-0.261966,0.281744,0.220626,0.239503,0.945496,-0.315166,0.934886,-0.163274,,,0.000000,,,,0.00,,,
18413,,,,,,,,,,,,,,3.633291,8.447294,-2.281645,-0.757912,-1.047351,-0.426952,-0.933594,-0.639893,0.611572,0.036230,0.084544,-0.022719,,-0.923888,-0.255222,0.285117,0.225005,0.240349,0.944249,-0.309521,0.936533,-0.164629,,,0.000000,,,,0.00,,,
18414,,,,,,,,,,,,,,3.595094,8.388860,-2.208067,-0.743647,-0.954446,-0.500911,-0.984619,-0.635986,0.608887,0.035856,0.083959,-0.021967,99884.0000,-0.925053,-0.247877,0.287811,0.228805,0.241185,0.943122,-0.303193,0.938289,-0.166393,,,0.000000,,,,0.00,,,
18415,,,,,,,,,,,,,,3.577759,8.232741,-2.093649,-0.779883,-0.848654,-0.667567,-1.042480,-0.631836,0.601807,0.035688,0.082397,-0.020814,,-0.926109,-0.240177,0.290925,0.233043,0.242218,0.941818,-0.296670,0.940024,-0.168348,,,0.000000,,,,0.00,,,
18416,,,,,,,,,,,,,,3.688525,8.094304,-2.007280,-0.929615,-0.796988,-0.776500,-1.108887,-0.636963,0.601562,0.036812,0.081008,-0.019946,99887.0000,-0.927435,-0.232288,0.293098,0.236500,0.242834,0.940797,-0.289710,0.941846,-0.170277,,,0.000000,,,,0.00,,,
18417,,,,,,,,,,,,,,3.801305,7.906238,-1.955132,-1.079886,-0.787119,-0.924759,-1.177002,-0.655029,0.565186,0.037946,0.079127,-0.019422,,-0.928563,-0.224267,0.295761,0.240457,0.243546,0.939609,-0.282755,0.943604,-0.172221,,,0.000000,,,,0.00,,,
18418,,,,,,,,,,,,,,4.002130,7.857851,-1.963127,-1.268300,-0.820131,-0.905643,-1.254395,-0.666504,0.524170,0.039960,0.078644,-0.019492,99881.0000,-0.929855,-0.216217,0.297690,0.243771,0.243979,0.938643,-0.275581,0.945370,-0.174158,,,0.000000,,,,0.00,,,
18419,,,,,,,,,,,,,,4.315539,7.873623,-1.991642,-1.534592,-0.874877,-0.786948,-1.335205,-0.702393,0.472412,0.043087,0.078811,-0.019767,,-0.930802,-0.208182,0.300446,0.247832,0.244739,0.937381,-0.268677,0.946976,-0.176209,,,0.000000,,,,0.00,,,
18420,,,,,,,,,,,,,,4.689571,8.029056,-2.002417,-1.831092,-0.887653,-0.521481,-1.402832,-0.740479,0.397949,0.046807,0.080383,-0.019858,99882.0000,-0.931707,-0.200417,0.302911,0.251555,0.245514,0.936185,-0.261997,0.948449,-0.178331,,,0.000000,,,,0.00,,,
18421,,,,,,,,,,,,,,4.976153,8.260505,-1.949539,-2.030615,-0.792469,-0.218568,-1.485352,-0.791748,0.314453,0.049638,0.082722,-0.019315,,-0.932041,-0.192898,0.306740,0.256393,0.247098,0.934454,-0.256049,0.949596,-0.180848,,,0.000000,,,,0.00,,,
18422,,,,,,,,,,,,,,5.294965,8.579520,-2.005785,-2.208183,-0.781071,0.196387,-1.540771,-0.867188,0.227051,0.052790,0.085939,-0.019864,99885.0000,-0.932221,-0.186018,0.310422,0.260924,0.248893,0.932722,-0.250765,0.950500,-0.183486,,,0.000000,,,,0.00,,,
18423,,,,,,,,,,,,,,5.413551,8.790600,-1.882426,-2.252122,-0.579167,0.420438,-1.591064,-0.964355,0.128906,0.053923,0.088075,-0.018645,,-0.931557,-0.180052,0.315883,0.266860,0.251502,0.930340,-0.246955,0.950961,-0.186240,,,0.000000,,,,0.00,,,
18424,,,,,,,,,,,,,,5.350009,9.014438,-1.732911,-2.124646,-0.319594,0.592551,-1.605713,-1.076904,0.044678,0.053236,0.090330,-0.017171,99887.0000,-0.930663,-0.175057,0.321282,0.272581,0.254014,0.927996,-0.244062,0.951227,-0.188684,,,0.000000,,,,0.00,,,
18425,,,,,,,,,,,,,,5.158194,9.149899,-1.629685,-1.867258,-0.102107,0.650864,-1.595703,-1.191650,-0.009766,0.051272,0.091695,-0.016168,,-0.929003,-0.170476,0.328468,0.279926,0.256859,0.925022,-0.242064,0.951295,-0.190902,,,0.000000,,,,0.00,,,
18426,,,,,,,,,,,,,,4.862838,9.195770,-1.653441,-1.509125,-0.020275,0.611556,-1.550781,-1.288330,-0.048584,0.048295,0.092150,-0.016440,99876.0000,-0.927433,-0.166069,0.335096,0.286903,0.258835,0.922329,-0.239905,0.951538,-0.192406,,,0.000000,,,,0.00,,,
18427,,,,,,,,,,,,,,4.572651,9.073188,-1.679878,-1.188293,0.011513,0.416740,-1.495850,-1.351807,-0.062988,0.045383,0.090917,-0.016730,,-0.925362,-0.161320,0.343047,0.295302,0.260678,0.919154,-0.237703,0.951852,-0.193583,,,0.000000,,,,0.00,,,
18428,,,,,,,,,,,,,,4.230789,8.936407,-1.724525,-0.831014,0.020371,0.189385,-1.424316,-1.368896,-0.055664,0.041969,0.089534,-0.017193,99888.0000,-0.923647,-0.156241,0.349949,0.302926,0.261701,0.916378,-0.234758,0.952419,-0.194390,,,0.000000,,,,0.00,,,
18429,,,,,,,,,,,,,,3.958446,8.749901,-1.700832,-0.562224,0.067869,-0.076068,-1.382568,-1.357422,-0.041992,0.039260,0.087653,-0.016968,,-0.921620,-0.150527,0.357713,0.311563,0.262595,0.913221,-0.231398,0.953092,-0.195114,,,0.000000,,,,0.00,,,
18430,,,,,,,,,,,,,,3.744538,8.486255,-1.696149,-0.382343,0.058680,-0.391169,-1.343506,-1.321777,-0.051758,0.037137,0.085002,-0.016939,99882.0000,-0.920026,-0.144429,0.364270,0.319303,0.262555,0.910555,-0.227151,0.954047,-0.195441,,,0.000000,,,,0.00,,,
18431,,,,,,,,,,,,,,3.620351,8.211808,-1.762490,-0.268573,-0.036749,-0.670844,-1.302246,-1.279541,-0.081787,0.035915,0.082247,-0.017614,,-0.918110,-0.137683,0.371641,0.328029,0.262264,0.907532,-0.222420,0.955124,-0.195623,,,0.000000,,,,0.00,,,
18432,,,,,,,,,,,,,,3.516036,8.037308,-1.775803,-0.167406,-0.065001,-0.863846,-1.267822,-1.237305,-0.134766,0.034884,0.080494,-0.017754,99882.0000,-0.916580,-0.130693,0.377890,0.335839,0.261293,0.904952,-0.217011,0.956371,-0.195605,,,0.000000,,,,0.00,,,
18433,,,,,,,,,,,,,,3.483266,7.826405,-1.881404,-0.119365,-0.200773,-1.045099,-1.223877,-1.208252,-0.198975,0.034570,0.078379,-0.018818,,-0.914631,-0.123391,0.384999,0.344562,0.260241,0.901971,-0.211488,0.957627,-0.195509,,,0.000000,,,,0.00,,,
18434,,,,,,,,,,,,,,3.526995,7.729291,-1.913628,-0.130326,-0.249998,-1.108444,-1.153809,-1.172363,-0.249268,0.035012,0.077410,-0.019136,99882.0000,-0.912989,-0.115937,0.391165,0.352455,0.258780,0.899338,-0.205492,0.958953,-0.195401,,,0.000000,,,,0.00,,,
18435,,,,,,,,,,,,,,3.564705,7.732892,-1.899237,-0.102281,-0.224336,-1.091978,-1.089600,-1.154053,-0.290283,0.035383,0.077451,-0.018990,,-0.910855,-0.108076,0.398325,0.361355,0.257473,0.896175,-0.199413,0.960223,-0.195466,,,0.000000,,,,0.00,,,
18436,,,,,,,,,,,,,,3.558320,7.695116,-1.852870,-0.061825,-0.176021,-1.136601,-1.012451,-1.131348,-0.303955,0.035312,0.077076,-0.018526,99879.0000,-0.908940,-0.100076,0.404737,0.369612,0.255755,0.893295,-0.192911,0.961548,-0.195477,,,0.000000,,,,0.00,,,
18437,,,,,,,,,,,,,,3.533168,7.783343,-1.899278,0.069698,-0.180366,-1.058645,-0.948730,-1.110840,-0.317871,0.035050,0.077961,-0.018991,,-0.906487,-0.091778,0.412138,0.378841,0.254215,0.889862,-0.186442,0.962783,-0.195674,,,0.000000,,,,0.00,,,
18438,,,,,,,,,,,,,,3.589494,7.831557,-1.919551,0.102868,-0.180619,-0.988920,-0.885010,-1.083984,-0.304443,0.035599,0.078450,-0.019197,99883.0000,-0.904149,-0.083526,0.418971,0.387560,0.252270,0.886655,-0.179753,0.964045,-0.195719,,,0.000000,,,,0.00,,,
18439,,,,,,,,,,,,,,3.566675,7.895318,-1.962950,0.229183,-0.190156,-0.934551,-0.828125,-1.057129,-0.286621,0.035352,0.079093,-0.019633,,-0.901163,-0.075067,0.426931,0.397365,0.250517,0.882804,-0.173223,0.965198,-0.195927,,,0.000000,,,,0.00,,,
18440,,,,,,,,,,,,,,3.562099,8.031255,-1.971819,0.359425,-0.152977,-0.816876,-0.786865,-1.025879,-0.270996,0.035282,0.080460,-0.019724,99885.0000,-0.898212,-0.066572,0.434492,0.406824,0.248428,0.879078,-0.166462,0.966360,-0.196058,,,0.000000,,,,0.00,,,
18441,,,,,,,,,,,,,,3.525219,8.123713,-2.084191,0.530842,-0.222659,-0.733378,-0.754639,-0.992676,-0.246582,0.034893,0.081389,-0.020850,,-0.894611,-0.057713,0.443104,0.417335,0.246480,0.874688,-0.159697,0.967428,-0.196418,,,0.000000,,,,0.00,,,
18442,,,,,,,,,,,,,,3.398683,8.291151,-2.098272,0.795752,-0.177511,-0.645808,-0.733398,-0.963867,-0.210693,0.033602,0.083065,-0.020994,99885.0000,-0.891019,-0.048699,0.451346,0.427541,0.244236,0.870378,-0.152622,0.968492,-0.196798,,,0.000000,,,,0.00,,,
18443,,,,,,,,,,,,,,3.166562,8.439110,-2.114093,1.157896,-0.134253,-0.628151,-0.711914,-0.935059,-0.181641,0.031261,0.084537,-0.021159,,-0.886838,-0.039446,0.460394,0.438531,0.242172,0.865473,-0.145634,0.969431,-0.197469,,,0.000000,,,,0.00,,,
18444,,,,,,,,,,,,,,2.995597,8.602940,-2.106662,1.466663,-0.074487,-0.578789,-0.701660,-0.904053,-0.159424,0.029535,0.086168,-0.021092,99872.0000,-0.882715,-0.030346,0.468928,0.449013,0.239804,0.860745,-0.138571,0.970347,-0.198053,,,0.000000,,,,0.00,,,
18445,,,,,,,,,,,,,,2.852785,8.790295,-2.077621,1.766838,0.008863,-0.506685,-0.700439,-0.875244,-0.132812,0.028090,0.088035,-0.020813,,-0.878108,-0.021163,0.477994,0.459999,0.237507,0.855565,-0.131633,0.971155,-0.198822,,,0.000000,,,,0.00,,,
18446,,,,,,,,,,,,,,2.597914,8.889161,-2.027712,2.119702,0.085382,-0.572730,-0.696777,-0.844482,-0.119873,0.025535,0.089007,-0.020332,99883.0000,-0.873606,-0.012032,0.486485,0.470468,0.234644,0.850648,-0.124386,0.972007,-0.199326,,,0.000000,,,,0.00,,,
18447,,,,,,,,,,,,,,2.328320,9.050658,-2.109455,2.533749,0.041988,-0.573480,-0.699707,-0.820312,-0.097656,0.022845,0.090598,-0.021180,,-0.868867,-0.002552,0.495040,0.481092,0.231404,0.845579,-0.116712,0.972854,-0.199831,,,0.000000,,,,0.00,,,
18448,,,,,,,,,,,,,,2.101804,9.130862,-2.180863,2.862057,-0.023385,-0.628253,-0.698242,-0.802490,-0.068359,0.020600,0.091377,-0.021921,99879.0000,-0.864383,0.007260,0.502781,0.491057,0.227322,0.840945,-0.108188,0.973793,-0.200058,,,0.000000,,,,0.00,,,
18449,,,,,,,,,,,,,,1.930903,9.071222,-2.312120,3.073810,-0.186014,-0.764047,-0.705566,-0.778320,-0.059814,0.018932,0.090756,-0.023260,,-0.859953,0.017896,0.510059,0.500753,0.222705,0.836450,-0.098624,0.974722,-0.200477,,,0.000000,,,,0.00,,,
18450,,,,,,,,,,,,,,1.896147,9.021557,-2.437924,3.158899,-0.348271,-0.822307,-0.710449,-0.758545,-0.037598,0.018629,0.090243,-0.024534,99883.0000,-0.855807,0.029395,0.516459,0.509806,0.217196,0.832420,-0.087704,0.975685,-0.200864,,,0.000000,,,,0.00,,,
18451,,,,,,,,,,,,,,1.927150,8.976190,-2.388264,3.164412,-0.338772,-0.876187,-0.713135,-0.745361,-0.028564,0.018975,0.089780,-0.024052,,-0.851783,0.042114,0.522200,0.518447,0.211139,0.828633,-0.075360,0.976548,-0.201678,,,0.000000,,,,0.00,,,
18452,,,,,,,,,,,,,,2.070450,8.915914,-2.426044,3.065638,-0.417266,-0.863195,-0.718262,-0.723389,-0.013184,0.020446,0.089171,-0.024434,99885.0000,-0.847862,0.055671,0.527285,0.526611,0.204199,0.825218,-0.061730,0.977345,-0.202450,,,0.000000,,,,0.00,,,
18453,,,,,,,,,,,,,,2.253979,8.890483,-2.501417,2.945376,-0.518687,-0.788628,-0.720947,-0.710205,-0.002197,0.022306,0.088917,-0.025178,,-0.843958,0.069785,0.531850,0.534302,0.197167,0.821977,-0.047502,0.977883,-0.203687,,,0.000000,,,,0.00,,,
18454,,,,,,,,,,,,,,2.419567,8.973352,-2.560058,2.894791,-0.581548,-0.636033,-0.727783,-0.703613,0.009033,0.023969,0.089750,-0.025754,99882.0000,-0.839864,0.083318,0.536364,0.541750,0.189996,0.818785,-0.033687,0.978243,-0.204708,,,0.000000,,,,0.00,,,
