// Start Time: Unknown
// Update Rate: 100.0Hz
// Filter Profile: human (46.1)
// Firmware Version: 4.6.0
PacketCounter,SampleTimeFine,Year,Month,Day,Second,UTC_Nano,UTC_Year,UTC_Month,UTC_Day,UTC_Hour,UTC_Minute,UTC_Second,UTC_Valid,Acc_X,Acc_Y,Acc_Z,FreeAcc_X,FreeAcc_Y,FreeAcc_Z,Mag_X,Mag_Y,Mag_Z,VelInc_X,VelInc_Y,VelInc_Z,Pressure,Mat[1][1],Mat[2][1],Mat[3][1],Mat[1][2],Mat[2][2],Mat[3][2],Mat[1][3],Mat[2][3],Mat[3][3],Latitude,Longitude,Altitude,Vel_X,Vel_Y,Vel_Z,Temperature,GyrTemp_X,GyrTemp_Y,GyrTemp_Z
61797,,,,,,,,,,,,,,9.806786,-0.466012,-0.201397,-0.000000,0.000000,0.007230,-2.594727,-2.012207,-0.519531,0.098068,-0.004666,-0.002012,,-0.051332,-0.006477,0.998661,-0.959409,0.277988,-0.047512,-0.277308,-0.960563,-0.020484,,,0.000000,,,,0.00,,,
61798,,,,,,,,,,,,,,9.796960,-0.475009,-0.161974,-0.007195,-0.034466,-0.002944,-2.590820,-2.010010,-0.517334,0.097969,-0.004755,-0.001618,99936.0000,-0.051788,-0.006018,0.998640,-0.959723,0.276798,-0.048101,-0.276132,-0.960909,-0.020111,,,0.000000,,,,0.00,,,
61799,,,,,,,,,,,,,,9.840385,-0.467773,-0.194995,-0.006110,-0.001739,0.040737,-2.586426,-2.007812,-0.521729,0.098404,-0.004686,-0.001948,,-0.051641,-0.006100,0.998647,-0.959722,0.276833,-0.047937,-0.276166,-0.960899,-0.020150,,,0.000000,,,,0.00,,,
61800,,,,,,,,,,,,,,9.802868,-0.430636,-0.165861,-0.046714,-0.020035,0.000905,-2.594727,-2.012207,-0.519531,0.098029,-0.004311,-0.001655,99936.0000,-0.051561,-0.006188,0.998651,-0.959741,0.276782,-0.047837,-0.276113,-0.960913,-0.020210,,,0.000000,,,,0.00,,,
61801,,,,,,,,,,,,,,9.840470,-0.465583,-0.195953,-0.006052,-0.001696,0.040737,-2.594971,-2.010010,-0.515381,0.098405,-0.004660,-0.001958,,-0.051482,-0.006236,0.998654,-0.959755,0.276750,-0.047749,-0.276080,-0.960922,-0.020233,,,0.000000,,,,0.00,,,
61802,,,,,,,,,,,,,,9.832676,-0.490791,-0.174710,0.013325,-0.029401,0.033727,-2.592773,-2.010010,-0.515137,0.098327,-0.004911,-0.001746,99931.0000,-0.051431,-0.006268,0.998657,-0.959774,0.276695,-0.047691,-0.276024,-0.960937,-0.020246,,,0.000000,,,,0.00,,,
61803,,,,,,,,,,,,,,9.844585,-0.496144,-0.233122,0.034383,0.024960,0.047057,-2.594971,-2.010010,-0.517334,0.098446,-0.004963,-0.002331,,-0.051397,-0.006286,0.998659,-0.959792,0.276636,-0.047656,-0.275965,-0.960954,-0.020251,,,0.000000,,,,0.00,,,
61804,,,,,,,,,,,,,,9.799210,-0.485859,-0.181951,0.013079,-0.021084,0.000216,-2.590576,-2.014160,-0.515137,0.097992,-0.004860,-0.001821,99935.0000,-0.051356,-0.006278,0.998661,-0.959824,0.276531,-0.047621,-0.275862,-0.960984,-0.020227,,,0.000000,,,,0.00,,,
61805,,,,,,,,,,,,,,9.797198,-0.469608,-0.163347,-0.007132,-0.034409,-0.002944,-2.592773,-2.012207,-0.521729,0.097972,-0.004698,-0.001634,,-0.051313,-0.006287,0.998663,-0.959857,0.276426,-0.047579,-0.275757,-0.961015,-0.020218,,,0.000000,,,,0.00,,,
61806,,,,,,,,,,,,,,9.826019,-0.521908,-0.244029,0.064140,0.028631,0.029957,-2.590820,-2.010010,-0.515137,0.098260,-0.005220,-0.002442,99934.0000,-0.051293,-0.006264,0.998664,-0.959884,0.276333,-0.047567,-0.275666,-0.961041,-0.020187,,,0.000000,,,,0.00,,,
61807,,,,,,,,,,,,,,9.801287,-0.501122,-0.199802,0.033280,-0.007720,0.003376,-2.596924,-2.010010,-0.517578,0.098013,-0.005010,-0.001999,,-0.051309,-0.006244,0.998663,-0.959922,0.276197,-0.047591,-0.275531,-0.961081,-0.020165,,,0.000000,,,,0.00,,,
61808,,,,,,,,,,,,,,9.790482,-0.501980,-0.232499,0.043609,0.023639,-0.006714,-2.592773,-2.007812,-0.521973,0.097905,-0.005021,-0.002325,99935.0000,-0.051295,-0.006258,0.998664,-0.959945,0.276118,-0.047576,-0.275452,-0.961103,-0.020171,,,0.000000,,,,0.00,,,
61809,,,,,,,,,,,,,,9.801295,-0.500932,-0.199887,0.033199,-0.007696,0.003377,-2.599365,-2.005859,-0.515381,0.098013,-0.005010,-0.001997,,-0.051289,-0.006294,0.998664,-0.959966,0.276050,-0.047561,-0.275382,-0.961123,-0.020200,,,0.000000,,,,0.00,,,
61810,,,,,,,,,,,,,,9.821642,-0.400376,-0.154859,-0.076722,-0.023574,0.018004,-2.590820,-2.007812,-0.519775,0.098216,-0.004006,-0.001548,99937.0000,-0.051268,-0.006315,0.998665,-0.960003,0.275924,-0.047539,-0.275256,-0.961159,-0.020209,,,0.000000,,,,0.00,,,
61811,,,,,,,,,,,,,,9.782370,-0.437629,-0.159202,-0.037383,-0.029652,-0.019356,-2.594727,-2.014160,-0.515137,0.097824,-0.004379,-0.001591,,-0.051228,-0.006351,0.998667,-0.960046,0.275782,-0.047493,-0.275113,-0.961199,-0.020224,,,0.000000,,,,0.00,,,
61812,,,,,,,,,,,,,,9.812906,-0.416133,-0.206317,-0.046129,0.021148,0.011074,-2.594971,-2.008057,-0.515381,0.098129,-0.004165,-0.002063,99931.0000,-0.051164,-0.006380,0.998670,-0.960083,0.275664,-0.047426,-0.274995,-0.961233,-0.020229,,,0.000000,,,,0.00,,,
61813,,,,,,,,,,,,,,9.812929,-0.415553,-0.206419,-0.046129,0.021148,0.011074,-2.593018,-2.007812,-0.515381,0.098129,-0.004158,-0.002064,,-0.051121,-0.006407,0.998672,-0.960112,0.275574,-0.047379,-0.274904,-0.961259,-0.020239,,,0.000000,,,,0.00,,,
61814,,,,,,,,,,,,,,9.827830,-0.446134,-0.210391,-0.016042,0.016475,0.027486,-2.594727,-2.012207,-0.521729,0.098278,-0.004462,-0.002105,99942.0000,-0.051089,-0.006384,0.998674,-0.960144,0.275465,-0.047357,-0.274798,-0.961290,-0.020203,,,0.000000,,,,0.00,,,
61815,,,,,,,,,,,,,,9.827837,-0.446016,-0.210280,-0.016042,0.016475,0.027486,-2.592773,-2.007812,-0.521973,0.098278,-0.004461,-0.002102,,-0.051083,-0.006397,0.998674,-0.960149,0.275449,-0.047348,-0.274781,-0.961294,-0.020213,,,0.000000,,,,0.00,,,
61816,,,,,,,,,,,,,,9.838650,-0.445119,-0.177340,-0.026332,-0.014879,0.037577,-2.590576,-2.010010,-0.519531,0.098386,-0.004451,-0.001775,99936.0000,-0.051065,-0.006358,0.998675,-0.960162,0.275405,-0.047342,-0.274739,-0.961307,-0.020169,,,0.000000,,,,0.00,,,
61817,,,,,,,,,,,,,,9.805150,-0.441117,-0.183957,-0.026570,-0.006568,0.004065,-2.594971,-2.010010,-0.515381,0.098051,-0.004410,-0.001844,,-0.051055,-0.006273,0.998676,-0.960168,0.275383,-0.047357,-0.274721,-0.961314,-0.020083,,,0.000000,,,,0.00,,,
61818,,,,,,,,,,,,,,9.799379,-0.483031,-0.180361,0.013182,-0.020973,0.000216,-2.596924,-2.012207,-0.515137,0.097994,-0.004830,-0.001805,99940.0000,-0.051042,-0.006244,0.998677,-0.960168,0.275383,-0.047352,-0.274723,-0.961314,-0.020051,,,0.000000,,,,0.00,,,
61819,,,,,,,,,,,,,,9.786536,-0.468135,-0.194364,0.003380,-0.002963,-0.013035,-2.594971,-2.010010,-0.523926,0.097865,-0.004681,-0.001946,,-0.051038,-0.006199,0.998677,-0.960161,0.275405,-0.047360,-0.274747,-0.961308,-0.020008,,,0.000000,,,,0.00,,,
61820,,,,,,,,,,,,,,9.784494,-0.452409,-0.175588,-0.016679,-0.016249,-0.016194,-2.590576,-2.012207,-0.517334,0.097845,-0.004523,-0.001757,99939.0000,-0.051038,-0.006162,0.998678,-0.960166,0.275386,-0.047371,-0.274730,-0.961314,-0.019972,,,0.000000,,,,0.00,,,
61821,,,,,,,,,,,,,,9.784487,-0.452598,-0.175476,-0.016680,-0.016249,-0.016194,-2.593018,-2.007812,-0.515381,0.097845,-0.004525,-0.001755,,-0.051053,-0.006163,0.998677,-0.960166,0.275382,-0.047385,-0.274726,-0.961315,-0.019977,,,0.000000,,,,0.00,,,
61822,,,,,,,,,,,,,,9.790267,-0.410721,-0.178583,-0.056071,-0.001838,-0.012343,-2.594971,-2.010010,-0.515381,0.097903,-0.004109,-0.001785,99940.0000,-0.051004,-0.006182,0.998679,-0.960182,0.275335,-0.047334,-0.274678,-0.961329,-0.019979,,,0.000000,,,,0.00,,,
61823,,,,,,,,,,,,,,9.805168,-0.441180,-0.182819,-0.026056,-0.006526,0.004067,-2.594971,-2.010010,-0.519531,0.098052,-0.004414,-0.001827,,-0.050959,-0.006225,0.998681,-0.960211,0.275243,-0.047280,-0.274586,-0.961355,-0.020004,,,0.000000,,,,0.00,,,
61824,,,,,,,,,,,,,,9.825860,-0.429608,-0.189900,-0.035354,0.003257,0.024328,-2.590820,-2.007812,-0.521729,0.098258,-0.004300,-0.001900,99937.0000,-0.050843,-0.006214,0.998687,-0.960229,0.275201,-0.047172,-0.274547,-0.961367,-0.019958,,,0.000000,,,,0.00,,,
61825,,,,,,,,,,,,,,9.836694,-0.428103,-0.156810,-0.045765,-0.028080,0.034420,-2.599121,-2.008057,-0.519775,0.098367,-0.004283,-0.001570,,-0.050796,-0.006196,0.998690,-0.960250,0.275132,-0.047134,-0.274480,-0.961386,-0.019925,,,0.000000,,,,0.00,,,
61826,,,,,,,,,,,,,,9.803206,-0.423646,-0.163921,-0.045703,-0.019476,0.000911,-2.592773,-2.010010,-0.513184,0.098032,-0.004238,-0.001639,99938.0000,-0.050734,-0.006178,0.998693,-0.960248,0.275149,-0.047079,-0.274499,-0.961382,-0.019892,,,0.000000,,,,0.00,,,
61827,,,,,,,,,,,,,,9.825924,-0.428346,-0.189440,-0.035058,0.003554,0.024329,-2.597168,-2.005859,-0.513184,0.098259,-0.004285,-0.001895,,-0.050708,-0.006178,0.998694,-0.960242,0.275174,-0.047054,-0.274524,-0.961375,-0.019886,,,0.000000,,,,0.00,,,
61828,,,,,,,,,,,,,,9.797460,-0.465027,-0.160721,-0.005910,-0.033951,-0.002942,-2.591064,-2.003662,-0.517578,0.097975,-0.004650,-0.001608,99942.0000,-0.050684,-0.006162,0.998696,-0.960238,0.275192,-0.047034,-0.274543,-0.961370,-0.019865,,,0.000000,,,,0.00,,,
61829,,,,,,,,,,,,,,9.838784,-0.443232,-0.174594,-0.025047,-0.014552,0.037580,-2.590820,-2.010010,-0.517334,0.098388,-0.004432,-0.001748,,-0.050670,-0.006120,0.998697,-0.960226,0.275233,-0.047031,-0.274587,-0.961358,-0.019822,,,0.000000,,,,0.00,,,
61830,,,,,,,,,,,,,,9.820175,-0.470076,-0.185580,0.005096,-0.010684,0.020476,-2.594971,-2.008057,-0.515381,0.098202,-0.004700,-0.001857,99939.0000,-0.050641,-0.006066,0.998699,-0.960222,0.275250,-0.047018,-0.274607,-0.961354,-0.019764,,,0.000000,,,,0.00,,,
61831,,,,,,,,,,,,,,9.751121,-0.445913,-0.181596,-0.015620,-0.007397,-0.049703,-2.599121,-2.012207,-0.517334,0.097511,-0.004461,-0.001816,,-0.050614,-0.006083,0.998700,-0.960217,0.275273,-0.046987,-0.274629,-0.961347,-0.019773,,,0.000000,,,,0.00,,,
61832,,,,,,,,,,,,,,9.786701,-0.465350,-0.192731,0.005254,-0.002254,-0.013035,-2.590576,-2.010010,-0.521729,0.097867,-0.004657,-0.001928,99936.0000,-0.050491,-0.006081,0.998706,-0.960243,0.275204,-0.046870,-0.274562,-0.961367,-0.019735,,,0.000000,,,,0.00,,,
61833,,,,,,,,,,,,,,9.786742,-0.464631,-0.192417,0.005232,-0.002261,-0.013035,-2.594727,-2.014160,-0.512939,0.097867,-0.004650,-0.001927,,-0.050415,-0.006054,0.998710,-0.960249,0.275194,-0.046805,-0.274556,-0.961370,-0.019687,,,0.000000,,,,0.00,,,
61834,,,,,,,,,,,,,,9.840943,-0.457103,-0.192111,-0.003325,-0.000757,0.040738,-2.592773,-2.010010,-0.515137,0.098409,-0.004575,-0.001920,99939.0000,-0.050266,-0.006087,0.998717,-0.960277,0.275119,-0.046655,-0.274483,-0.961391,-0.019674,,,0.000000,,,,0.00,,,
61835,,,,,,,,,,,,,,9.843018,-0.472407,-0.210742,0.016873,0.012559,0.043892,-2.592773,-2.010010,-0.517334,0.098430,-0.004726,-0.002106,,-0.050235,-0.006124,0.998719,-0.960292,0.275074,-0.046616,-0.274437,-0.961403,-0.019699,,,0.000000,,,,0.00,,,
61836,,,,,,,,,,,,,,9.855885,-0.486979,-0.196568,0.026975,-0.005391,0.057140,-2.588623,-2.010010,-0.521729,0.098559,-0.004872,-0.001965,99933.0000,-0.050166,-0.006149,0.998722,-0.960320,0.274990,-0.046544,-0.274352,-0.961427,-0.019700,,,0.000000,,,,0.00,,,
61837,,,,,,,,,,,,,,9.832246,-0.472566,-0.243977,0.027559,0.043941,0.033795,-2.594971,-2.008057,-0.515381,0.098322,-0.004727,-0.002438,,-0.050155,-0.006199,0.998722,-0.960345,0.274904,-0.046522,-0.274265,-0.961452,-0.019741,,,0.000000,,,,0.00,,,
61838,,,,,,,,,,,,,,9.811597,-0.482995,-0.237533,0.037291,0.034634,0.013530,-2.594971,-2.012207,-0.512939,0.098116,-0.004834,-0.002371,99936.0000,-0.050092,-0.006276,0.998725,-0.960377,0.274806,-0.046442,-0.274164,-0.961479,-0.019793,,,0.000000,,,,0.00,,,
61839,,,,,,,,,,,,,,9.812556,-0.491610,-0.165600,0.026022,-0.037744,0.013464,-2.596924,-2.010010,-0.517578,0.098126,-0.004917,-0.001653,,-0.050089,-0.006344,0.998725,-0.960428,0.274634,-0.046424,-0.273989,-0.961528,-0.019849,,,0.000000,,,,0.00,,,
61840,,,,,,,,,,,,,,9.821730,-0.563983,-0.166704,0.095577,-0.056765,0.026006,-2.588623,-2.010010,-0.519531,0.098217,-0.005642,-0.001668,99932.0000,-0.050049,-0.006329,0.998727,-0.960465,0.274509,-0.046392,-0.273866,-0.961564,-0.019818,,,0.000000,,,,0.00,,,
61841,,,,,,,,,,,,,,9.805181,-0.606615,-0.196600,0.145534,-0.039824,0.012048,-2.592773,-2.012207,-0.519531,0.098052,-0.006065,-0.001963,,-0.050092,-0.006397,0.998724,-0.960497,0.274391,-0.046417,-0.273744,-0.961597,-0.019889,,,0.000000,,,,0.00,,,
61842,,,,,,,,,,,,,,9.829897,-0.627993,-0.240896,0.176604,-0.002615,0.038611,-2.599121,-2.008057,-0.524170,0.098299,-0.006276,-0.002409,99938.0000,-0.050141,-0.006297,0.998722,-0.960509,0.274336,-0.046493,-0.273693,-0.961613,-0.019804,,,0.000000,,,,0.00,,,
61843,,,,,,,,,,,,,,9.792249,-0.592743,-0.211364,0.135917,-0.020954,-0.001202,-2.592773,-2.012207,-0.517334,0.097923,-0.005925,-0.002114,,-0.050197,-0.006293,0.998720,-0.960554,0.274171,-0.046551,-0.273527,-0.961660,-0.019807,,,0.000000,,,,0.00,,,
61844,,,,,,,,,,,,,,9.767477,-0.572180,-0.167418,0.104301,-0.055968,-0.027749,-2.590820,-2.007812,-0.517578,0.097675,-0.005721,-0.001674,99936.0000,-0.050288,-0.006155,0.998716,-0.960595,0.274004,-0.046680,-0.273364,-0.961709,-0.019692,,,0.000000,,,,0.00,,,
61845,,,,,,,,,,,,,,9.817555,-0.533401,-0.130355,0.054544,-0.081170,0.019724,-2.594971,-2.010010,-0.517334,0.098175,-0.005336,-0.001305,,-0.050243,-0.006159,0.998718,-0.960683,0.273701,-0.046642,-0.273063,-0.961795,-0.019669,,,0.000000,,,,0.00,,,
61846,,,,,,,,,,,,,,9.829481,-0.538915,-0.188290,0.074556,-0.025807,0.033040,-2.594727,-2.014160,-0.519531,0.098295,-0.005392,-0.001885,99937.0000,-0.050285,-0.006038,0.998717,-0.960760,0.273417,-0.046721,-0.272784,-0.961877,-0.019550,,,0.000000,,,,0.00,,,
61847,,,,,,,,,,,,,,9.869188,-0.590155,-0.235590,0.135419,0.005915,0.076008,-2.592529,-2.016357,-0.519287,0.098692,-0.005905,-0.002360,,-0.050198,-0.006002,0.998721,-0.960849,0.273115,-0.046653,-0.272486,-0.961963,-0.019477,,,0.000000,,,,0.00,,,
61848,,,,,,,,,,,,,,9.850614,-0.616770,-0.246268,0.165014,0.010757,0.058903,-2.599121,-2.010010,-0.519775,0.098506,-0.006166,-0.002465,99939.0000,-0.050229,-0.005830,0.998721,-0.960866,0.273044,-0.046731,-0.272422,-0.961984,-0.019317,,,0.000000,,,,0.00,,,
61849,,,,,,,,,,,,,,9.790279,-0.576302,-0.190551,0.113682,-0.030561,-0.004317,-2.596680,-2.018555,-0.512939,0.097903,-0.005759,-0.001910,,-0.050274,-0.005723,0.998719,-0.960933,0.272795,-0.046808,-0.272178,-0.962055,-0.019214,,,0.000000,,,,0.00,,,
61850,,,,,,,,,,,,,,9.737750,-0.509931,-0.156030,0.041357,-0.042895,-0.060529,-2.594971,-2.010010,-0.519531,0.097377,-0.005098,-0.001566,99932.0000,-0.050427,-0.005479,0.998713,-0.960976,0.272605,-0.047026,-0.271997,-0.962110,-0.019012,,,0.000000,,,,0.00,,,
61851,,,,,,,,,,,,,,9.712073,-0.479956,-0.183500,0.021766,-0.006806,-0.087057,-2.599121,-2.010010,-0.521973,0.097121,-0.004801,-0.001843,,-0.050347,-0.005348,0.998717,-0.961085,0.272228,-0.046993,-0.271628,-0.962218,-0.018846,,,0.000000,,,,0.00,,,
61852,,,,,,,,,,,,,,9.762603,-0.530294,-0.197183,0.070174,-0.004285,-0.033958,-2.596924,-2.014160,-0.512939,0.097626,-0.005307,-0.001978,99935.0000,-0.050450,-0.005036,0.998714,-0.961116,0.272086,-0.047179,-0.271498,-0.962260,-0.018567,,,0.000000,,,,0.00,,,
61853,,,,,,,,,,,,,,9.793181,-0.508888,-0.243295,0.061465,0.046606,-0.003580,-2.597168,-2.010010,-0.515381,0.097932,-0.005092,-0.002437,,-0.050372,-0.004983,0.998718,-0.961193,0.271822,-0.047123,-0.271238,-0.962335,-0.018482,,,0.000000,,,,0.00,,,
61854,,,,,,,,,,,,,,9.841641,-0.543259,-0.239524,0.089359,0.034813,0.046380,-2.592529,-2.016357,-0.519287,0.098416,-0.005435,-0.002396,99935.0000,-0.050553,-0.004880,0.998709,-0.961228,0.271661,-0.047329,-0.271080,-0.962381,-0.018424,,,0.000000,,,,0.00,,,
61855,,,,,,,,,,,,,,9.816879,-0.521909,-0.195496,0.058446,-0.001418,0.019825,-2.599121,-2.010010,-0.521973,0.098169,-0.005219,-0.001956,,-0.050546,-0.004851,0.998710,-0.961276,0.271492,-0.047332,-0.270912,-0.962428,-0.018386,,,0.000000,,,,0.00,,,
61856,,,,,,,,,,,,,,9.837559,-0.510608,-0.202439,0.047052,0.010092,0.040077,-2.592773,-2.012207,-0.515137,0.098375,-0.005110,-0.002025,99936.0000,-0.050648,-0.004667,0.998706,-0.961230,0.271631,-0.047478,-0.271058,-0.962390,-0.018244,,,0.000000,,,,0.00,,,
61857,,,,,,,,,,,,,,9.831426,-0.461496,-0.146963,-0.013658,-0.029660,0.030608,-2.592773,-2.014160,-0.508545,0.098314,-0.004623,-0.001473,,-0.050479,-0.004633,0.998714,-0.961304,0.271395,-0.047329,-0.270827,-0.962457,-0.018153,,,0.000000,,,,0.00,,,
61858,,,,,,,,,,,,,,9.778038,-0.383948,-0.185411,-0.074314,0.029204,-0.025684,-2.592773,-2.012207,-0.521729,0.097780,-0.003851,-0.001860,99933.0000,-0.050354,-0.004575,0.998721,-0.961384,0.271127,-0.047229,-0.270564,-0.962533,-0.018050,,,0.000000,,,,0.00,,,
61859,,,,,,,,,,,,,,9.785942,-0.355776,-0.206029,-0.093690,0.057110,-0.018728,-2.594971,-2.008057,-0.515381,0.097859,-0.003570,-0.002064,,-0.050093,-0.004558,0.998734,-0.961437,0.270982,-0.046986,-0.270425,-0.962574,-0.017957,,,0.000000,,,,0.00,,,
61860,,,,,,,,,,,,,,9.786037,-0.353536,-0.205366,-0.095579,0.058575,-0.018755,-2.594727,-2.014160,-0.517334,0.097860,-0.003545,-0.002057,99936.0000,-0.050075,-0.004400,0.998736,-0.961409,0.271076,-0.047009,-0.270526,-0.962548,-0.017805,,,0.000000,,,,0.00,,,
61861,,,,,,,,,,,,,,9.795990,-0.341664,-0.244860,-0.094747,0.099828,-0.008649,-2.596924,-2.016357,-0.515137,0.097959,-0.003427,-0.002450,,-0.049863,-0.004408,0.998746,-0.961421,0.271069,-0.046803,-0.270522,-0.962550,-0.017755,,,0.000000,,,,0.00,,,
61862,,,,,,,,,,,,,,9.853220,-0.357362,-0.189985,-0.097360,0.043569,0.048264,-2.592773,-2.014160,-0.517334,0.098532,-0.003584,-0.001902,99931.0000,-0.049871,-0.004286,0.998746,-0.961362,0.271272,-0.046841,-0.270731,-0.962493,-0.017649,,,0.000000,,,,0.00,,,
61863,,,,,,,,,,,,,,9.812016,-0.377193,-0.175318,-0.078289,0.024290,0.007798,-2.599121,-2.012207,-0.513184,0.098120,-0.003781,-0.001755,,-0.049683,-0.004276,0.998756,-0.961350,0.271345,-0.046661,-0.270808,-0.962473,-0.017592,,,0.000000,,,,0.00,,,
61864,,,,,,,,,,,,,,9.839941,-0.420943,-0.164255,-0.040900,0.002738,0.037538,-2.598877,-2.016357,-0.519531,0.098399,-0.004220,-0.001646,99936.0000,-0.049702,-0.004151,0.998755,-0.961321,0.271441,-0.046711,-0.270910,-0.962446,-0.017482,,,0.000000,,,,0.00,,,
61865,,,,,,,,,,,,,,9.770916,-0.394863,-0.160108,-0.061590,0.006172,-0.032682,-2.592529,-2.016357,-0.519287,0.097709,-0.003960,-0.001602,,-0.049493,-0.004159,0.998766,-0.961299,0.271554,-0.046506,-0.271025,-0.962414,-0.017438,,,0.000000,,,,0.00,,,
61866,,,,,,,,,,,,,,9.789546,-0.365492,-0.148697,-0.093430,0.004141,-0.015639,-2.592529,-2.018555,-0.514893,0.097895,-0.003669,-0.001488,99935.0000,-0.049427,-0.004044,0.998770,-0.961197,0.271921,-0.046466,-0.271398,-0.962311,-0.017327,,,0.000000,,,,0.00,,,
61867,,,,,,,,,,,,,,9.821046,-0.350824,-0.122851,-0.113626,-0.017135,0.014719,-2.592529,-2.016357,-0.515137,0.098210,-0.003521,-0.001230,,-0.049187,-0.004062,0.998781,-0.961174,0.272044,-0.046229,-0.271524,-0.962276,-0.017286,,,0.000000,,,,0.00,,,
61868,,,,,,,,,,,,,,9.836130,-0.379366,-0.126605,-0.084659,-0.021374,0.031183,-2.594727,-2.016357,-0.515137,0.098361,-0.003804,-0.001266,99933.0000,-0.049084,-0.004059,0.998786,-0.961134,0.272201,-0.046128,-0.271683,-0.962232,-0.017262,,,0.000000,,,,0.00,,,
61869,,,,,,,,,,,,,,9.866214,-0.439211,-0.134332,-0.024855,-0.030539,0.064133,-2.596680,-2.020508,-0.519287,0.098662,-0.004400,-0.001344,,-0.048940,-0.004061,0.998793,-0.961076,0.272432,-0.045985,-0.271916,-0.962167,-0.017236,,,0.000000,,,,0.00,,,
61870,,,,,,,,,,,,,,9.854138,-0.512699,-0.200502,0.063599,0.014191,0.056601,-2.594727,-2.014160,-0.526123,0.098541,-0.005132,-0.002005,99933.0000,-0.049049,-0.003927,0.998789,-0.960971,0.272777,-0.046119,-0.272265,-0.962069,-0.017153,,,0.000000,,,,0.00,,,
61871,,,,,,,,,,,,,,9.846451,-0.537754,-0.178361,0.082748,-0.013317,0.049694,-2.598633,-2.020508,-0.517090,0.098464,-0.005380,-0.001789,,-0.048990,-0.003801,0.998792,-0.960925,0.272946,-0.046094,-0.272441,-0.962022,-0.017024,,,0.000000,,,,0.00,,,
61872,,,,,,,,,,,,,,9.795376,-0.568987,-0.123203,0.098490,-0.072155,-0.000786,-2.596924,-2.014160,-0.519531,0.097954,-0.005693,-0.001237,99930.0000,-0.049169,-0.003522,0.998784,-0.960801,0.273339,-0.046335,-0.272844,-0.961911,-0.016824,,,0.000000,,,,0.00,,,
61873,,,,,,,,,,,,,,9.792408,-0.543644,-0.176583,0.089483,-0.012816,-0.004027,-2.590332,-2.018555,-0.519287,0.097924,-0.005440,-0.001771,,-0.049098,-0.003405,0.998788,-0.960787,0.273396,-0.046298,-0.272907,-0.961896,-0.016695,,,0.000000,,,,0.00,,,
61874,,,,,,,,,,,,,,9.795939,-0.485144,-0.160557,0.028040,-0.010695,-0.003474,-2.596924,-2.014160,-0.515137,0.097959,-0.004856,-0.001609,99929.0000,-0.049164,-0.003266,0.998785,-0.960783,0.273391,-0.046399,-0.272908,-0.961897,-0.016578,,,0.000000,,,,0.00,,,
61875,,,,,,,,,,,,,,9.760353,-0.464220,-0.148852,0.007444,-0.015471,-0.040183,-2.592529,-2.018555,-0.514893,0.097603,-0.004648,-0.001492,,-0.049051,-0.003210,0.998791,-0.960793,0.273372,-0.046307,-0.272893,-0.961903,-0.016493,,,0.000000,,,,0.00,,,
61876,,,,,,,,,,,,,,9.793067,-0.457931,-0.213801,0.016978,0.049308,-0.006727,-2.594727,-2.014160,-0.519531,0.097930,-0.004588,-0.002139,99931.0000,-0.049090,-0.003183,0.998789,-0.960885,0.273040,-0.046357,-0.272562,-0.961997,-0.016462,,,0.000000,,,,0.00,,,
61877,,,,,,,,,,,,,,9.778126,-0.425179,-0.209739,-0.013239,0.054283,-0.023234,-2.594482,-2.018555,-0.519287,0.097781,-0.004263,-0.002098,,-0.048900,-0.003216,0.998799,-0.960924,0.272935,-0.046167,-0.272458,-0.962027,-0.016437,,,0.000000,,,,0.00,,,
61878,,,,,,,,,,,,,,9.806164,-0.468599,-0.199013,0.024418,0.032453,0.006600,-2.594727,-2.014160,-0.523926,0.098061,-0.004698,-0.001992,99935.0000,-0.048866,-0.003168,0.998800,-0.960952,0.272839,-0.046148,-0.272365,-0.962055,-0.016377,,,0.000000,,,,0.00,,,
61879,,,,,,,,,,,,,,9.806286,-0.466190,-0.198657,0.024127,0.032723,0.006600,-2.598877,-2.018555,-0.521484,0.098062,-0.004674,-0.001989,,-0.048646,-0.003171,0.998811,-0.960979,0.272779,-0.045937,-0.272309,-0.962072,-0.016317,,,0.000000,,,,0.00,,,
61880,,,,,,,,,,,,,,9.847648,-0.441637,-0.212475,0.002158,0.053743,0.047002,-2.596924,-2.014160,-0.519531,0.098476,-0.004430,-0.002127,99935.0000,-0.048644,-0.003049,0.998812,-0.960947,0.272887,-0.045967,-0.272423,-0.962041,-0.016204,,,0.000000,,,,0.00,,,
61881,,,,,,,,,,,,,,9.847791,-0.438750,-0.211830,0.001827,0.054033,0.047001,-2.590332,-2.018555,-0.517090,0.098477,-0.004402,-0.002122,,-0.048365,-0.003023,0.998825,-0.960980,0.272816,-0.045707,-0.272358,-0.962061,-0.016100,,,0.000000,,,,0.00,,,
61882,,,,,,,,,,,,,,9.795012,-0.369178,-0.177647,-0.070762,0.040983,-0.009452,-2.594727,-2.018555,-0.514893,0.097949,-0.003706,-0.001782,99931.0000,-0.048261,-0.002951,0.998830,-0.961048,0.272587,-0.045630,-0.272134,-0.962127,-0.015991,,,0.000000,,,,0.00,,,
61883,,,,,,,,,,,,,,9.774544,-0.377060,-0.169298,-0.061518,0.031487,-0.029653,-2.596924,-2.014160,-0.521729,0.097745,-0.003787,-0.001700,,-0.047937,-0.002876,0.998846,-0.961072,0.272552,-0.045340,-0.272107,-0.962137,-0.015830,,,0.000000,,,,0.00,,,
61884,,,,,,,,,,,,,,9.782381,-0.347968,-0.189637,-0.083654,0.060163,-0.022825,-2.596924,-2.014160,-0.519531,0.097823,-0.003496,-0.001902,99935.0000,-0.047880,-0.002772,0.998849,-0.961093,0.272482,-0.045314,-0.272043,-0.962157,-0.015710,,,0.000000,,,,0.00,,,
61885,,,,,,,,,,,,,,9.784706,-0.360756,-0.206881,-0.063839,0.073741,-0.019634,-2.594727,-2.016357,-0.515137,0.097846,-0.003623,-0.002074,,-0.047587,-0.002714,0.998863,-0.961066,0.272621,-0.045046,-0.272189,-0.962118,-0.015582,,,0.000000,,,,0.00,,,
61886,,,,,,,,,,,,,,9.831284,-0.376179,-0.184077,-0.057013,0.048253,0.027229,-2.592529,-2.016357,-0.521484,0.098312,-0.003779,-0.001845,99939.0000,-0.047541,-0.002648,0.998866,-0.961064,0.272633,-0.045019,-0.272204,-0.962114,-0.015506,,,0.000000,,,,0.00,,,
61887,,,,,,,,,,,,,,9.820707,-0.373938,-0.216154,-0.046970,0.079821,0.017077,-2.588379,-2.016357,-0.517090,0.098206,-0.003756,-0.002164,,-0.047247,-0.002649,0.998880,-0.961020,0.272835,-0.044732,-0.272411,-0.962057,-0.015436,,,0.000000,,,,0.00,,,
61888,,,,,,,,,,,,,,9.854379,-0.374271,-0.207849,-0.048472,0.071624,0.050608,-2.596680,-2.020508,-0.519287,0.098543,-0.003761,-0.002085,99933.0000,-0.047023,-0.002618,0.998890,-0.961044,0.272787,-0.044527,-0.272368,-0.962071,-0.015343,,,0.000000,,,,0.00,,,
61889,,,,,,,,,,,,,,9.844671,-0.380305,-0.166809,-0.049881,0.030845,0.040564,-2.600830,-2.018555,-0.523682,0.098446,-0.003824,-0.001673,,-0.046646,-0.002612,0.998908,-0.961048,0.272831,-0.044164,-0.272418,-0.962058,-0.015236,,,0.000000,,,,0.00,,,
61890,,,,,,,,,,,,,,9.852500,-0.350150,-0.187407,-0.072980,0.059549,0.047364,-2.594482,-2.022705,-0.519287,0.098524,-0.003524,-0.001879,99939.0000,-0.046573,-0.002538,0.998912,-0.961018,0.272944,-0.044113,-0.272535,-0.962027,-0.015150,,,0.000000,,,,0.00,,,
61891,,,,,,,,,,,,,,9.819154,-0.342046,-0.193583,-0.073614,0.068036,0.013818,-2.594727,-2.016357,-0.521484,0.098191,-0.003442,-0.001943,,-0.046179,-0.002494,0.998930,-0.961053,0.272881,-0.043747,-0.272480,-0.962044,-0.014999,,,0.000000,,,,0.00,,,
61892,,,,,,,,,,,,,,9.819324,-0.337848,-0.192322,-0.076431,0.068450,0.013794,-2.596680,-2.020508,-0.519287,0.098192,-0.003399,-0.001929,99936.0000,-0.046029,-0.002462,0.998937,-0.961109,0.272705,-0.043614,-0.272308,-0.962095,-0.014918,,,0.000000,,,,0.00,,,
61893,,,,,,,,,,,,,,9.837798,-0.306915,-0.179834,-0.106932,0.065243,0.030743,-2.594482,-2.022705,-0.519287,0.098377,-0.003087,-0.001805,,-0.045697,-0.002410,0.998952,-0.961168,0.272543,-0.043311,-0.272153,-0.962141,-0.014771,,,0.000000,,,,0.00,,,
61894,,,,,,,,,,,,,,9.811206,-0.347545,-0.240776,-0.049332,0.113700,0.006842,-2.588135,-2.020508,-0.519287,0.098111,-0.003492,-0.002416,99935.0000,-0.045634,-0.002319,0.998956,-0.961226,0.272344,-0.043278,-0.271959,-0.962197,-0.014657,,,0.000000,,,,0.00,,,
61895,,,,,,,,,,,,,,9.819758,-0.327415,-0.188175,-0.080775,0.069417,0.013752,-2.594482,-2.020508,-0.514893,0.098197,-0.003287,-0.001888,,-0.045408,-0.002239,0.998966,-0.961298,0.272122,-0.043086,-0.271744,-0.962260,-0.014509,,,0.000000,,,,0.00,,,
61896,,,,,,,,,,,,,,9.871699,-0.384050,-0.128796,-0.044147,-0.002733,0.067220,-2.594482,-2.022705,-0.519287,0.098716,-0.003852,-0.001296,99939.0000,-0.045353,-0.002192,0.998969,-0.961420,0.271695,-0.043052,-0.271320,-0.962381,-0.014430,,,0.000000,,,,0.00,,,
61897,,,,,,,,,,,,,,9.835201,-0.353700,-0.189295,-0.053714,0.064784,0.030332,-2.596680,-2.022705,-0.514893,0.098352,-0.003545,-0.001898,,-0.045237,-0.002118,0.998974,-0.961477,0.271508,-0.042963,-0.271138,-0.962434,-0.014318,,,0.000000,,,,0.00,,,
61898,,,,,,,,,,,,,,9.796442,-0.390373,-0.192104,-0.016995,0.058512,-0.006778,-2.594482,-2.018555,-0.519287,0.097964,-0.003910,-0.001929,99938.0000,-0.045356,-0.002004,0.998969,-0.961541,0.271257,-0.043113,-0.270891,-0.962505,-0.014230,,,0.000000,,,,0.00,,,
61899,,,,,,,,,,,,,,9.814790,-0.362066,-0.179375,-0.047661,0.055274,0.010145,-2.594482,-2.020508,-0.523682,0.098148,-0.003627,-0.001801,,-0.045278,-0.001883,0.998973,-0.961602,0.271047,-0.043073,-0.270688,-0.962564,-0.014083,,,0.000000,,,,0.00,,,
61900,,,,,,,,,,,,,,9.802656,-0.354829,-0.119699,-0.071002,0.000797,-0.003138,-2.600830,-2.022705,-0.514893,0.098026,-0.003553,-0.001205,99933.0000,-0.045368,-0.001776,0.998969,-0.961613,0.270989,-0.043189,-0.270632,-0.962581,-0.014002,,,0.000000,,,,0.00,,,
61901,,,,,,,,,,,,,,9.792050,-0.355178,-0.151071,-0.061275,0.032340,-0.013278,-2.598877,-2.016357,-0.521729,0.097920,-0.003555,-0.001518,,-0.045340,-0.001643,0.998970,-0.961675,0.270767,-0.043202,-0.270417,-0.962643,-0.013857,,,0.000000,,,,0.00,,,
61902,,,,,,,,,,,,,,9.825617,-0.358179,-0.142159,-0.064032,0.024120,0.020246,-2.588379,-2.018555,-0.517090,0.098256,-0.003585,-0.001430,99940.0000,-0.045523,-0.001511,0.998962,-0.961710,0.270610,-0.043416,-0.270264,-0.962688,-0.013772,,,0.000000,,,,0.00,,,
61903,,,,,,,,,,,,,,9.789834,-0.337906,-0.129608,-0.085114,0.019290,-0.016555,-2.598633,-2.022705,-0.521484,0.097898,-0.003382,-0.001305,,-0.045498,-0.001340,0.998964,-0.961779,0.270359,-0.043442,-0.270021,-0.962759,-0.013590,,,0.000000,,,,0.00,,,
61904,,,,,,,,,,,,,,9.843963,-0.329759,-0.127527,-0.095917,0.020451,0.037135,-2.590088,-2.022705,-0.523438,0.098439,-0.003301,-0.001284,99933.0000,-0.045489,-0.001244,0.998964,-0.961840,0.270138,-0.043462,-0.269804,-0.962821,-0.013485,,,0.000000,,,,0.00,,,
61905,,,,,,,,,,,,,,9.792248,-0.352390,-0.144630,-0.066888,0.032397,-0.013315,-2.596436,-2.022705,-0.523682,0.097922,-0.003528,-0.001453,,-0.045459,-0.001121,0.998966,-0.961911,0.269885,-0.043471,-0.269557,-0.962892,-0.013347,,,0.000000,,,,0.00,,,
61906,,,,,,,,,,,,,,9.802930,-0.350205,-0.110484,-0.078092,0.000712,-0.003192,-2.585938,-2.022705,-0.523438,0.098029,-0.003507,-0.001111,99933.0000,-0.045395,-0.001061,0.998969,-0.961931,0.269820,-0.043425,-0.269496,-0.962910,-0.013269,,,0.000000,,,,0.00,,,
61907,,,,,,,,,,,,,,9.831150,-0.312361,-0.138050,-0.108022,0.038576,0.023724,-2.590088,-2.024658,-0.516846,0.098311,-0.003128,-0.001386,,-0.045367,-0.000966,0.998970,-0.961979,0.269648,-0.043426,-0.269329,-0.962958,-0.013163,,,0.000000,,,,0.00,,,
61908,,,,,,,,,,,,,,9.812955,-0.338673,-0.148273,-0.078036,0.041475,0.006832,-2.590088,-2.022705,-0.521240,0.098129,-0.003390,-0.001487,99929.0000,-0.045270,-0.000958,0.998974,-0.962018,0.269524,-0.043337,-0.269206,-0.962993,-0.013123,,,0.000000,,,,0.00,,,
61909,,,,,,,,,,,,,,9.818271,-0.296182,-0.150618,-0.118506,0.056259,0.010329,-2.594238,-2.024658,-0.523438,0.098183,-0.002965,-0.001512,,-0.045263,-0.000840,0.998975,-0.962029,0.269482,-0.043362,-0.269169,-0.963005,-0.013006,,,0.000000,,,,0.00,,,
61910,,,,,,,,,,,,,,9.833592,-0.326427,-0.153146,-0.088868,0.051097,0.026979,-2.594482,-2.018555,-0.528076,0.098336,-0.003266,-0.001538,99929.0000,-0.045226,-0.000768,0.998976,-0.962020,0.269516,-0.043346,-0.269207,-0.962996,-0.012928,,,0.000000,,,,0.00,,,
61911,,,,,,,,,,,,,,9.838970,-0.366355,-0.115622,-0.060793,0.005592,0.033591,-2.594238,-2.026855,-0.521240,0.098389,-0.003668,-0.001163,,-0.045193,-0.000628,0.998978,-0.962010,0.269551,-0.043352,-0.269248,-0.962986,-0.012786,,,0.000000,,,,0.00,,,
61912,,,,,,,,,,,,,,9.807844,-0.377961,-0.140076,-0.040862,0.026672,0.003314,-2.594482,-2.020508,-0.521484,0.098078,-0.003783,-0.001407,99938.0000,-0.045128,-0.000561,0.998981,-0.961965,0.269717,-0.043304,-0.269418,-0.962939,-0.012712,,,0.000000,,,,0.00,,,
61913,,,,,,,,,,,,,,9.833788,-0.406713,-0.109507,-0.022486,-0.009033,0.030087,-2.590332,-2.018555,-0.521484,0.098338,-0.004070,-0.001104,,-0.045110,-0.000380,0.998982,-0.961945,0.269786,-0.043335,-0.269495,-0.962920,-0.012535,,,0.000000,,,,0.00,,,
61914,,,,,,,,,,,,,,9.839104,-0.364177,-0.111044,-0.062385,0.005002,0.033581,-2.592041,-2.031006,-0.518799,0.098391,-0.003646,-0.001120,99936.0000,-0.045017,-0.000262,0.998986,-0.961960,0.269741,-0.043277,-0.269456,-0.962933,-0.012395,,,0.000000,,,,0.00,,,
61915,,,,,,,,,,,,,,9.812712,-0.407739,-0.171601,-0.002584,0.053301,0.009846,-2.594238,-2.024658,-0.521240,0.098127,-0.004082,-0.001724,,-0.044971,-0.000109,0.998988,-0.961967,0.269714,-0.043276,-0.269437,-0.962940,-0.012234,,,0.000000,,,,0.00,,,
61916,,,,,,,,,,,,,,9.805697,-0.358729,-0.115327,-0.063190,0.012961,0.000035,-2.594238,-2.026855,-0.523438,0.098057,-0.003592,-0.001160,99936.0000,-0.044835,-0.000061,0.998994,-0.962021,0.269543,-0.043159,-0.269269,-0.962988,-0.012144,,,0.000000,,,,0.00,,,
61917,,,,,,,,,,,,,,9.811008,-0.315801,-0.117375,-0.103674,0.027755,0.003517,-2.589844,-2.026855,-0.527832,0.098110,-0.003164,-0.001180,,-0.044767,0.000053,0.998997,-0.962066,0.269386,-0.043127,-0.269118,-0.963032,-0.012009,,,0.000000,,,,0.00,,,
61918,,,,,,,,,,,,,,9.831632,-0.303264,-0.123227,-0.113261,0.037207,0.023670,-2.596436,-2.022705,-0.523682,0.098316,-0.003041,-0.001238,99936.0000,-0.044568,0.000081,0.999006,-0.962118,0.269229,-0.042944,-0.268964,-0.963076,-0.011921,,,0.000000,,,,0.00,,,
61919,,,,,,,,,,,,,,9.821119,-0.303053,-0.155038,-0.103596,0.068755,0.013543,-2.598389,-2.029053,-0.523438,0.098211,-0.003038,-0.001555,,-0.044489,0.000152,0.999010,-0.962170,0.269053,-0.042890,-0.268793,-0.963125,-0.011824,,,0.000000,,,,0.00,,,
61920,,,,,,,,,,,,,,9.811195,-0.311255,-0.113878,-0.104683,0.027240,0.003508,-2.594238,-2.022705,-0.527832,0.098112,-0.003121,-0.001147,99935.0000,-0.044306,0.000211,0.999018,-0.962222,0.268892,-0.042731,-0.268637,-0.963170,-0.011711,,,0.000000,,,,0.00,,,
61921,,,,,,,,,,,,,,9.808301,-0.285356,-0.167224,-0.114354,0.086582,0.000141,-2.592285,-2.022705,-0.521240,0.098083,-0.002860,-0.001676,,-0.044253,0.000271,0.999020,-0.962261,0.268759,-0.042698,-0.268507,-0.963207,-0.011633,,,0.000000,,,,0.00,,,
61922,,,,,,,,,,,,,,9.813693,-0.324477,-0.130075,-0.085580,0.040424,0.006774,-2.594238,-2.026855,-0.523438,0.098137,-0.003252,-0.001306,99942.0000,-0.044106,0.000297,0.999027,-0.962290,0.268677,-0.042564,-0.268428,-0.963230,-0.011564,,,0.000000,,,,0.00,,,
61923,,,,,,,,,,,,,,9.847255,-0.326822,-0.121505,-0.086569,0.032509,0.040305,-2.590088,-2.024658,-0.530029,0.098472,-0.003273,-0.001220,,-0.044070,0.000395,0.999028,-0.962313,0.268592,-0.042557,-0.268348,-0.963254,-0.011457,,,0.000000,,,,0.00,,,
61924,,,,,,,,,,,,,,9.865464,-0.298733,-0.109222,-0.116439,0.028752,0.057175,-2.592041,-2.024658,-0.530029,0.098654,-0.002992,-0.001098,99941.0000,-0.043951,0.000458,0.999034,-0.962317,0.268595,-0.042458,-0.268355,-0.963253,-0.011364,,,0.000000,,,,0.00,,,
61925,,,,,,,,,,,,,,9.826777,-0.336333,-0.112158,-0.077746,0.022702,0.020150,-2.590088,-2.024658,-0.527832,0.098268,-0.003366,-0.001127,,-0.043966,0.000588,0.999033,-0.962323,0.268566,-0.042508,-0.268331,-0.963261,-0.011242,,,0.000000,,,,0.00,,,
61926,,,,,,,,,,,,,,9.832015,-0.294134,-0.114525,-0.117260,0.037048,0.023624,-2.592285,-2.024658,-0.521240,0.098320,-0.002943,-0.001150,99936.0000,-0.043909,0.000654,0.999035,-0.962316,0.268596,-0.042471,-0.268364,-0.963253,-0.011164,,,0.000000,,,,0.00,,,
61927,,,,,,,,,,,,,,9.819085,-0.279295,-0.128151,-0.127819,0.055332,0.010218,-2.589844,-2.029053,-0.520996,0.098191,-0.002793,-0.001287,,-0.043969,0.000780,0.999033,-0.962324,0.268553,-0.042563,-0.268327,-0.963264,-0.011057,,,0.000000,,,,0.00,,,
61928,,,,,,,,,,,,,,9.801354,-0.232277,-0.105227,-0.177730,0.046285,-0.009737,-2.594482,-2.022705,-0.523438,0.098013,-0.002325,-0.001058,99936.0000,-0.043877,0.000816,0.999037,-0.962363,0.268426,-0.042485,-0.268202,-0.963300,-0.010992,,,0.000000,,,,0.00,,,
61929,,,,,,,,,,,,,,9.834879,-0.235507,-0.096339,-0.178725,0.038373,0.023785,-2.594238,-2.022705,-0.527832,0.098349,-0.002356,-0.000972,,-0.043907,0.000998,0.999035,-0.962377,0.268364,-0.042564,-0.268148,-0.963317,-0.010823,,,0.000000,,,,0.00,,,
61930,,,,,,,,,,,,,,9.806216,-0.263811,-0.138960,-0.138303,0.072771,-0.003184,-2.594238,-2.024658,-0.519043,0.098062,-0.002639,-0.001396,99930.0000,-0.043858,0.001071,0.999037,-0.962400,0.268285,-0.042537,-0.268073,-0.963339,-0.010736,,,0.000000,,,,0.00,,,
61931,,,,,,,,,,,,,,9.832012,-0.210494,-0.148282,-0.188493,0.097390,0.020407,-2.594482,-2.022705,-0.523438,0.098320,-0.002107,-0.001489,,-0.043872,0.001196,0.999036,-0.962425,0.268189,-0.042586,-0.267982,-0.963366,-0.010615,,,0.000000,,,,0.00,,,
61932,,,,,,,,,,,,,,9.783297,-0.257892,-0.111361,-0.149761,0.049421,-0.026629,-2.589844,-2.031006,-0.525391,0.097833,-0.002582,-0.001119,99936.0000,-0.043773,0.001226,0.999041,-0.962457,0.268086,-0.042499,-0.267881,-0.963394,-0.010555,,,0.000000,,,,0.00,,,
61933,,,,,,,,,,,,,,9.819610,-0.203030,-0.087967,-0.210558,0.042769,0.007065,-2.590088,-2.026855,-0.525635,0.098196,-0.002032,-0.000884,,-0.043806,0.001340,0.999039,-0.962441,0.268133,-0.042561,-0.267933,-0.963381,-0.010457,,,0.000000,,,,0.00,,,
61934,,,,,,,,,,,,,,9.858330,-0.164340,-0.082863,-0.249516,0.048736,0.044082,-2.588135,-2.022705,-0.523438,0.098583,-0.001646,-0.000834,99936.0000,-0.043665,0.001389,0.999045,-0.962418,0.268238,-0.042437,-0.268040,-0.963352,-0.010376,,,0.000000,,,,0.00,,,
61935,,,,,,,,,,,,,,9.816757,-0.177601,-0.140654,-0.219535,0.101746,0.003702,-2.592285,-2.020508,-0.523682,0.098167,-0.001780,-0.001410,,-0.043662,0.001474,0.999045,-0.962350,0.268476,-0.042455,-0.268282,-0.963285,-0.010304,,,0.000000,,,,0.00,,,
61936,,,,,,,,,,,,,,9.822095,-0.217320,-0.103610,-0.190479,0.055507,0.010354,-2.587891,-2.029053,-0.520996,0.098221,-0.002176,-0.001040,99941.0000,-0.043569,0.001497,0.999049,-0.962253,0.268839,-0.042367,-0.268647,-0.963184,-0.010273,,,0.000000,,,,0.00,,,
61937,,,,,,,,,,,,,,9.812062,-0.226542,-0.062878,-0.192306,0.014716,0.000296,-2.596191,-2.026855,-0.527832,0.098121,-0.002267,-0.000633,,-0.043599,0.001611,0.999048,-0.962134,0.269254,-0.042423,-0.269066,-0.963068,-0.010189,,,0.000000,,,,0.00,,,
61938,,,,,,,,,,,,,,9.819378,-0.273955,-0.116712,-0.130927,0.053907,0.010185,-2.590088,-2.022705,-0.523438,0.098194,-0.002744,-0.001172,99939.0000,-0.043410,0.001626,0.999056,-0.962056,0.269562,-0.042242,-0.269377,-0.962982,-0.010137,,,0.000000,,,,0.00,,,
61939,,,,,,,,,,,,,,9.819414,-0.273101,-0.115674,-0.131852,0.054178,0.010171,-2.590088,-2.026855,-0.525635,0.098194,-0.002735,-0.001162,,-0.043402,0.001756,0.999056,-0.961930,0.270007,-0.042264,-0.269826,-0.962857,-0.010029,,,0.000000,,,,0.00,,,
61940,,,,,,,,,,,,,,9.808949,-0.273701,-0.147530,-0.120798,0.084797,0.000079,-2.588135,-2.022705,-0.523438,0.098089,-0.002741,-0.001480,99937.0000,-0.043263,0.001769,0.999062,-0.961848,0.270322,-0.042130,-0.270143,-0.962768,-0.009994,,,0.000000,,,,0.00,,,
61941,,,,,,,,,,,,,,9.808983,-0.273046,-0.146495,-0.121720,0.085063,0.000065,-2.590088,-2.026855,-0.523438,0.098090,-0.002733,-0.001471,,-0.043268,0.001904,0.999062,-0.961760,0.270629,-0.042169,-0.270455,-0.962682,-0.009879,,,0.000000,,,,0.00,,,
61942,,,,,,,,,,,,,,9.798946,-0.282150,-0.105570,-0.122158,0.043153,-0.009967,-2.594238,-2.026855,-0.521240,0.097989,-0.002826,-0.001060,99938.0000,-0.043113,0.001892,0.999068,-0.961702,0.270860,-0.042014,-0.270687,-0.962617,-0.009858,,,0.000000,,,,0.00,,,
61943,,,,,,,,,,,,,,9.819538,-0.270353,-0.111547,-0.132787,0.053208,0.010163,-2.587646,-2.029053,-0.529785,0.098195,-0.002706,-0.001121,,-0.043133,0.002025,0.999067,-0.961614,0.271161,-0.042065,-0.270993,-0.962532,-0.009749,,,0.000000,,,,0.00,,,
61944,,,,,,,,,,,,,,9.832493,-0.284613,-0.096000,-0.122395,0.034272,0.023571,-2.598389,-2.029053,-0.523438,0.098325,-0.002848,-0.000964,99936.0000,-0.042991,0.002002,0.999073,-0.961562,0.271370,-0.041921,-0.271203,-0.962473,-0.009741,,,0.000000,,,,0.00,,,
61945,,,,,,,,,,,,,,9.876088,-0.277915,-0.127585,-0.122511,0.067383,0.067144,-2.592041,-2.026855,-0.536377,0.098761,-0.002781,-0.001279,,-0.043038,0.002086,0.999071,-0.961454,0.271742,-0.041984,-0.271577,-0.962368,-0.009690,,,0.000000,,,,0.00,,,
61946,,,,,,,,,,,,,,9.824501,-0.301315,-0.145706,-0.091767,0.078168,0.016774,-2.590088,-2.024658,-0.525635,0.098245,-0.003013,-0.001462,99936.0000,-0.042936,0.002099,0.999076,-0.961393,0.271971,-0.041888,-0.271807,-0.962303,-0.009660,,,0.000000,,,,0.00,,,
61947,,,,,,,,,,,,,,9.847918,-0.314736,-0.097223,-0.093648,0.029139,0.040251,-2.587646,-2.031006,-0.523193,0.098479,-0.003148,-0.000978,,-0.042995,0.002241,0.999073,-0.961279,0.272360,-0.041979,-0.272202,-0.962193,-0.009556,,,0.000000,,,,0.00,,,
61948,,,,,,,,,,,,,,9.773310,-0.333422,-0.089909,-0.073366,0.016525,-0.033567,-2.594238,-2.022705,-0.527832,0.097733,-0.003335,-0.000903,99935.0000,-0.042881,0.002201,0.999078,-0.961240,0.272518,-0.041857,-0.272358,-0.962148,-0.009570,,,0.000000,,,,0.00,,,
61949,,,,,,,,,,,,,,9.780692,-0.381379,-0.144209,-0.013608,0.056580,-0.023674,-2.585938,-2.024658,-0.521240,0.097807,-0.003812,-0.001444,,-0.042990,0.002285,0.999073,-0.961149,0.272819,-0.041982,-0.272662,-0.962063,-0.009532,,,0.000000,,,,0.00,,,
61950,,,,,,,,,,,,,,9.814180,-0.385184,-0.136125,-0.013467,0.047082,0.009869,-2.592285,-2.022705,-0.530029,0.098142,-0.003851,-0.001364,99935.0000,-0.042973,0.002220,0.999074,-0.961098,0.273006,-0.041946,-0.272846,-0.962010,-0.009598,,,0.000000,,,,0.00,,,
61951,,,,,,,,,,,,,,9.811718,-0.369442,-0.117285,-0.034596,0.034018,0.006564,-2.596436,-2.022705,-0.521484,0.098117,-0.003693,-0.001175,,-0.043072,0.002301,0.999069,-0.961054,0.273141,-0.042062,-0.272984,-0.961971,-0.009553,,,0.000000,,,,0.00,,,
61952,,,,,,,,,,,,,,9.852852,-0.347258,-0.130731,-0.054006,0.052181,0.046863,-2.592285,-2.022705,-0.525635,0.098529,-0.003472,-0.001310,99935.0000,-0.043066,0.002202,0.999070,-0.961056,0.273140,-0.042030,-0.272978,-0.961972,-0.009647,,,0.000000,,,,0.00,,,
61953,,,,,,,,,,,,,,9.837479,-0.316487,-0.126354,-0.084771,0.057104,0.030161,-2.587891,-2.026855,-0.527588,0.098375,-0.003166,-0.001267,,-0.043111,0.002295,0.999068,-0.961024,0.273242,-0.042097,-0.273084,-0.961943,-0.009575,,,0.000000,,,,0.00,,,
