// Start Time: Unknown
// Update Rate: 100.0Hz
// Filter Profile: human (46.1)
// Firmware Version: 4.6.0
PacketCounter,SampleTimeFine,Year,Month,Day,Second,UTC_Nano,UTC_Year,UTC_Month,UTC_Day,UTC_Hour,UTC_Minute,UTC_Second,UTC_Valid,Acc_X,Acc_Y,Acc_Z,FreeAcc_X,FreeAcc_Y,FreeAcc_Z,Mag_X,Mag_Y,Mag_Z,VelInc_X,VelInc_Y,VelInc_Z,Pressure,Mat[1][1],Mat[2][1],Mat[3][1],Mat[1][2],Mat[2][2],Mat[3][2],Mat[1][3],Mat[2][3],Mat[3][3],Latitude,Longitude,Altitude,Vel_X,Vel_Y,Vel_Z,Temperature,GyrTemp_X,GyrTemp_Y,GyrTemp_Z
18295,,,,,,,,,,,,,,9.556442,-1.252656,1.959601,-0.000000,0.000000,0.022696,-0.975830,0.185547,0.443359,0.095565,-0.012511,0.019604,,-0.187969,-0.143442,0.971644,0.095858,-0.987234,-0.127200,0.977486,0.069230,0.199319,,,0.000000,,,,0.00,,,
18296,,,,,,,,,,,,,,9.559133,-1.240345,1.939143,-0.031082,0.016305,0.019633,-0.979980,0.183350,0.441162,0.095591,-0.012390,0.019400,99873.0000,-0.187733,-0.142304,0.971857,0.104378,-0.986737,-0.124320,0.976658,0.078101,0.200096,,,0.000000,,,,0.00,,,
18297,,,,,,,,,,,,,,9.540507,-1.276731,1.907407,-0.060402,0.049892,-0.000278,-0.978027,0.189697,0.445557,0.095405,-0.012754,0.019083,,-0.187527,-0.142546,0.971861,0.104348,-0.986706,-0.124589,0.976701,0.078048,0.199908,,,0.000000,,,,0.00,,,
18298,,,,,,,,,,,,,,9.560192,-1.303385,1.920456,-0.052024,0.072133,0.024808,-0.976074,0.191895,0.445557,0.095602,-0.013022,0.019214,99877.0000,-0.187307,-0.142768,0.971871,0.104379,-0.986673,-0.124826,0.976740,0.078062,0.199713,,,0.000000,,,,0.00,,,
18299,,,,,,,,,,,,,,9.579956,-1.329743,1.933278,-0.043639,0.094325,0.049895,-0.984375,0.187500,0.447754,0.095799,-0.013287,0.019344,,-0.187047,-0.142963,0.971892,0.104444,-0.986640,-0.125032,0.976783,0.078121,0.199480,,,0.000000,,,,0.00,,,
18300,,,,,,,,,,,,,,9.576275,-1.318105,1.878393,-0.092964,0.077241,0.033946,-0.982422,0.193848,0.447754,0.095762,-0.013171,0.018794,99877.0000,-0.186803,-0.143171,0.971909,0.104562,-0.986601,-0.125239,0.976817,0.078229,0.199270,,,0.000000,,,,0.00,,,
18301,,,,,,,,,,,,,,9.596073,-1.344028,1.891264,-0.084579,0.099432,0.059033,-0.975830,0.187500,0.449951,0.095960,-0.013433,0.018923,,-0.186547,-0.143344,0.971932,0.104773,-0.986559,-0.125392,0.976843,0.078441,0.199059,,,0.000000,,,,0.00,,,
18302,,,,,,,,,,,,,,9.593493,-1.360672,1.908291,-0.067136,0.116237,0.062032,-0.980225,0.191895,0.445557,0.095934,-0.013600,0.019091,99881.0000,-0.186333,-0.143504,0.971950,0.104968,-0.986521,-0.125531,0.976863,0.078633,0.198885,,,0.000000,,,,0.00,,,
18303,,,,,,,,,,,,,,9.583327,-1.320756,1.906983,-0.060861,0.077252,0.046900,-0.980225,0.191895,0.447754,0.095833,-0.013203,0.019075,,-0.186169,-0.143639,0.971962,0.105248,-0.986479,-0.125625,0.976864,0.078909,0.198769,,,0.000000,,,,0.00,,,
18304,,,,,,,,,,,,,,9.589978,-1.320153,1.939945,-0.028685,0.077152,0.059855,-0.978271,0.193848,0.447754,0.095900,-0.013196,0.019403,99876.0000,-0.186025,-0.143825,0.971961,0.105577,-0.986427,-0.125759,0.976856,0.079222,0.198685,,,0.000000,,,,0.00,,,
18305,,,,,,,,,,,,,,9.583368,-1.322431,1.905616,-0.060690,0.077028,0.046903,-0.978027,0.187500,0.454590,0.095834,-0.013223,0.019058,,-0.185931,-0.143917,0.971966,0.105979,-0.986381,-0.125778,0.976831,0.079622,0.198651,,,0.000000,,,,0.00,,,
18306,,,,,,,,,,,,,,9.577034,-1.295124,1.957997,-0.004831,0.054751,0.047721,-0.984375,0.187500,0.447754,0.095770,-0.012951,0.019582,99877.0000,-0.185790,-0.144042,0.971974,0.106459,-0.986324,-0.125820,0.976805,0.080100,0.198583,,,0.000000,,,,0.00,,,
18307,,,,,,,,,,,,,,9.538768,-1.304544,1.912744,-0.042537,0.066150,0.002726,-0.982422,0.193848,0.456543,0.095387,-0.013047,0.019129,,-0.185673,-0.144099,0.971988,0.107000,-0.986271,-0.125777,0.976768,0.080650,0.198543,,,0.000000,,,,0.00,,,
18308,,,,,,,,,,,,,,9.513761,-1.310580,1.935184,-0.015964,0.077364,-0.016363,-0.976074,0.191895,0.449951,0.095137,-0.013106,0.019354,99880.0000,-0.185520,-0.144230,0.971998,0.107525,-0.986209,-0.125816,0.976740,0.081173,0.198470,,,0.000000,,,,0.00,,,
18309,,,,,,,,,,,,,,9.511096,-1.325945,1.953593,0.001381,0.094282,-0.013366,-0.982422,0.191895,0.449951,0.095111,-0.013257,0.019539,,-0.185376,-0.144365,0.972005,0.108057,-0.986146,-0.125858,0.976708,0.081701,0.198408,,,0.000000,,,,0.00,,,
18310,,,,,,,,,,,,,,9.536301,-1.320076,1.930048,-0.024645,0.082037,0.005733,-0.984619,0.191895,0.452148,0.095362,-0.013199,0.019305,99876.0000,-0.185177,-0.144554,0.972015,0.108603,-0.986073,-0.125955,0.976686,0.082240,0.198297,,,0.000000,,,,0.00,,,
18311,,,,,,,,,,,,,,9.536436,-1.320714,1.928946,-0.024645,0.082037,0.005733,-0.980225,0.191895,0.458984,0.095364,-0.013202,0.019296,,-0.184946,-0.144732,0.972033,0.109129,-0.986003,-0.126049,0.976671,0.082765,0.198151,,,0.000000,,,,0.00,,,
18312,,,,,,,,,,,,,,9.531849,-1.250397,1.889462,-0.052736,0.008453,-0.015399,-0.975830,0.189697,0.449951,0.095318,-0.012498,0.018903,99875.0000,-0.184651,-0.145013,0.972047,0.109692,-0.985916,-0.126245,0.976664,0.083314,0.197957,,,0.000000,,,,0.00,,,
18313,,,,,,,,,,,,,,9.541473,-1.234774,1.902381,-0.038074,-0.008343,-0.005450,-0.978271,0.193848,0.458740,0.095413,-0.012341,0.019035,,-0.184335,-0.145220,0.972076,0.110159,-0.985845,-0.126388,0.976671,0.083785,0.197723,,,0.000000,,,,0.00,,,
18314,,,,,,,,,,,,,,9.560574,-1.202351,1.929820,-0.008324,-0.042677,0.014445,-0.984619,0.193848,0.460938,0.095604,-0.012017,0.019310,99881.0000,-0.183978,-0.145494,0.972103,0.110594,-0.985768,-0.126608,0.976689,0.084215,0.197451,,,0.000000,,,,0.00,,,
18315,,,,,,,,,,,,,,9.554620,-1.176216,1.980010,0.047302,-0.064619,0.015246,-0.976074,0.191895,0.458984,0.095545,-0.011754,0.019813,,-0.183640,-0.145723,0.972132,0.111031,-0.985697,-0.126783,0.976703,0.084654,0.197193,,,0.000000,,,,0.00,,,
18316,,,,,,,,,,,,,,9.551013,-1.164591,1.924486,-0.001685,-0.082229,-0.000705,-0.980225,0.191895,0.461182,0.095508,-0.011637,0.019259,99881.0000,-0.183232,-0.146004,0.972167,0.111446,-0.985620,-0.127020,0.976732,0.085070,0.196868,,,0.000000,,,,0.00,,,
18317,,,,,,,,,,,,,,9.551392,-1.166420,1.921496,-0.001685,-0.082229,-0.000705,-0.986816,0.193848,0.456543,0.095512,-0.011655,0.019230,,-0.182845,-0.146243,0.972204,0.111845,-0.985549,-0.127216,0.976759,0.085475,0.196559,,,0.000000,,,,0.00,,,
18318,,,,,,,,,,,,,,9.546308,-1.198519,1.956468,0.033355,-0.048712,0.005292,-0.986816,0.191895,0.458740,0.095461,-0.011976,0.019579,99877.0000,-0.182448,-0.146494,0.972241,0.112188,-0.985482,-0.127437,0.976794,0.085823,0.196234,,,0.000000,,,,0.00,,,
18319,,,,,,,,,,,,,,9.536498,-1.159563,1.953295,0.039627,-0.087690,-0.009857,-0.978271,0.191895,0.456543,0.095363,-0.011584,0.019548,,-0.182077,-0.146751,0.972272,0.112441,-0.985421,-0.127679,0.976834,0.086076,0.195923,,,0.000000,,,,0.00,,,
18320,,,,,,,,,,,,,,9.517899,-1.195988,1.920464,0.010512,-0.054180,-0.029747,-0.984619,0.193848,0.460938,0.095177,-0.011946,0.019221,99874.0000,-0.181675,-0.147028,0.972305,0.112563,-0.985369,-0.127971,0.976895,0.086196,0.195567,,,0.000000,,,,0.00,,,
18321,,,,,,,,,,,,,,9.533826,-1.209443,1.879304,-0.030451,-0.049035,-0.020596,-0.982422,0.189697,0.461182,0.095336,-0.012082,0.018810,,-0.181282,-0.147262,0.972343,0.112674,-0.985324,-0.128221,0.976955,0.086314,0.195214,,,0.000000,,,,0.00,,,
18322,,,,,,,,,,,,,,9.546385,-1.180035,1.871658,-0.032878,-0.082665,-0.013650,-0.982666,0.196045,0.463135,0.095462,-0.011786,0.018734,99877.0000,-0.180873,-0.147502,0.972383,0.112681,-0.985287,-0.128500,0.977030,0.086327,0.194833,,,0.000000,,,,0.00,,,
18323,,,,,,,,,,,,,,9.581906,-1.217565,1.845376,-0.065448,-0.055338,0.020595,-0.986816,0.196045,0.465332,0.095817,-0.012164,0.018471,,-0.180494,-0.147700,0.972423,0.112697,-0.985255,-0.128731,0.977098,0.086354,0.194478,,,0.000000,,,,0.00,,,
18324,,,,,,,,,,,,,,9.608703,-1.242147,1.890646,-0.024614,-0.032770,0.058633,-0.982422,0.191895,0.461182,0.096085,-0.012410,0.018924,99877.0000,-0.180074,-0.147859,0.972477,0.112656,-0.985233,-0.128938,0.977181,0.086337,0.194072,,,0.000000,,,,0.00,,,
18325,,,,,,,,,,,,,,9.611899,-1.228931,1.867931,-0.041959,-0.049687,0.055636,-0.982422,0.193848,0.458740,0.096116,-0.012282,0.018699,,-0.179668,-0.147971,0.972535,0.112637,-0.985215,-0.129091,0.977258,0.086350,0.193679,,,0.000000,,,,0.00,,,
18326,,,,,,,,,,,,,,9.622507,-1.271501,1.864430,-0.047803,-0.010278,0.070787,-0.984863,0.198242,0.463135,0.096223,-0.012708,0.018662,99877.0000,-0.179271,-0.148034,0.972598,0.112568,-0.985208,-0.129205,0.977338,0.086321,0.193283,,,0.000000,,,,0.00,,,
18327,,,,,,,,,,,,,,9.585729,-1.310910,1.888331,-0.018823,0.035088,0.044741,-0.980469,0.198242,0.463135,0.095855,-0.013103,0.018899,,-0.178954,-0.148107,0.972646,0.112473,-0.985203,-0.129326,0.977407,0.086253,0.192964,,,0.000000,,,,0.00,,,
18328,,,,,,,,,,,,,,9.566513,-1.287912,1.870523,-0.026653,0.013175,0.019651,-0.984619,0.193848,0.463379,0.095663,-0.012873,0.018718,99883.0000,-0.178635,-0.148161,0.972696,0.112419,-0.985197,-0.129420,0.977472,0.086231,0.192646,,,0.000000,,,,0.00,,,
18329,,,,,,,,,,,,,,9.544531,-1.280099,1.872035,-0.017703,0.007908,-0.002445,-0.982422,0.189697,0.463379,0.095444,-0.012794,0.018733,,-0.178388,-0.148249,0.972728,0.112279,-0.985194,-0.129558,0.977533,0.086105,0.192392,,,0.000000,,,,0.00,,,
18330,,,,,,,,,,,,,,9.560292,-1.292309,1.831659,-0.058073,0.013433,0.006715,-0.980469,0.198242,0.467529,0.095601,-0.012916,0.018329,99880.0000,-0.178066,-0.148309,0.972778,0.112189,-0.985191,-0.129665,0.977602,0.086046,0.192067,,,0.000000,,,,0.00,,,
18331,,,,,,,,,,,,,,9.589273,-1.242999,1.873430,-0.014079,-0.036955,0.036545,-0.984863,0.196045,0.465576,0.095891,-0.012423,0.018748,,-0.177796,-0.148408,0.972812,0.112074,-0.985184,-0.129812,0.977665,0.085947,0.191794,,,0.000000,,,,0.00,,,
18332,,,,,,,,,,,,,,9.577359,-1.276402,1.875006,-0.010629,-0.003002,0.029596,-0.982422,0.193848,0.460938,0.095772,-0.012757,0.018763,99880.0000,-0.177474,-0.148465,0.972862,0.111897,-0.985188,-0.129933,0.977743,0.085801,0.191458,,,0.000000,,,,0.00,,,
18333,,,,,,,,,,,,,,9.552137,-1.225975,1.910465,0.036599,-0.047130,0.005288,-0.984619,0.191895,0.465576,0.095520,-0.012252,0.019115,,-0.177272,-0.148586,0.972881,0.111763,-0.985182,-0.130100,0.977795,0.085669,0.191252,,,0.000000,,,,0.00,,,
18334,,,,,,,,,,,,,,9.550145,-1.300629,1.912708,0.033519,0.026031,0.013479,-0.978271,0.193848,0.465576,0.095500,-0.012999,0.019137,99879.0000,-0.177015,-0.148649,0.972918,0.111638,-0.985181,-0.130211,0.977856,0.085565,0.190987,,,0.000000,,,,0.00,,,
18335,,,,,,,,,,,,,,9.520693,-1.237068,1.895482,0.031383,-0.035134,-0.026750,-0.980469,0.193848,0.489990,0.095206,-0.012361,0.018967,,-0.176778,-0.148789,0.972940,0.111483,-0.985173,-0.130404,0.977917,0.085413,0.190744,,,0.000000,,,,0.00,,,
18336,,,,,,,,,,,,,,9.539008,-1.234759,1.836050,-0.025864,-0.046543,-0.020571,-0.982666,0.196045,0.463135,0.095389,-0.012337,0.018375,99877.0000,-0.176373,-0.148925,0.972992,0.111414,-0.985156,-0.130591,0.977998,0.085372,0.190347,,,0.000000,,,,0.00,,,
18337,,,,,,,,,,,,,,9.492016,-1.233924,1.860376,0.009386,-0.040161,-0.061778,-0.986816,0.193848,0.463379,0.094919,-0.012328,0.018618,,-0.176053,-0.149134,0.973018,0.111428,-0.985123,-0.130828,0.978054,0.085389,0.190052,,,0.000000,,,,0.00,,,
18338,,,,,,,,,,,,,,9.495387,-1.279465,1.823415,-0.028697,-0.000765,-0.059564,-0.980225,0.189697,0.465576,0.094952,-0.012779,0.018252,99879.0000,-0.175625,-0.149364,0.973060,0.111457,-0.985085,-0.131093,0.978127,0.085431,0.189653,,,0.000000,,,,0.00,,,
18339,,,,,,,,,,,,,,9.490367,-1.313130,1.857334,0.006006,0.033073,-0.053592,-0.988770,0.191895,0.458740,0.094902,-0.013113,0.018595,,-0.175135,-0.149701,0.973097,0.111463,-0.985033,-0.131476,0.978215,0.085438,0.189199,,,0.000000,,,,0.00,,,
18340,,,,,,,,,,,,,,9.508789,-1.312729,1.795419,-0.052240,0.022006,-0.047410,-0.984375,0.189697,0.465576,0.095085,-0.013107,0.017983,99878.0000,-0.174505,-0.149989,0.973166,0.111500,-0.984983,-0.131817,0.978323,0.085505,0.188608,,,0.000000,,,,0.00,,,
18341,,,,,,,,,,,,,,9.523281,-1.313573,1.857030,0.011787,0.022263,-0.021554,-0.980469,0.196045,0.465576,0.095230,-0.013113,0.018601,,-0.173817,-0.150411,0.973224,0.111572,-0.984912,-0.132291,0.978437,0.085590,0.187976,,,0.000000,,,,0.00,,,
18342,,,,,,,,,,,,,,9.568391,-1.336801,1.842177,-0.005848,0.033297,0.022638,-0.982910,0.200195,0.465332,0.095681,-0.013341,0.018456,99877.0000,-0.173022,-0.150850,0.973297,0.111660,-0.984835,-0.132788,0.978568,0.085703,0.187242,,,0.000000,,,,0.00,,,
18343,,,,,,,,,,,,,,9.553994,-1.389186,1.858498,0.014173,0.083941,0.018660,-0.982910,0.200195,0.467529,0.095537,-0.013866,0.018619,,-0.172276,-0.151312,0.973358,0.111680,-0.984761,-0.133319,0.978697,0.085737,0.186549,,,0.000000,,,,0.00,,,
18344,,,,,,,,,,,,,,9.576606,-1.345914,1.861992,0.026299,0.033361,0.035565,-0.978516,0.198242,0.465332,0.095763,-0.013430,0.018656,99877.0000,-0.171451,-0.151855,0.973419,0.111762,-0.984669,-0.133925,0.978833,0.085830,0.185794,,,0.000000,,,,0.00,,,
18345,,,,,,,,,,,,,,9.564834,-1.383645,1.858987,0.028965,0.067082,0.028604,-0.978516,0.198242,0.469971,0.095645,-0.013808,0.018626,,-0.170656,-0.152371,0.973478,0.111855,-0.984580,-0.134500,0.978961,0.085936,0.185068,,,0.000000,,,,0.00,,,
18346,,,,,,,,,,,,,,9.573415,-1.401697,1.780229,-0.043977,0.071970,0.024849,-0.974365,0.202393,0.469727,0.095731,-0.013991,0.017837,99883.0000,-0.169870,-0.152870,0.973537,0.112004,-0.984488,-0.135046,0.979081,0.086100,0.184358,,,0.000000,,,,0.00,,,
18347,,,,,,,,,,,,,,9.531331,-1.359044,1.868197,0.061529,0.039615,-0.005646,-0.980957,0.204590,0.474121,0.095310,-0.013565,0.018717,,-0.169101,-0.153331,0.973599,0.112104,-0.984406,-0.135562,0.979203,0.086221,0.183653,,,0.000000,,,,0.00,,,
18348,,,,,,,,,,,,,,9.554169,-1.315216,1.871761,0.073768,-0.011478,0.011255,-0.982910,0.200195,0.474365,0.095538,-0.013128,0.018752,99885.0000,-0.168303,-0.153831,0.973658,0.112224,-0.984316,-0.136116,0.979326,0.086359,0.182927,,,0.000000,,,,0.00,,,
18349,,,,,,,,,,,,,,9.616278,-1.261701,1.919672,0.123482,-0.073382,0.073120,-0.980713,0.202393,0.474121,0.096159,-0.012595,0.019230,,-0.167571,-0.154230,0.973721,0.112377,-0.984238,-0.136556,0.979434,0.086541,0.182261,,,0.000000,,,,0.00,,,
18350,,,,,,,,,,,,,,9.649015,-1.316040,1.908912,0.108213,-0.029188,0.110358,-0.982910,0.200195,0.480957,0.096486,-0.013142,0.019121,99877.0000,-0.166880,-0.154559,0.973788,0.112491,-0.984173,-0.136929,0.979539,0.086691,0.181625,,,0.000000,,,,0.00,,,
18351,,,,,,,,,,,,,,9.642539,-1.321147,1.868996,0.076177,-0.029310,0.097432,-0.980713,0.202393,0.478760,0.096422,-0.013196,0.018720,,-0.166253,-0.154804,0.973856,0.112421,-0.984137,-0.137247,0.979654,0.086664,0.181019,,,0.000000,,,,0.00,,,
18352,,,,,,,,,,,,,,9.650591,-1.322190,1.896655,0.108280,-0.029059,0.110358,-0.978760,0.204590,0.483154,0.096502,-0.013210,0.018997,99884.0000,-0.165628,-0.154940,0.973941,0.112264,-0.984124,-0.137468,0.979778,0.086570,0.180393,,,0.000000,,,,0.00,,,
18353,,,,,,,,,,,,,,9.626654,-1.330265,1.914209,0.134556,-0.017408,0.091244,-0.982910,0.202393,0.489746,0.096263,-0.013292,0.019169,,-0.165064,-0.155087,0.974013,0.112225,-0.984099,-0.137674,0.979877,0.086583,0.179844,,,0.000000,,,,0.00,,,
18354,,,,,,,,,,,,,,9.575660,-1.373111,1.869232,0.099833,0.027749,0.039317,-0.982910,0.202393,0.487549,0.095753,-0.013725,0.018717,99877.0000,-0.164521,-0.155155,0.974094,0.112161,-0.984088,-0.137803,0.979976,0.086584,0.179305,,,0.000000,,,,0.00,,,
18355,,,,,,,,,,,,,,9.593301,-1.413600,1.899025,0.125595,0.066860,0.067380,-0.982910,0.204590,0.491943,0.095931,-0.014132,0.019004,,-0.164248,-0.155185,0.974136,0.112043,-0.984091,-0.137880,0.980035,0.086499,0.179022,,,0.000000,,,,0.00,,,
18356,,,,,,,,,,,,,,9.657570,-1.456927,1.903039,0.116333,0.099601,0.136654,-0.981201,0.210693,0.482910,0.096575,-0.014568,0.019036,99877.0000,-0.164165,-0.155142,0.974156,0.111735,-0.984123,-0.137900,0.980084,0.086209,0.178893,,,0.000000,,,,0.00,,,
18357,,,,,,,,,,,,,,9.721960,-1.383828,1.937933,0.148746,0.020783,0.195535,-0.981201,0.210693,0.485107,0.097219,-0.013840,0.019380,,-0.164220,-0.155041,0.974163,0.111333,-0.984174,-0.137866,0.980121,0.085817,0.178882,,,0.000000,,,,0.00,,,
18358,,,,,,,,,,,,,,9.668085,-1.265495,1.961710,0.193099,-0.085453,0.131007,-0.982910,0.202393,0.489746,0.096680,-0.012661,0.019615,99877.0000,-0.164397,-0.154949,0.974148,0.111008,-0.984217,-0.137817,0.980128,0.085481,0.179002,,,0.000000,,,,0.00,,,
18359,,,,,,,,,,,,,,9.567505,-1.214982,1.892921,0.147526,-0.123706,0.013778,-0.982910,0.202393,0.487549,0.095673,-0.012161,0.018930,,-0.164430,-0.154685,0.974184,0.110807,-0.984273,-0.137584,0.980145,0.085324,0.178984,,,0.000000,,,,0.00,,,
18360,,,,,,,,,,,,,,9.503505,-1.285789,1.857747,0.114456,-0.044711,-0.045089,-0.985107,0.202393,0.491943,0.095034,-0.012869,0.018573,99874.0000,-0.164651,-0.154399,0.974192,0.110535,-0.984339,-0.137326,0.980139,0.085072,0.179139,,,0.000000,,,,0.00,,,
18361,,,,,,,,,,,,,,9.424656,-1.345341,1.860960,0.123089,0.028960,-0.113138,-0.985107,0.204590,0.494141,0.094245,-0.013469,0.018607,,-0.164798,-0.154017,0.974228,0.110127,-0.984430,-0.137001,0.980160,0.084711,0.179193,,,0.000000,,,,0.00,,,
18362,,,,,,,,,,,,,,9.390327,-1.365458,1.870089,0.134086,0.057466,-0.142182,-0.987305,0.206543,0.491943,0.093902,-0.013665,0.018698,99875.0000,-0.165007,-0.153711,0.974241,0.109656,-0.984516,-0.136760,0.980178,0.084266,0.179307,,,0.000000,,,,0.00,,,
18363,,,,,,,,,,,,,,9.412893,-1.314504,1.880615,0.146147,0.006949,-0.125284,-0.985107,0.202393,0.491943,0.094127,-0.013157,0.018809,,-0.165043,-0.153387,0.974286,0.109184,-0.984603,-0.136515,0.980224,0.083845,0.179249,,,0.000000,,,,0.00,,,
18364,,,,,,,,,,,,,,9.465126,-1.271115,1.919496,0.180033,-0.038336,-0.073338,-0.987305,0.206543,0.494141,0.094648,-0.012722,0.019203,99873.0000,-0.165088,-0.153091,0.974325,0.108751,-0.984681,-0.136292,0.980265,0.083459,0.179208,,,0.000000,,,,0.00,,,
18365,,,,,,,,,,,,,,9.482868,-1.308586,1.951340,0.205871,0.000755,-0.045265,-0.989502,0.206543,0.496338,0.094825,-0.013096,0.019523,,-0.164981,-0.152784,0.974391,0.108256,-0.984765,-0.136081,0.980338,0.083032,0.179007,,,0.000000,,,,0.00,,,
18366,,,,,,,,,,,,,,9.488660,-1.334131,1.896254,0.148713,0.022451,-0.046023,-0.987305,0.206543,0.500732,0.094883,-0.013351,0.018976,99874.0000,-0.164945,-0.152511,0.974440,0.107856,-0.984837,-0.135881,0.980388,0.082687,0.178893,,,0.000000,,,,0.00,,,
18367,,,,,,,,,,,,,,9.516656,-1.369036,1.836536,0.084242,0.049640,-0.024720,-0.989502,0.204346,0.503174,0.095163,-0.013698,0.018377,,-0.164782,-0.152259,0.974507,0.107398,-0.984908,-0.135724,0.980465,0.082296,0.178647,,,0.000000,,,,0.00,,,
18368,,,,,,,,,,,,,,9.551934,-1.344484,1.825497,0.071074,0.021024,0.004340,-0.989746,0.210693,0.500732,0.095515,-0.013454,0.018268,99886.0000,-0.164756,-0.151973,0.974556,0.106919,-0.984988,-0.135525,0.980522,0.081870,0.178531,,,0.000000,,,,0.00,,,
18369,,,,,,,,,,,,,,9.572501,-1.265412,1.761917,0.016477,-0.063467,0.002306,-0.991455,0.204346,0.505371,0.095722,-0.012659,0.017632,,-0.164562,-0.151763,0.974622,0.106365,-0.985061,-0.135429,0.980615,0.081379,0.178246,,,0.000000,,,,0.00,,,
18370,,,,,,,,,,,,,,9.568206,-1.236754,1.811657,0.070315,-0.085524,0.003115,-0.995850,0.206543,0.500732,0.095678,-0.012375,0.018135,99879.0000,-0.164446,-0.151508,0.974681,0.105900,-0.985134,-0.135266,0.980685,0.080975,0.178046,,,0.000000,,,,0.00,,,
18371,,,,,,,,,,,,,,9.532223,-1.273167,1.834830,0.099425,-0.040188,-0.022931,-0.995850,0.204346,0.505371,0.095316,-0.012741,0.018373,,-0.164020,-0.151194,0.974801,0.105400,-0.985214,-0.135075,0.980810,0.080589,0.177531,,,0.000000,,,,0.00,,,
18372,,,,,,,,,,,,,,9.619880,-1.322610,1.830777,0.079028,-0.002097,0.068451,-0.997803,0.202393,0.507568,0.096192,-0.013240,0.018335,99881.0000,-0.163736,-0.150795,0.974911,0.104990,-0.985299,-0.134769,0.980901,0.080289,0.177161,,,0.000000,,,,0.00,,,
18373,,,,,,,,,,,,,,9.589283,-1.327367,1.814909,0.073455,0.009402,0.036407,-1.000000,0.202393,0.505371,0.095885,-0.013289,0.018177,,-0.163246,-0.150373,0.975058,0.104574,-0.985386,-0.134458,0.981028,0.080016,0.176585,,,0.000000,,,,0.00,,,
18374,,,,,,,,,,,,,,9.541519,-1.349953,1.750473,0.019281,0.037691,-0.018540,-1.000000,0.202393,0.511963,0.095407,-0.013517,0.017533,99880.0000,-0.162929,-0.149900,0.975184,0.104215,-0.985477,-0.134071,0.981118,0.079784,0.176185,,,0.000000,,,,0.00,,,
18375,,,,,,,,,,,,,,9.547915,-1.315948,1.706902,-0.015281,0.003827,-0.024549,-1.004150,0.197998,0.509766,0.095472,-0.013177,0.017098,,-0.162397,-0.149450,0.975342,0.103856,-0.985562,-0.133724,0.981245,0.079579,0.175574,,,0.000000,,,,0.00,,,
18376,,,,,,,,,,,,,,9.502739,-1.296381,1.834097,0.123344,0.005349,-0.048911,-0.999756,0.200195,0.509766,0.095019,-0.012979,0.018374,99878.0000,-0.161991,-0.148982,0.975481,0.103260,-0.985669,-0.133391,0.981375,0.079120,0.175054,,,0.000000,,,,0.00,,,
18377,,,,,,,,,,,,,,9.534064,-1.301474,1.856443,0.146499,0.010714,-0.013861,-0.999756,0.200195,0.507568,0.095332,-0.013025,0.018599,,-0.161377,-0.148601,0.975641,0.102594,-0.985768,-0.133174,0.981546,0.078604,0.174326,,,0.000000,,,,0.00,,,
18378,,,,,,,,,,,,,,9.508545,-1.334516,1.785938,0.083491,0.044193,-0.046726,-1.004150,0.197998,0.509766,0.095077,-0.013353,0.017897,99874.0000,-0.160910,-0.148240,0.975773,0.101850,-0.985872,-0.132978,0.981700,0.077985,0.173735,,,0.000000,,,,0.00,,,
18379,,,,,,,,,,,,,,9.534846,-1.384749,1.739704,0.036359,0.088292,-0.022475,-1.003906,0.196045,0.512207,0.095341,-0.013852,0.017435,,-0.160256,-0.147951,0.975925,0.101047,-0.985968,-0.132880,0.981890,0.077319,0.172957,,,0.000000,,,,0.00,,,
18380,,,,,,,,,,,,,,9.514322,-1.432794,1.721069,0.022755,0.138701,-0.039379,-0.999756,0.200195,0.503174,0.095135,-0.014330,0.017252,99870.0000,-0.159738,-0.147687,0.976049,0.100101,-0.986072,-0.132821,0.982071,0.076487,0.172296,,,0.000000,,,,0.00,,,
18381,,,,,,,,,,,,,,9.547975,-1.424798,1.722812,0.028556,0.127147,-0.007333,-1.008301,0.196045,0.505371,0.095472,-0.014249,0.017272,,-0.158986,-0.147440,0.976209,0.099109,-0.986175,-0.132805,0.982294,0.075638,0.171400,,,0.000000,,,,0.00,,,
18382,,,,,,,,,,,,,,9.525033,-1.431109,1.737611,0.053348,0.138487,-0.026392,-1.005859,0.191650,0.505615,0.095243,-0.014311,0.017419,99875.0000,-0.158398,-0.147266,0.976331,0.098252,-0.986258,-0.132823,0.982475,0.074888,0.170690,,,0.000000,,,,0.00,,,
18383,,,,,,,,,,,,,,9.538722,-1.399274,1.725103,0.050782,0.104746,-0.019444,-1.010254,0.196045,0.505371,0.095380,-0.013991,0.017293,,-0.157641,-0.147102,0.976479,0.097422,-0.986335,-0.132860,0.982679,0.074186,0.169817,,,0.000000,,,,0.00,,,
18384,,,,,,,,,,,,,,9.533374,-1.445980,1.773013,0.101343,0.155029,-0.010374,-1.003906,0.193848,0.503174,0.095326,-0.014457,0.017773,99874.0000,-0.157039,-0.147008,0.976590,0.096609,-0.986403,-0.132950,0.982856,0.073469,0.169106,,,0.000000,,,,0.00,,,
18385,,,,,,,,,,,,,,9.579370,-1.464188,1.754796,0.083502,0.165534,0.033790,-1.003662,0.191650,0.503174,0.095785,-0.014643,0.017593,,-0.156209,-0.146805,0.976753,0.095935,-0.986472,-0.132923,0.983054,0.072941,0.168180,,,0.000000,,,,0.00,,,
18386,,,,,,,,,,,,,,9.593130,-1.432144,1.742033,0.079345,0.131140,0.040756,-1.008057,0.193848,0.503174,0.095924,-0.014320,0.017463,99875.0000,-0.155581,-0.146726,0.976865,0.095285,-0.986525,-0.133001,0.983217,0.072388,0.167466,,,0.000000,,,,0.00,,,
18387,,,,,,,,,,,,,,9.580027,-1.364324,1.787737,0.141389,0.070195,0.026489,-1.010254,0.196045,0.503174,0.095793,-0.013644,0.017918,,-0.154814,-0.146561,0.977012,0.094752,-0.986579,-0.132982,0.983389,0.071986,0.166624,,,0.000000,,,,0.00,,,
18388,,,,,,,,,,,,,,9.577141,-1.395020,1.817279,0.174572,0.103259,0.032568,-1.008057,0.193848,0.500977,0.095764,-0.013951,0.018212,99877.0000,-0.154234,-0.146471,0.977117,0.094304,-0.986618,-0.133010,0.983524,0.071631,0.165983,,,0.000000,,,,0.00,,,
18389,,,,,,,,,,,,,,9.489821,-1.301077,1.844332,0.231594,0.026407,-0.060932,-1.008057,0.193848,0.496582,0.094890,-0.013013,0.018483,,-0.153474,-0.146287,0.977265,0.093837,-0.986669,-0.132958,0.983687,0.071298,0.165155,,,0.000000,,,,0.00,,,
18390,,,,,,,,,,,,,,9.427125,-1.316013,1.816365,0.218657,0.048690,-0.124985,-1.012451,0.197998,0.494141,0.094263,-0.013162,0.018203,99878.0000,-0.152894,-0.146190,0.977370,0.093373,-0.986711,-0.132980,0.983821,0.070928,0.164513,,,0.000000,,,,0.00,,,
18391,,,,,,,,,,,,,,9.410990,-1.333332,1.759691,0.172144,0.065340,-0.147952,-1.005859,0.189697,0.496582,0.094101,-0.013336,0.017640,,-0.152073,-0.145981,0.977529,0.092855,-0.986768,-0.132915,0.983998,0.070555,0.163615,,,0.000000,,,,0.00,,,
18392,,,,,,,,,,,,,,9.471230,-1.303339,1.718794,0.132394,0.024427,-0.099860,-1.006104,0.197998,0.498779,0.094705,-0.013034,0.017230,99880.0000,-0.151449,-0.145896,0.977639,0.092318,-0.986812,-0.132963,0.984145,0.070117,0.162920,,,0.000000,,,,0.00,,,
18393,,,,,,,,,,,,,,9.499263,-1.280992,1.667697,0.088843,-0.004177,-0.083853,-1.010498,0.197998,0.491943,0.094984,-0.012813,0.016722,,-0.150600,-0.145685,0.977801,0.091736,-0.986874,-0.132908,0.984329,0.069684,0.161987,,,0.000000,,,,0.00,,,
18394,,,,,,,,,,,,,,9.537250,-1.299733,1.615711,0.037138,0.005464,-0.052690,-1.008301,0.200195,0.487549,0.095366,-0.012997,0.016198,99877.0000,-0.150025,-0.145602,0.977902,0.091101,-0.986924,-0.132969,0.984476,0.069140,0.161328,,,0.000000,,,,0.00,,,
18395,,,,,,,,,,,,,,9.524422,-1.289816,1.645740,0.078241,0.000296,-0.061761,-1.010254,0.196045,0.485352,0.095237,-0.012897,0.016501,,-0.149219,-0.145429,0.978051,0.090299,-0.986996,-0.132983,0.984672,0.068473,0.160411,,,0.000000,,,,0.00,,,
18396,,,,,,,,,,,,,,9.566008,-1.281752,1.680301,0.114206,-0.011830,-0.016687,-1.005859,0.193848,0.487793,0.095653,-0.012812,0.016848,99878.0000,-0.148574,-0.145400,0.978154,0.089437,-0.987054,-0.133138,0.984849,0.067702,0.159655,,,0.000000,,,,0.00,,,
18397,,,,,,,,,,,,,,9.533188,-1.248756,1.695616,0.146975,-0.039170,-0.050872,-1.008301,0.196045,0.485352,0.095324,-0.012479,0.017006,,-0.147647,-0.145362,0.978300,0.088524,-0.987113,-0.133311,0.985071,0.066920,0.158612,,,0.000000,,,,0.00,,,
18398,,,,,,,,,,,,,,9.553031,-1.229393,1.609062,0.069652,-0.068478,-0.047887,-1.004150,0.200195,0.480957,0.095522,-0.012284,0.016146,99873.0000,-0.146776,-0.145401,0.978425,0.087639,-0.987159,-0.133552,0.985280,0.066146,0.157634,,,0.000000,,,,0.00,,,
18399,,,,,,,,,,,,,,9.540537,-1.221733,1.636379,0.110757,-0.073645,-0.056945,-1.006348,0.200195,0.478760,0.095397,-0.012205,0.016421,,-0.145704,-0.145417,0.978583,0.086644,-0.987214,-0.133799,0.985527,0.065294,0.156441,,,0.000000,,,,0.00,,,
18400,,,,,,,,,,,,,,9.540183,-1.240124,1.643350,0.126465,-0.057215,-0.053880,-1.006104,0.197998,0.485352,0.095394,-0.012386,0.016493,99882.0000,-0.144744,-0.145547,0.978706,0.085726,-0.987248,-0.134139,0.985748,0.064485,0.155376,,,0.000000,,,,0.00,,,
18401,,,,,,,,,,,,,,9.526008,-1.248616,1.688073,0.184908,-0.045464,-0.059883,-1.006348,0.200195,0.483154,0.095250,-0.012475,0.016947,,-0.143471,-0.145544,0.978894,0.084856,-0.987293,-0.134356,0.986010,0.063789,0.153999,,,0.000000,,,,0.00,,,
18402,,,,,,,,,,,,,,9.519922,-1.194361,1.657583,0.172224,-0.101741,-0.078060,-1.004395,0.204346,0.476318,0.095189,-0.011930,0.016642,99879.0000,-0.142376,-0.145607,0.979044,0.083925,-0.987335,-0.134635,0.986248,0.062998,0.152793,,,0.000000,,,,0.00,,,
18403,,,,,,,,,,,,,,9.521908,-1.196713,1.644427,0.172344,-0.101771,-0.078063,-1.000000,0.202393,0.471924,0.095209,-0.011957,0.016509,,-0.141125,-0.145586,0.979229,0.083004,-0.987385,-0.134836,0.986506,0.062251,0.151429,,,0.000000,,,,0.00,,,
18404,,,,,,,,,,,,,,9.512127,-1.173197,1.650548,0.194287,-0.124076,-0.090131,-1.000244,0.206543,0.471924,0.095109,-0.011724,0.016580,99877.0000,-0.139865,-0.145521,0.979419,0.082049,-0.987443,-0.134997,0.986765,0.061479,0.150049,,,0.000000,,,,0.00,,,
18405,,,,,,,,,,,,,,9.497186,-1.138596,1.727775,0.291021,-0.151180,-0.098235,-0.997803,0.204346,0.471924,0.094958,-0.011383,0.017355,,-0.138391,-0.145297,0.979662,0.080898,-0.987533,-0.135036,0.987068,0.060565,0.148420,,,0.000000,,,,0.00,,,
18406,,,,,,,,,,,,,,9.565473,-1.045791,1.604937,0.181786,-0.259071,-0.062426,-0.995605,0.200195,0.476562,0.095641,-0.010460,0.016128,99877.0000,-0.137107,-0.144968,0.979891,0.079663,-0.987642,-0.134968,0.987348,0.059556,0.146961,,,0.000000,,,,0.00,,,
18407,,,,,,,,,,,,,,9.578352,-1.028800,1.604283,0.196541,-0.275903,-0.052451,-1.000000,0.202393,0.469727,0.095770,-0.010292,0.016120,,-0.135665,-0.144593,0.980147,0.078344,-0.987761,-0.134872,0.987652,0.058491,0.145332,,,0.000000,,,,0.00,,,
18408,,,,,,,,,,,,,,9.591383,-0.953794,1.620808,0.230258,-0.348290,-0.047595,-0.997803,0.202393,0.469727,0.095901,-0.009546,0.016282,99875.0000,-0.134501,-0.144099,0.980380,0.076968,-0.987900,-0.134645,0.987920,0.057348,0.143964,,,0.000000,,,,0.00,,,
18409,,,,,,,,,,,,,,9.570510,-0.901178,1.646125,0.277693,-0.392425,-0.071774,-0.998047,0.206543,0.476318,0.095690,-0.009025,0.016542,,-0.133005,-0.143486,0.980674,0.075429,-0.988061,-0.134336,0.988241,0.056104,0.142240,,,0.000000,,,,0.00,,,
18410,,,,,,,,,,,,,,9.512418,-0.903039,1.716886,0.369444,-0.373698,-0.118715,-0.991699,0.206543,0.471924,0.095108,-0.009044,0.017250,99874.0000,-0.131698,-0.142788,0.980952,0.073896,-0.988232,-0.133927,0.988532,0.054851,0.140699,,,0.000000,,,,0.00,,,
18411,,,,,,,,,,,,,,9.579625,-0.978654,1.542725,0.199263,-0.314214,-0.067508,-0.989502,0.206543,0.471924,0.095782,-0.009799,0.015509,,-0.130187,-0.142214,0.981237,0.072371,-0.988383,-0.133648,0.988845,0.053614,0.138967,,,0.000000,,,,0.00,,,
18412,,,,,,,,,,,,,,9.564071,-1.127986,1.265710,-0.069206,-0.175248,-0.101338,-0.987305,0.206543,0.476318,0.095629,-0.011287,0.012738,99879.0000,-0.128932,-0.141688,0.981479,0.070723,-0.988534,-0.133415,0.989128,0.052212,0.137474,,,0.000000,,,,0.00,,,
18413,,,,,,,,,,,,,,9.469052,-1.150142,1.221981,-0.085876,-0.140640,-0.197500,-0.982910,0.202393,0.478760,0.094681,-0.011499,0.012296,,-0.127579,-0.141435,0.981692,0.068813,-0.988658,-0.133496,0.989438,0.050521,0.135865,,,0.000000,,,,0.00,,,
18414,,,,,,,,,,,,,,9.404552,-1.182796,1.205668,-0.081553,-0.099746,-0.258546,-0.985107,0.206543,0.478516,0.094036,-0.011814,0.012142,99882.0000,-0.126236,-0.141286,0.981887,0.066700,-0.988774,-0.133702,0.989755,0.048614,0.134243,,,0.000000,,,,0.00,,,
18415,,,,,,,,,,,,,,9.365531,-1.061626,1.357541,0.100806,-0.209815,-0.292765,-0.980957,0.204590,0.478760,0.093644,-0.010586,0.013676,,-0.124358,-0.141483,0.982099,0.064355,-0.988848,-0.134307,0.990148,0.046501,0.132076,,,0.000000,,,,0.00,,,
18416,,,,,,,,,,,,,,9.501562,-0.835446,1.387509,0.149681,-0.456179,-0.186043,-0.980713,0.202393,0.478760,0.095001,-0.008311,0.014002,99883.0000,-0.122059,-0.141834,0.982336,0.062088,-0.988890,-0.135065,0.990579,0.044505,0.129509,,,0.000000,,,,0.00,,,
18417,,,,,,,,,,,,,,9.668364,-0.483100,1.332917,0.125618,-0.838630,-0.077794,-0.977051,0.212891,0.480713,0.096666,-0.004777,0.013479,,-0.119041,-0.142501,0.982610,0.059995,-0.988871,-0.136141,0.991075,0.042746,0.126266,,,0.000000,,,,0.00,,,
18418,,,,,,,,,,,,,,9.875549,-0.353708,1.247031,0.053402,-1.007896,0.096291,-0.972656,0.212891,0.485107,0.098738,-0.003475,0.012628,99883.0000,-0.116068,-0.143208,0.982863,0.058096,-0.988836,-0.137217,0.991541,0.041174,0.123092,,,0.000000,,,,0.00,,,
18419,,,,,,,,,,,,,,9.883341,-0.724556,1.159820,-0.022960,-0.656250,0.143180,-0.968506,0.217285,0.485107,0.098819,-0.007185,0.011757,,-0.112956,-0.144060,0.983101,0.056231,-0.988775,-0.138431,0.992008,0.039644,0.119789,,,0.000000,,,,0.00,,,
18420,,,,,,,,,,,,,,9.843552,-0.815577,1.282265,0.129446,-0.563044,0.130703,-0.970947,0.219238,0.487305,0.098418,-0.008102,0.012988,99878.0000,-0.109885,-0.144555,0.983376,0.054482,-0.988756,-0.139258,0.992450,0.038274,0.116525,,,0.000000,,,,0.00,,,
18421,,,,,,,,,,,,,,10.053733,-0.994249,1.637878,0.484180,-0.411924,0.402228,-0.962402,0.221436,0.489502,0.100514,-0.009888,0.016551,,-0.106627,-0.145192,0.983641,0.052667,-0.988717,-0.140232,0.992903,0.036853,0.113071,,,0.000000,,,,0.00,,,
18422,,,,,,,,,,,,,,10.080731,-0.988782,1.849822,0.724135,-0.419150,0.449891,-0.958252,0.223633,0.498291,0.100783,-0.009840,0.018658,99879.0000,-0.103784,-0.145492,0.983901,0.051163,-0.988714,-0.140807,0.993283,0.035725,0.110056,,,0.000000,,,,0.00,,,
18423,,,,,,,,,,,,,,10.023455,-0.921876,1.784596,0.699422,-0.485755,0.374514,-0.958496,0.231934,0.493652,0.100213,-0.009184,0.017985,,-0.101035,-0.145980,0.984115,0.050606,-0.988650,-0.141457,0.993595,0.035510,0.107276,,,0.000000,,,,0.00,,,
18424,,,,,,,,,,,,,,9.795942,-0.887963,1.844560,0.807769,-0.485266,0.150411,-0.954346,0.231934,0.502686,0.097939,-0.008860,0.018563,99871.0000,-0.098771,-0.146168,0.984317,0.051390,-0.988583,-0.141645,0.993782,0.036594,0.105154,,,0.000000,,,,0.00,,,
18425,,,,,,,,,,,,,,9.726875,-0.790996,1.808884,0.806744,-0.573954,0.063017,-0.950195,0.234131,0.498291,0.097250,-0.007900,0.018192,,-0.096470,-0.146636,0.984475,0.053301,-0.988430,-0.142002,0.993908,0.038775,0.103170,,,0.000000,,,,0.00,,,
18426,,,,,,,,,,,,,,9.749319,-0.581185,1.749185,0.774000,-0.784127,0.047976,-0.950195,0.231934,0.491455,0.097476,-0.005809,0.017588,99886.0000,-0.094567,-0.146846,0.984628,0.056329,-0.988266,-0.141979,0.993924,0.042037,0.101729,,,0.000000,,,,0.00,,,
18427,,,,,,,,,,,,,,9.770078,-0.508891,1.599005,0.646469,-0.863620,0.041571,-0.948242,0.238281,0.500244,0.097685,-0.005092,0.016087,,-0.092354,-0.147306,0.984770,0.060137,-0.988016,-0.142152,0.993909,0.046093,0.100106,,,0.000000,,,,0.00,,,
18428,,,,,,,,,,,,,,9.694126,-0.425406,1.387254,0.464538,-0.939246,-0.066739,-0.946289,0.242676,0.495850,0.096927,-0.004261,0.013969,99876.0000,-0.090449,-0.147376,0.984936,0.064643,-0.987773,-0.141864,0.993801,0.050838,0.098870,,,0.000000,,,,0.00,,,
18429,,,,,,,,,,,,,,9.473611,-0.270026,1.326782,0.454086,-1.059999,-0.312543,-0.942139,0.242676,0.493652,0.094722,-0.002713,0.013367,,-0.088201,-0.147656,0.985098,0.069466,-0.987456,-0.141790,0.993678,0.055925,0.097351,,,0.000000,,,,0.00,,,
18430,,,,,,,,,,,,,,9.375728,-0.094859,1.191815,0.357845,-1.218293,-0.446719,-0.942139,0.246826,0.500244,0.093744,-0.000963,0.012020,99875.0000,-0.086274,-0.147452,0.985299,0.074301,-0.987185,-0.141228,0.993497,0.061025,0.096125,,,0.000000,,,,0.00,,,
18431,,,,,,,,,,,,,,9.329631,0.071515,1.148296,0.351459,-1.374468,-0.520057,-0.942383,0.249023,0.502441,0.093284,0.000706,0.011585,,-0.084086,-0.147662,0.985457,0.078725,-0.986853,-0.141154,0.993344,0.065711,0.094605,,,0.000000,,,,0.00,,,
18432,,,,,,,,,,,,,,9.373272,0.221568,0.967379,0.198083,-1.534121,-0.514820,-0.942139,0.244629,0.502441,0.093721,0.002216,0.009783,99882.0000,-0.082143,-0.147461,0.985651,0.082544,-0.986602,-0.140724,0.993196,0.069800,0.093214,,,0.000000,,,,0.00,,,
18433,,,,,,,,,,,,,,9.443235,0.240631,0.868891,0.118974,-1.569001,-0.457924,-0.938232,0.250977,0.506836,0.094421,0.002414,0.008806,,-0.079697,-0.147713,0.985814,0.085497,-0.986328,-0.140878,0.993146,0.073057,0.091236,,,0.000000,,,,0.00,,,
18434,,,,,,,,,,,,,,9.625778,0.103695,0.898935,0.144594,-1.453662,-0.255473,-0.933838,0.251221,0.506836,0.096245,0.001051,0.009120,99874.0000,-0.077290,-0.147464,0.986043,0.087501,-0.986188,-0.140627,0.993161,0.075411,0.089126,,,0.000000,,,,0.00,,,
18435,,,,,,,,,,,,,,9.625550,-0.227589,1.043900,0.286951,-1.116892,-0.196925,-0.936279,0.257324,0.511230,0.096241,-0.002257,0.010578,,-0.074339,-0.147769,0.986224,0.088735,-0.986018,-0.141049,0.993277,0.077027,0.086412,,,0.000000,,,,0.00,,,
18436,,,,,,,,,,,,,,9.517733,-0.503124,1.293550,0.544670,-0.806137,-0.243621,-0.932129,0.257568,0.513428,0.095158,-0.005007,0.013083,99875.0000,-0.071462,-0.147565,0.986467,0.089573,-0.985949,-0.140999,0.993413,0.078285,0.083675,,,0.000000,,,,0.00,,,
18437,,,,,,,,,,,,,,9.454428,-0.798153,1.529374,0.787236,-0.490319,-0.247019,-0.933838,0.251221,0.515625,0.094523,-0.007948,0.015441,,-0.068235,-0.148115,0.986613,0.090240,-0.985781,-0.141749,0.993580,0.079360,0.080631,,,0.000000,,,,0.00,,,
18438,,,,,,,,,,,,,,9.350377,-1.062971,1.507360,0.773943,-0.215359,-0.316048,-0.936279,0.257324,0.522217,0.093488,-0.010581,0.015203,99877.0000,-0.065724,-0.148313,0.986754,0.090216,-0.985725,-0.142150,0.993751,0.079679,0.078166,,,0.000000,,,,0.00,,,
18439,,,,,,,,,,,,,,9.316265,-0.904833,1.397454,0.709307,-0.383445,-0.383256,-0.932129,0.259521,0.528809,0.093148,-0.008984,0.014114,,-0.062648,-0.149391,0.986792,0.090009,-0.985550,-0.143488,0.993969,0.079831,0.075190,,,0.000000,,,,0.00,,,
18440,,,,,,,,,,,,,,9.428952,-0.906764,1.349558,0.681384,-0.407072,-0.277564,-0.927734,0.259521,0.533447,0.094274,-0.008999,0.013647,99877.0000,-0.059562,-0.150136,0.986870,0.091133,-0.985314,-0.144399,0.994056,0.081336,0.072370,,,0.000000,,,,0.00,,,
18441,,,,,,,,,,,,,,9.397806,-1.175724,1.048290,0.387841,-0.174303,-0.293280,-0.921631,0.265869,0.537598,0.093975,-0.011675,0.010603,,-0.056858,-0.151650,0.986797,0.091213,-0.985052,-0.146127,0.994207,0.081700,0.069840,,,0.000000,,,,0.00,,,
18442,,,,,,,,,,,,,,9.297279,-0.795072,1.284783,0.687138,-0.523864,-0.433161,-0.930176,0.263916,0.542236,0.092961,-0.007863,0.012985,99879.0000,-0.054130,-0.152692,0.986790,0.091229,-0.984862,-0.147390,0.994358,0.082046,0.067241,,,0.000000,,,,0.00,,,
18443,,,,,,,,,,,,,,9.278770,-0.613065,1.513121,0.963552,-0.694846,-0.466586,-0.926025,0.265869,0.548828,0.092766,-0.006053,0.015295,,-0.050313,-0.154304,0.986741,0.092944,-0.984429,-0.149204,0.994399,0.084205,0.063871,,,0.000000,,,,0.00,,,
18444,,,,,,,,,,,,,,9.312759,-0.659782,1.360258,0.836769,-0.674073,-0.439405,-0.921875,0.268066,0.559814,0.093108,-0.006515,0.013773,99872.0000,-0.046696,-0.155512,0.986730,0.095482,-0.983979,-0.150560,0.994335,0.087184,0.060796,,,0.000000,,,,0.00,,,
18445,,,,,,,,,,,,,,9.388306,-0.528215,1.258987,0.782202,-0.837289,-0.395081,-0.928467,0.272217,0.559814,0.093863,-0.005194,0.012773,,-0.042424,-0.157383,0.986626,0.098374,-0.983374,-0.152635,0.994245,0.090583,0.057201,,,0.000000,,,,0.00,,,
18446,,,,,,,,,,,,,,9.476347,-0.301213,0.980146,0.561329,-1.108484,-0.362367,-0.920166,0.276611,0.572998,0.094744,-0.002913,0.010017,99877.0000,-0.037957,-0.158783,0.986584,0.101841,-0.982769,-0.154251,0.994076,0.094619,0.053473,,,0.000000,,,,0.00,,,
18447,,,,,,,,,,,,,,9.510052,-0.139134,0.863143,0.507701,-1.299399,-0.364987,-0.918213,0.280762,0.579590,0.095080,-0.001286,0.008869,,-0.032661,-0.160779,0.986450,0.105300,-0.982037,-0.156573,0.993904,0.098759,0.049004,,,0.000000,,,,0.00,,,
18448,,,,,,,,,,,,,,9.450252,-0.161128,0.874872,0.565773,-1.275998,-0.423858,-0.911865,0.282959,0.583984,0.094481,-0.001512,0.008998,99866.0000,-0.027524,-0.161984,0.986409,0.108401,-0.981448,-0.158144,0.993726,0.102575,0.044573,,,0.000000,,,,0.00,,,
18449,,,,,,,,,,,,,,9.413471,0.057855,1.108127,0.875104,-1.474556,-0.490437,-0.916260,0.289307,0.594971,0.094103,0.000678,0.011339,,-0.021826,-0.163812,0.986250,0.111196,-0.980762,-0.160440,0.993559,0.106165,0.039621,,,0.000000,,,,0.00,,,
18450,,,,,,,,,,,,,,9.389922,0.058626,1.104553,0.921225,-1.479110,-0.519817,-0.910156,0.293457,0.601562,0.093868,0.000688,0.011299,99878.0000,-0.016632,-0.165023,0.986149,0.113997,-0.980168,-0.162100,0.993342,0.109722,0.035114,,,0.000000,,,,0.00,,,
18451,,,,,,,,,,,,,,9.458980,0.134335,1.100136,0.976904,-1.579658,-0.471878,-0.901855,0.299805,0.614990,0.094559,0.001456,0.011251,,-0.011113,-0.167055,0.985885,0.116521,-0.979445,-0.164650,0.993126,0.113047,0.030350,,,0.000000,,,,0.00,,,
18452,,,,,,,,,,,,,,9.484502,-0.056270,1.012624,0.914988,-1.416998,-0.424449,-0.902344,0.308350,0.614746,0.094819,-0.000441,0.010371,99875.0000,-0.006100,-0.168552,0.985674,0.119130,-0.978795,-0.166638,0.992860,0.116407,0.026050,,,0.000000,,,,0.00,,,
18453,,,,,,,,,,,,,,9.559586,-0.138281,0.919223,0.863860,-1.378546,-0.346808,-0.900146,0.308350,0.621338,0.095574,-0.001252,0.009438,,-0.000592,-0.170856,0.985296,0.121494,-0.978009,-0.169520,0.992592,0.119607,0.021337,,,0.000000,,,,0.00,,,
18454,,,,,,,,,,,,,,9.537793,-0.197242,0.845251,0.830139,-1.338195,-0.365851,-0.900635,0.321045,0.636719,0.095359,-0.001842,0.008693,99878.0000,0.004336,-0.172384,0.985020,0.123777,-0.977362,-0.171588,0.992301,0.122667,0.017100,,,0.000000,,,,0.00,,,
18455,,,,,,,,,,,,,,9.456681,-0.304569,0.611871,0.635277,-1.266900,-0.437875,-0.892334,0.322998,0.641113,0.094555,-0.002918,0.006353,,0.009682,-0.174548,0.984601,0.125891,-0.976600,-0.174367,0.991997,0.125640,0.012518,,,0.000000,,,,0.00,,,
