// Start Time: Unknown
// Update Rate: 100.0Hz
// Filter Profile: human (46.1)
// Firmware Version: 4.6.0
PacketCounter,SampleTimeFine,Year,Month,Day,Second,UTC_Nano,UTC_Year,UTC_Month,UTC_Day,UTC_Hour,UTC_Minute,UTC_Second,UTC_Valid,Acc_X,Acc_Y,Acc_Z,FreeAcc_X,FreeAcc_Y,FreeAcc_Z,Mag_X,Mag_Y,Mag_Z,VelInc_X,VelInc_Y,VelInc_Z,OriInc_q0,OriInc_q1,OriInc_q2,OriInc_q3,Pressure,Mat[1][1],Mat[2][1],Mat[3][1],Mat[1][2],Mat[2][2],Mat[3][2],Mat[1][3],Mat[2][3],Mat[3][3],Latitude,Longitude,Altitude,Vel_X,Vel_Y,Vel_Z,Temperature,GyrTemp_X,GyrTemp_Y,GyrTemp_Z
45946,,,,,,,,,,,,,,9.486911,0.467781,-2.243630,0.008400,-0.037169,-0.052937,-0.945068,0.532227,-0.086914,0.094866,0.004670,-0.022450,1.000000,-0.000191,0.000139,-0.000033,100199.0000,-0.142770,0.181936,0.972890,0.895933,0.441487,0.048916,-0.420619,0.878629,-0.226034,,,0.000000,,,,0.00,,,
45947,,,,,,,,,,,,,,9.517669,0.503691,-2.298457,0.058917,-0.066685,-0.008877,-0.947021,0.532227,-0.091309,0.095175,0.005029,-0.022994,1.000000,-0.000271,0.000081,-0.000017,,-0.142732,0.181779,0.972926,0.896157,0.441017,0.049071,-0.420156,0.878898,-0.225849,,,0.000000,,,,0.00,,,
45948,,,,,,,,,,,,,,9.541881,0.517450,-2.318622,0.075413,-0.076264,0.019899,-0.947021,0.532227,-0.084717,0.095418,0.005165,-0.023194,1.000000,-0.000387,0.000057,-0.000006,100191.0000,-0.142699,0.181668,0.972951,0.896477,0.440343,0.049263,-0.419483,0.879258,-0.225697,,,0.000000,,,,0.00,,,
45949,,,,,,,,,,,,,,9.511299,0.509320,-2.329340,0.075807,-0.096811,-0.007846,-0.934570,0.536377,-0.089111,0.095112,0.005083,-0.023298,1.000000,-0.000464,0.000029,0.000011,,-0.142655,0.181627,0.972965,0.896869,0.439523,0.049451,-0.418658,0.879677,-0.225596,,,0.000000,,,,0.00,,,
45950,,,,,,,,,,,,,,9.525966,0.471278,-2.335363,0.040723,-0.116018,0.005914,-0.940918,0.534424,-0.086914,0.095263,0.004711,-0.023342,1.000000,-0.000314,-0.000138,0.000057,100193.0000,-0.142673,0.181924,0.972907,0.897148,0.438950,0.049484,-0.418055,0.879902,-0.225839,,,0.000000,,,,0.00,,,
45951,,,,,,,,,,,,,,9.537852,0.527952,-2.264724,0.058981,-0.026526,0.004346,-0.945068,0.532227,-0.086914,0.095378,0.005271,-0.022651,1.000000,-0.000491,0.000008,0.000023,,-0.142625,0.181929,0.972913,0.897564,0.438078,0.049661,-0.417177,0.880335,-0.225774,,,0.000000,,,,0.00,,,
45952,,,,,,,,,,,,,,9.492387,0.409129,-2.299641,-0.027462,-0.116110,-0.037877,-0.945068,0.532227,-0.082520,0.094928,0.004099,-0.022978,1.000000,-0.000012,-0.000197,0.000089,100200.0000,-0.142638,0.182364,0.972830,0.897599,0.438025,0.049497,-0.417097,0.880271,-0.226168,,,0.000000,,,,0.00,,,
45953,,,,,,,,,,,,,,9.558748,0.609187,-2.144345,0.077828,0.122851,0.001478,-0.944824,0.530029,-0.089111,0.095588,0.006094,-0.021440,1.000000,-0.000200,-0.000052,0.000072,,-0.142553,0.182517,0.972814,0.897786,0.437647,0.049448,-0.416724,0.880427,-0.226249,,,0.000000,,,,0.00,,,
45954,,,,,,,,,,,,,,9.539621,0.431740,-2.345819,0.005494,-0.135072,0.019676,-0.938477,0.528076,-0.086670,0.095396,0.004321,-0.023459,1.000000,-0.000175,0.000000,0.000077,100196.0000,-0.142425,0.182593,0.972818,0.897953,0.437312,0.049383,-0.416408,0.880578,-0.226244,,,0.000000,,,,0.00,,,
45955,,,,,,,,,,,,,,9.456761,0.550985,-2.233517,0.078241,0.001518,-0.080453,-0.938477,0.528076,-0.084717,0.094568,0.005515,-0.022331,1.000000,-0.000083,-0.000049,0.000077,,-0.142327,0.182746,0.972804,0.898044,0.437137,0.049271,-0.416244,0.880633,-0.226331,,,0.000000,,,,0.00,,,
45956,,,,,,,,,,,,,,9.544149,0.363153,-2.407452,-0.030385,-0.213914,0.034739,-0.942871,0.534424,-0.091309,0.095448,0.003645,-0.024047,1.000000,0.000002,-0.000284,0.000136,100202.0000,-0.142335,0.183384,0.972682,0.898080,0.437092,0.049012,-0.416164,0.880523,-0.226907,,,0.000000,,,,0.00,,,
45957,,,,,,,,,,,,,,9.458145,0.425665,-2.250190,-0.026138,-0.056972,-0.081443,-0.944824,0.528076,-0.082520,0.094587,0.004286,-0.022474,1.000000,0.000391,-0.000280,0.000214,,-0.142184,0.184064,0.972576,0.897816,0.437702,0.048418,-0.416786,0.880078,-0.227490,,,0.000000,,,,0.00,,,
45958,,,,,,,,,,,,,,9.622445,0.586754,-2.118508,0.042141,0.165034,0.056192,-0.940674,0.530029,-0.084717,0.096225,0.005878,-0.021178,1.000000,0.000179,-0.000061,0.000070,100195.0000,-0.142119,0.184275,0.972546,0.897686,0.437993,0.048190,-0.417088,0.879889,-0.227668,,,0.000000,,,,0.00,,,
45959,,,,,,,,,,,,,,9.389192,0.264105,-2.195123,-0.180051,-0.086647,-0.168761,-0.942871,0.530029,-0.084717,0.093888,0.002652,-0.021968,1.000000,0.000266,0.000182,0.000050,,-0.141877,0.183999,0.972633,0.897478,0.438443,0.047971,-0.417618,0.879723,-0.227340,,,0.000000,,,,0.00,,,
45960,,,,,,,,,,,,,,9.517286,0.531608,-2.151346,0.026300,0.093630,-0.041292,-0.936523,0.530029,-0.086914,0.095174,0.005332,-0.021503,1.000000,0.000692,-0.000068,0.000013,100200.0000,-0.141907,0.184164,0.972598,0.896903,0.439657,0.047612,-0.418841,0.879082,-0.227568,,,0.000000,,,,0.00,,,
45961,,,,,,,,,,,,,,9.426760,0.403823,-2.266658,-0.025819,-0.076763,-0.109180,-0.934326,0.528076,-0.086670,0.094271,0.004051,-0.022649,1.000000,0.000869,-0.000152,-0.000073,,-0.142166,0.184367,0.972521,0.896153,0.441211,0.047359,-0.420355,0.878261,-0.227946,,,0.000000,,,,0.00,,,
45962,,,,,,,,,,,,,,9.421602,0.693986,-2.307272,0.251145,0.020548,-0.091154,-0.934326,0.530273,-0.093262,0.094224,0.006944,-0.023038,0.999999,0.000968,-0.000301,-0.000196,100199.0000,-0.142767,0.184753,0.972360,0.895282,0.442983,0.047281,-0.422004,0.877287,-0.228649,,,0.000000,,,,0.00,,,
45963,,,,,,,,,,,,,,9.548955,0.757482,-2.304312,0.283550,0.082770,0.035100,-0.940430,0.523926,-0.084473,0.095504,0.007561,-0.022987,0.999999,0.000843,-0.000517,-0.000344,,-0.143819,0.185355,0.972090,0.894471,0.444589,0.047563,-0.423365,0.876347,-0.229735,,,0.000000,,,,0.00,,,
45964,,,,,,,,,,,,,,9.559125,0.545838,-2.362519,0.108462,-0.054405,0.048427,-0.940430,0.521729,-0.084473,0.095601,0.005424,-0.023595,1.000000,0.000299,-0.000303,-0.000438,100200.0000,-0.144924,0.185513,0.971896,0.894088,0.445276,0.048328,-0.423796,0.875965,-0.230396,,,0.000000,,,,0.00,,,
45965,,,,,,,,,,,,,,9.531565,0.476774,-2.437790,0.073144,-0.153989,0.035754,-0.938232,0.523926,-0.088867,0.095325,0.004728,-0.024349,1.000000,0.000361,-0.000283,-0.000510,,-0.146075,0.185553,0.971716,0.893634,0.446097,0.049154,-0.424359,0.875538,-0.230980,,,0.000000,,,,0.00,,,
45966,,,,,,,,,,,,,,9.455714,0.533331,-2.443339,0.125718,-0.145695,-0.033739,-0.942383,0.521729,-0.088867,0.094567,0.005286,-0.024404,1.000000,0.000276,-0.000295,-0.000572,100197.0000,-0.147434,0.185603,0.971501,0.893228,0.446794,0.050196,-0.424744,0.875172,-0.231658,,,0.000000,,,,0.00,,,
45967,,,,,,,,,,,,,,9.508593,0.452709,-2.411162,0.021237,-0.143653,0.006217,-0.936279,0.523926,-0.082275,0.095093,0.004477,-0.024094,1.000000,0.000129,-0.000182,-0.000564,,-0.148596,0.185418,0.971360,0.892951,0.447230,0.051232,-0.424921,0.874989,-0.232026,,,0.000000,,,,0.00,,,
45968,,,,,,,,,,,,,,9.512012,0.307496,-2.493208,-0.085206,-0.280892,0.021073,-0.938232,0.521729,-0.084473,0.095124,0.003026,-0.024924,1.000000,0.000124,-0.000079,-0.000543,100197.0000,-0.149734,0.185152,0.971235,0.892679,0.447651,0.052285,-0.425094,0.874830,-0.232310,,,0.000000,,,,0.00,,,
45969,,,,,,,,,,,,,,9.560257,0.192233,-2.563098,-0.173969,-0.388320,0.077908,-0.935791,0.511230,-0.081787,0.095602,0.001880,-0.025634,1.000000,0.000253,0.000041,-0.000511,,-0.150611,0.184622,0.971201,0.892310,0.448283,0.053159,-0.425558,0.874618,-0.232256,,,0.000000,,,,0.00,,,
45970,,,,,,,,,,,,,,9.658757,-0.060210,-2.839558,-0.302339,-0.730810,0.223886,-0.937988,0.513184,-0.090576,0.096576,-0.000642,-0.028434,0.999999,0.000750,0.000390,-0.000632,100199.0000,-0.151459,0.183548,0.971272,0.891476,0.449838,0.054007,-0.427002,0.874046,-0.231761,,,0.000000,,,,0.00,,,
45971,,,,,,,,,,,,,,9.747379,-0.008347,-3.035140,-0.186020,-0.878708,0.356716,-0.937744,0.509033,-0.092773,0.097442,-0.000119,-0.030455,0.999997,0.001776,0.001058,-0.000918,,-0.152187,0.180871,0.971661,0.889674,0.453275,0.054970,-0.430487,0.872827,-0.229899,,,0.000000,,,,0.00,,,
45972,,,,,,,,,,,,,,9.489448,0.610944,-2.263625,0.074261,0.011043,-0.038169,-0.941895,0.507080,-0.096924,0.094875,0.006063,-0.022730,0.999998,0.001370,0.001074,-0.000814,100197.0000,-0.152688,0.178664,0.971991,0.888238,0.455992,0.055714,-0.433266,0.871866,-0.228321,,,0.000000,,,,0.00,,,
45973,,,,,,,,,,,,,,9.508570,0.357263,-2.159533,-0.202000,-0.026199,-0.057554,-0.935059,0.498535,-0.101074,0.095081,0.003521,-0.021626,1.000000,-0.000086,0.000322,-0.000520,,-0.153334,0.177629,0.972079,0.888153,0.456028,0.056765,-0.433212,0.872059,-0.227686,,,0.000000,,,,0.00,,,
45974,,,,,,,,,,,,,,9.555823,0.003923,-2.654060,-0.314751,-0.616203,0.080695,-0.935547,0.511230,-0.101318,0.095551,-0.000010,-0.026568,1.000000,-0.000057,0.000282,-0.000495,100194.0000,-0.153949,0.177057,0.972086,0.888037,0.456155,0.057554,-0.433231,0.872109,-0.227458,,,0.000000,,,,0.00,,,
45975,,,,,,,,,,,,,,9.479209,0.155818,-2.572637,-0.208002,-0.499706,-0.004264,-0.937500,0.502686,-0.098877,0.094782,0.001519,-0.025767,1.000000,0.000270,0.000432,-0.000492,,-0.154448,0.175855,0.972225,0.887651,0.456800,0.058387,-0.433845,0.872014,-0.226650,,,0.000000,,,,0.00,,,
45976,,,,,,,,,,,,,,9.491536,0.154854,-2.586634,-0.207281,-0.514120,0.010582,-0.932861,0.498535,-0.103271,0.094910,0.001512,-0.025887,1.000000,0.000140,0.000225,-0.000423,100197.0000,-0.154883,0.175588,0.972204,0.887398,0.457239,0.058791,-0.434207,0.871838,-0.226635,,,0.000000,,,,0.00,,,
45977,,,,,,,,,,,,,,9.475198,0.082976,-2.617507,-0.259518,-0.583658,-0.003019,-0.935059,0.496582,-0.105225,0.094747,0.000796,-0.026194,1.000000,0.000266,0.000200,-0.000435,,-0.155480,0.174840,0.972243,0.887032,0.457855,0.059516,-0.434741,0.871665,-0.226277,,,0.000000,,,,0.00,,,
45978,,,,,,,,,,,,,,9.592944,-0.043652,-2.641032,-0.381992,-0.643283,0.109097,-0.930420,0.490234,-0.104980,0.095920,-0.000471,-0.026443,1.000000,0.000690,0.000338,-0.000552,100198.0000,-0.156028,0.174339,0.972245,0.886231,0.459360,0.059854,-0.436175,0.870973,-0.226178,,,0.000000,,,,0.00,,,
45979,,,,,,,,,,,,,,9.567967,-0.064198,-2.487768,-0.465842,-0.534167,0.048183,-0.926270,0.490234,-0.107178,0.095667,-0.000680,-0.024924,0.999999,0.001139,0.000473,-0.000694,,-0.156845,0.172876,0.972375,0.885018,0.461583,0.060690,-0.438340,0.870089,-0.225395,,,0.000000,,,,0.00,,,
45980,,,,,,,,,,,,,,9.704573,0.163576,-2.322345,-0.359425,-0.268931,0.157130,-0.921875,0.488037,-0.109131,0.097037,0.001585,-0.023264,0.999999,0.001343,0.000439,-0.000841,100197.0000,-0.157778,0.171727,0.972428,0.883412,0.464570,0.061294,-0.441235,0.868726,-0.225005,,,0.000000,,,,0.00,,,
45981,,,,,,,,,,,,,,9.941923,-0.474817,-2.763189,-0.769565,-0.925483,0.446635,-0.919434,0.479736,-0.115479,0.099389,-0.004810,-0.027728,0.999997,0.001939,0.000876,-0.001158,,-0.159046,0.169124,0.972678,0.881327,0.468331,0.062678,-0.444935,0.867216,-0.223539,,,0.000000,,,,0.00,,,
45982,,,,,,,,,,,,,,9.833119,0.417817,-2.116841,-0.251855,0.016428,0.251212,-0.925781,0.479736,-0.119873,0.098314,0.004113,-0.021263,0.999997,0.001974,0.001042,-0.001084,100203.0000,-0.159790,0.166718,0.972971,0.879021,0.472550,0.063389,-0.449210,0.865391,-0.222057,,,0.000000,,,,0.00,,,
45983,,,,,,,,,,,,,,9.780120,0.020452,-2.216452,-0.547181,-0.291064,0.196291,-0.921143,0.469238,-0.125977,0.097774,0.000159,-0.022286,0.999997,0.001790,0.001251,-0.000869,,-0.160188,0.163728,0.973413,0.877127,0.475935,0.064291,-0.452755,0.864106,-0.219850,,,0.000000,,,,0.00,,,
45984,,,,,,,,,,,,,,9.498743,0.146138,-1.926225,-0.516933,-0.045733,-0.133407,-0.918945,0.469238,-0.132568,0.094969,0.001418,-0.019358,0.999998,0.001495,0.001034,-0.000764,100202.0000,-0.160309,0.161628,0.973744,0.875323,0.479208,0.064564,-0.456191,0.862691,-0.218298,,,0.000000,,,,0.00,,,
45985,,,,,,,,,,,,,,9.530114,0.155996,-1.987512,-0.483882,-0.104760,-0.088877,-0.910156,0.465088,-0.132324,0.095291,0.001541,-0.019923,0.999999,0.001005,0.000521,-0.000414,,-0.160557,0.160329,0.973918,0.874271,0.481076,0.064933,-0.458118,0.861893,-0.217412,,,0.000000,,,,0.00,,,
45986,,,,,,,,,,,,,,9.661732,-0.134195,-2.374707,-0.572675,-0.563326,0.105024,-0.905762,0.460938,-0.134277,0.096604,-0.001349,-0.023802,0.999999,0.000971,0.000556,-0.000311,100194.0000,-0.160121,0.159430,0.974137,0.873071,0.483321,0.064407,-0.460553,0.860803,-0.216584,,,0.000000,,,,0.00,,,
45987,,,,,,,,,,,,,,9.655198,-0.095402,-2.324441,-0.554669,-0.514058,0.089991,-0.907715,0.458740,-0.140869,0.096534,-0.000949,-0.023318,0.999999,0.001220,0.000751,-0.000244,,-0.159854,0.157898,0.974431,0.871864,0.485501,0.064357,-0.462925,0.859859,-0.215275,,,0.000000,,,,0.00,,,
45988,,,,,,,,,,,,,,9.712945,-0.095125,-2.249200,-0.581684,-0.447394,0.130688,-0.897217,0.456787,-0.142822,0.097112,-0.000940,-0.022569,0.999999,0.001122,0.000786,-0.000141,100199.0000,-0.158711,0.156892,0.974780,0.870567,0.487975,0.063203,-0.465752,0.858642,-0.214032,,,0.000000,,,,0.00,,,
45989,,,,,,,,,,,,,,9.737600,-0.167135,-2.219693,-0.651168,-0.466414,0.143930,-0.898926,0.450439,-0.151367,0.097357,-0.001652,-0.022282,0.999999,0.000970,0.000861,-0.000022,,-0.157947,0.155390,0.975145,0.869653,0.489649,0.062834,-0.467715,0.857962,-0.212473,,,0.000000,,,,0.00,,,
45990,,,,,,,,,,,,,,9.644098,-0.249014,-2.131651,-0.726138,-0.453364,0.030163,-0.894531,0.448242,-0.148926,0.096421,-0.002456,-0.021409,0.999999,0.000938,0.000940,0.000148,100195.0000,-0.156038,0.154407,0.975608,0.868566,0.491794,0.061083,-0.470366,0.856911,-0.210851,,,0.000000,,,,0.00,,,
45991,,,,,,,,,,,,,,9.589063,-0.391185,-2.085313,-0.846021,-0.504245,-0.041217,-0.884033,0.446289,-0.157471,0.095873,-0.003859,-0.020945,0.999999,0.000993,0.000916,0.000331,,-0.154601,0.153160,0.976033,0.867732,0.493395,0.060022,-0.472377,0.856214,-0.209181,,,0.000000,,,,0.00,,,
45992,,,,,,,,,,,,,,9.630564,-0.481600,-2.039562,-0.922452,-0.507103,-0.013126,-0.883545,0.437744,-0.159424,0.096291,-0.004744,-0.020480,0.999999,0.001157,0.000820,0.000498,100199.0000,-0.152056,0.152775,0.976493,0.866511,0.495852,0.057352,-0.475434,0.854863,-0.207778,,,0.000000,,,,0.00,,,
45993,,,,,,,,,,,,,,9.674836,-0.636104,-1.993509,-1.061320,-0.545263,0.013674,-0.879150,0.429443,-0.159180,0.096735,-0.006264,-0.020032,0.999998,0.001398,0.000915,0.000709,,-0.149955,0.151913,0.976952,0.865391,0.498027,0.055390,-0.478134,0.853752,-0.206146,,,0.000000,,,,0.00,,,
45994,,,,,,,,,,,,,,9.686017,-0.737740,-1.867798,-1.169252,-0.489670,-0.002243,-0.876953,0.431641,-0.174316,0.096846,-0.007257,-0.018798,0.999998,0.001698,0.001106,0.000911,100197.0000,-0.146255,0.151445,0.977586,0.863695,0.501373,0.051544,-0.482328,0.851874,-0.204131,,,0.000000,,,,0.00,,,
45995,,,,,,,,,,,,,,9.750801,-0.700907,-1.714271,-1.186256,-0.338943,0.035455,-0.874756,0.431641,-0.176514,0.097496,-0.006869,-0.017269,0.999997,0.001845,0.001162,0.001112,,-0.143210,0.150582,0.978170,0.862230,0.504178,0.048621,-0.485851,0.850370,-0.202039,,,0.000000,,,,0.00,,,
45996,,,,,,,,,,,,,,9.794865,-0.489512,-1.627642,-0.999095,-0.154609,0.077003,-0.870117,0.425293,-0.187256,0.097934,-0.004732,-0.016411,0.999997,0.001825,0.001288,0.001357,100196.0000,-0.138377,0.150204,0.978923,0.860411,0.507723,0.043720,-0.490454,0.848326,-0.199494,,,0.000000,,,,0.00,,,
45997,,,,,,,,,,,,,,9.661127,-0.640404,-1.591252,-1.083623,-0.228074,-0.063168,-0.857666,0.429443,-0.189453,0.096597,-0.006219,-0.016070,0.999996,0.001417,0.001537,0.001680,,-0.133976,0.149304,0.979673,0.859473,0.509624,0.039870,-0.493312,0.847344,-0.196601,,,0.000000,,,,0.00,,,
45998,,,,,,,,,,,,,,9.600511,-0.961941,-1.577249,-1.292442,-0.394881,-0.129905,-0.848877,0.423340,-0.197754,0.095995,-0.009411,-0.015956,0.999996,0.001255,0.001790,0.001959,100195.0000,-0.127479,0.148630,0.980642,0.858256,0.512098,0.033953,-0.497138,0.845970,-0.192845,,,0.000000,,,,0.00,,,
45999,,,,,,,,,,,,,,9.472175,-1.100868,-1.569074,-1.342863,-0.488147,-0.254751,-0.842285,0.419189,-0.199707,0.094715,-0.010780,-0.015886,0.999995,0.001318,0.001907,0.002197,,-0.121808,0.147656,0.981509,0.857488,0.513678,0.029140,-0.499877,0.845182,-0.189184,,,0.000000,,,,0.00,,,
46000,,,,,,,,,,,,,,9.498323,-1.265582,-1.390630,-1.498143,-0.424479,-0.256081,-0.837891,0.416992,-0.206299,0.094985,-0.012406,-0.014115,0.999994,0.001099,0.002054,0.002468,100193.0000,-0.113982,0.147102,0.982532,0.856421,0.515804,0.022128,-0.503539,0.843983,-0.184773,,,0.000000,,,,0.00,,,
46001,,,,,,,,,,,,,,9.513848,-1.277978,-1.421148,-1.429550,-0.463695,-0.225864,-0.833740,0.419189,-0.217041,0.095141,-0.012513,-0.014429,0.999994,0.001106,0.002140,0.002633,,-0.107313,0.146206,0.983416,0.855886,0.516900,0.016548,-0.505909,0.843468,-0.180606,,,0.000000,,,,0.00,,,
46002,,,,,,,,,,,,,,9.632498,-1.422898,-1.444688,-1.463713,-0.546418,-0.093878,-0.827393,0.421387,-0.221436,0.096334,-0.013926,-0.014678,0.999992,0.001237,0.002218,0.002957,100197.0000,-0.098291,0.145890,0.984406,0.854603,0.519215,0.008382,-0.509895,0.842100,-0.175712,,,0.000000,,,,0.00,,,
46003,,,,,,,,,,,,,,9.957387,-1.219759,-1.275282,-1.328262,-0.258177,0.208897,-0.814453,0.415039,-0.223389,0.099582,-0.011852,-0.013010,0.999991,0.001309,0.002430,0.003302,,-0.090164,0.145229,0.985281,0.853885,0.520459,0.001425,-0.512592,0.841446,-0.170935,,,0.000000,,,,0.00,,,
46004,,,,,,,,,,,,,,10.049612,-0.643486,-1.234187,-0.755362,0.086908,0.304285,-0.801758,0.417236,-0.240723,0.100485,-0.006054,-0.012615,0.999989,0.001390,0.002637,0.003620,100192.0000,-0.079416,0.144960,0.986245,0.852365,0.522883,-0.008219,-0.516882,0.839988,-0.165084,,,0.000000,,,,0.00,,,
46005,,,,,,,,,,,,,,10.276276,-0.854734,-1.190863,-0.878039,0.044117,0.530272,-0.799561,0.419434,-0.242920,0.102768,-0.008103,-0.012166,0.999988,0.000549,0.002457,0.004254,,-0.069620,0.145278,0.986938,0.852429,0.522574,-0.016792,-0.518187,0.840126,-0.160221,,,0.000000,,,,0.00,,,
46006,,,,,,,,,,,,,,10.432096,-1.255499,-1.760871,-0.805691,-0.613318,0.792935,-0.791016,0.415283,-0.247070,0.104334,-0.012061,-0.017871,0.999986,0.000586,0.002445,0.004638,100198.0000,-0.057360,0.146278,0.987579,0.851589,0.523457,-0.028072,-0.521062,0.839402,-0.154594,,,0.000000,,,,0.00,,,
46007,,,,,,,,,,,,,,10.609756,-0.972397,-1.685953,-0.496262,-0.368495,0.956322,-0.780273,0.415283,-0.260010,0.106098,-0.009178,-0.017156,0.999983,0.001111,0.002692,0.004966,,-0.046093,0.146957,0.988068,0.850941,0.523869,-0.038220,-0.523235,0.839026,-0.149198,,,0.000000,,,,0.00,,,
46008,,,,,,,,,,,,,,10.839359,-0.999105,-1.495377,-0.474752,-0.169558,1.163209,-0.769775,0.421631,-0.268799,0.108398,-0.009386,-0.015301,0.999980,0.000747,0.003139,0.005473,100202.0000,-0.031459,0.148592,0.988398,0.850356,0.523665,-0.051661,-0.525266,0.838866,-0.142829,,,0.000000,,,,0.00,,,
46009,,,,,,,,,,,,,,11.197875,-1.371038,-1.138980,-0.838850,-0.009689,1.494985,-0.759277,0.425781,-0.275391,0.112014,-0.013026,-0.011826,0.999974,0.000646,0.003816,0.006047,,-0.017162,0.148513,0.988762,0.849970,0.522954,-0.063795,-0.526551,0.839323,-0.135207,,,0.000000,,,,0.00,,,
46010,,,,,,,,,,,,,,11.510075,-1.316402,-0.926061,-0.713014,0.251923,1.784624,-0.752930,0.430176,-0.290771,0.115139,-0.012409,-0.009791,0.999968,0.000757,0.004526,0.006491,100200.0000,0.000641,0.148794,0.988868,0.849008,0.522416,-0.079157,-0.528379,0.839608,-0.125992,,,0.000000,,,,0.00,,,
46011,,,,,,,,,,,,,,11.812686,-1.282397,-0.796455,-0.558484,0.411618,2.075694,-0.742188,0.427979,-0.305908,0.118169,-0.012002,-0.008572,0.999963,0.000313,0.005105,0.006936,,0.017814,0.147449,0.988909,0.848548,0.520890,-0.092952,-0.528819,0.840793,-0.115839,,,0.000000,,,,0.00,,,
46012,,,,,,,,,,,,,,12.015556,-1.673732,-1.115911,-0.481804,-0.036069,2.360345,-0.727539,0.430176,-0.314453,0.120210,-0.015858,-0.011821,0.999958,0.000091,0.005495,0.007309,100202.0000,0.037990,0.146735,0.988446,0.847734,0.518970,-0.109623,-0.529060,0.842104,-0.104677,,,0.000000,,,,0.00,,,
46013,,,,,,,,,,,,,,11.881370,-1.784685,-1.368703,-0.222195,-0.347786,2.272452,-0.710693,0.434570,-0.325439,0.118860,-0.016937,-0.014404,0.999954,0.000858,0.005904,0.007556,,0.057043,0.144621,0.987842,0.846106,0.518217,-0.124726,-0.529954,0.842933,-0.092804,,,0.000000,,,,0.00,,,
46014,,,,,,,,,,,,,,11.354307,-1.609899,-1.238033,0.075883,-0.236441,1.718960,-0.703857,0.428223,-0.340332,0.113587,-0.015207,-0.013067,0.999952,0.001545,0.005837,0.007678,100193.0000,0.078076,0.143641,0.986545,0.843071,0.518652,-0.142237,-0.532105,0.842833,-0.080605,,,0.000000,,,,0.00,,,
46015,,,,,,,,,,,,,,10.836733,-1.096291,-0.742345,0.418517,0.360250,1.090492,-0.697510,0.432617,-0.353516,0.108409,-0.010112,-0.007979,0.999956,0.001416,0.004991,0.007752,,0.096446,0.143268,0.984973,0.840207,0.518818,-0.157735,-0.533620,0.842794,-0.070337,,,0.000000,,,,0.00,,,
46016,,,,,,,,,,,,,,10.442516,-1.148382,-0.272026,0.296534,0.692505,0.669134,-0.687256,0.438965,-0.358154,0.104502,-0.010644,-0.003097,0.999961,-0.000174,0.003621,0.008044,100205.0000,0.115461,0.146298,0.982479,0.838314,0.516207,-0.175385,-0.532821,0.843876,-0.063042,,,0.000000,,,,0.00,,,
46017,,,,,,,,,,,,,,10.200062,-1.398044,-0.099833,0.140329,0.714258,0.457338,-0.676514,0.441162,-0.362305,0.102108,-0.013149,-0.001195,0.999963,-0.001714,0.002149,0.008168,,0.131438,0.151052,0.979749,0.838117,0.510883,-0.191202,-0.529418,0.846275,-0.059450,,,0.000000,,,,0.00,,,
46018,,,,,,,,,,,,,,9.899908,-1.664657,-0.077354,0.033886,0.621048,0.207106,-0.670410,0.443115,-0.364502,0.099127,-0.015859,-0.000852,0.999965,-0.002407,0.001180,0.007967,100205.0000,0.147498,0.157741,0.976403,0.838064,0.504333,-0.208077,-0.525255,0.848979,-0.057809,,,0.000000,,,,0.00,,,
46019,,,,,,,,,,,,,,9.562181,-1.251230,-0.236929,0.549402,0.706807,-0.207795,-0.666016,0.445312,-0.371094,0.095708,-0.011817,-0.002438,0.999971,-0.001962,0.000961,0.007321,,0.160775,0.163447,0.973363,0.837860,0.498648,-0.222126,-0.521672,0.851255,-0.056776,,,0.000000,,,,0.00,,,
46020,,,,,,,,,,,,,,9.265884,-0.876193,-1.118947,1.407317,0.152148,-0.546003,-0.655762,0.451660,-0.371338,0.092702,-0.008161,-0.011279,0.999978,-0.000787,0.001036,0.006576,100199.0000,0.174141,0.168640,0.970173,0.836125,0.495107,-0.236142,-0.520163,0.852308,-0.054785,,,0.000000,,,,0.00,,,
46021,,,,,,,,,,,,,,9.120773,-1.175665,-1.974793,1.685598,-0.706335,-0.586137,-0.651367,0.449707,-0.379883,0.091258,-0.011191,-0.019843,0.999981,0.001323,0.000875,0.005910,,0.184917,0.173000,0.967407,0.832623,0.495344,-0.247736,-0.522058,0.851296,-0.052447,,,0.000000,,,,0.00,,,
46022,,,,,,,,,,,,,,9.218065,-1.513198,-1.851855,1.471070,-0.706894,-0.430411,-0.645020,0.447510,-0.386230,0.092249,-0.014593,-0.018609,0.999982,0.002822,0.000525,0.005271,100196.0000,0.195106,0.177781,0.964535,0.827376,0.498261,-0.259200,-0.526671,0.848605,-0.049879,,,0.000000,,,,0.00,,,
46023,,,,,,,,,,,,,,9.438589,-1.594736,-1.288755,1.246684,-0.191579,-0.236713,-0.638672,0.447510,-0.388428,0.094455,-0.015461,-0.012968,0.999985,0.002817,0.000386,0.004767,,0.203381,0.181890,0.962056,0.822495,0.501322,-0.268659,-0.531166,0.845927,-0.047644,,,0.000000,,,,0.00,,,
46024,,,,,,,,,,,,,,9.692426,-1.751533,-0.878139,1.046545,0.161389,0.018900,-0.640381,0.439209,-0.390381,0.096993,-0.017072,-0.008887,0.999988,0.001826,0.000760,0.004402,100203.0000,0.211991,0.185501,0.959505,0.818503,0.502742,-0.278033,-0.533959,0.844299,-0.045256,,,0.000000,,,,0.00,,,
46025,,,,,,,,,,,,,,9.479315,-2.205401,-0.851424,0.701215,-0.062534,-0.068463,-0.640137,0.439209,-0.398926,0.094867,-0.021667,-0.008682,0.999990,0.001389,0.001450,0.003953,,0.220002,0.187029,0.957402,0.815309,0.503615,-0.285732,-0.535603,0.843440,-0.041690,,,0.000000,,,,0.00,,,
46026,,,,,,,,,,,,,,8.883066,-2.377601,-0.815069,0.494071,-0.219180,-0.596747,-0.633789,0.439209,-0.405518,0.088896,-0.023460,-0.008350,0.999991,0.001945,0.001727,0.003371,100202.0000,0.227724,0.187946,0.955415,0.811546,0.505578,-0.292889,-0.538084,0.842061,-0.037394,,,0.000000,,,,0.00,,,
46027,,,,,,,,,,,,,,8.335200,-2.360737,-0.821709,0.455295,-0.319773,-1.128565,-0.627197,0.430908,-0.409424,0.083405,-0.023357,-0.008390,0.999992,0.002710,0.001311,0.002737,,0.233572,0.188515,0.953890,0.807356,0.509108,-0.298305,-0.541868,0.839804,-0.033286,,,0.000000,,,,0.00,,,
46028,,,,,,,,,,,,,,8.027627,-2.317152,-0.910955,0.524643,-0.427535,-1.435122,-0.628906,0.420166,-0.409180,0.080319,-0.022971,-0.009239,0.999992,0.003368,0.000644,0.002110,100196.0000,0.237945,0.190027,0.952508,0.802557,0.513895,-0.303009,-0.547069,0.836541,-0.030228,,,0.000000,,,,0.00,,,
46029,,,,,,,,,,,,,,7.836851,-2.122766,-0.879178,0.660323,-0.336949,-1.679690,-0.622314,0.418213,-0.417725,0.078398,-0.021076,-0.008890,0.999992,0.003611,0.000275,0.001529,,0.240697,0.191145,0.951593,0.797852,0.519342,-0.306129,-0.552718,0.832915,-0.027502,,,0.000000,,,,0.00,,,
46030,,,,,,,,,,,,,,7.675056,-1.929245,-0.577718,0.641560,-0.012979,-1.903806,-0.624023,0.407715,-0.419678,0.076770,-0.019191,-0.005852,0.999993,0.003455,0.000108,0.001057,100202.0000,0.242658,0.192525,0.950816,0.793399,0.524611,-0.308708,-0.558243,0.829287,-0.025448,,,0.000000,,,,0.00,,,
46031,,,,,,,,,,,,,,7.483097,-1.833864,-0.205473,0.483172,0.306769,-2.126698,-0.621582,0.403564,-0.430420,0.074843,-0.018284,-0.002109,0.999994,0.003308,-0.000081,0.000631,,0.243568,0.193322,0.950422,0.789380,0.529845,-0.310071,-0.563520,0.825767,-0.023551,,,0.000000,,,,0.00,,,
46032,,,,,,,,,,,,,,7.490588,-1.757406,-0.012711,0.448432,0.508342,-2.148613,-0.625488,0.395020,-0.427979,0.074911,-0.017553,-0.000156,0.999994,0.003287,-0.000379,0.000281,100199.0000,0.243646,0.194639,0.950133,0.785453,0.535091,-0.311032,-0.568946,0.822067,-0.022507,,,0.000000,,,,0.00,,,
46033,,,,,,,,,,,,,,7.587523,-1.728757,-0.046786,0.518261,0.511931,-2.064744,-0.625244,0.386719,-0.431885,0.075875,-0.017289,-0.000484,0.999994,0.003475,-0.000578,-0.000036,,0.242930,0.195547,0.950130,0.781495,0.540807,-0.311117,-0.574674,0.818101,-0.021440,,,0.000000,,,,0.00,,,
46034,,,,,,,,,,,,,,7.753545,-1.717038,-0.203326,0.658144,0.421291,-1.907223,-0.620605,0.376221,-0.435791,0.077531,-0.017187,-0.002049,0.999993,0.003714,-0.000614,-0.000306,100201.0000,0.241739,0.196500,0.950237,0.777320,0.546942,-0.310852,-0.580807,0.813783,-0.020527,,,0.000000,,,,0.00,,,
46035,,,,,,,,,,,,,,7.838207,-1.778092,-0.194850,0.624599,0.405221,-1.807518,-0.622559,0.371826,-0.435791,0.078374,-0.017813,-0.001973,0.999993,0.003800,-0.000547,-0.000501,,0.240325,0.196834,0.950526,0.773122,0.553309,-0.310050,-0.586964,0.809386,-0.019203,,,0.000000,,,,0.00,,,
46036,,,,,,,,,,,,,,7.845619,-1.850743,-0.147211,0.537871,0.397760,-1.778191,-0.628418,0.359131,-0.437500,0.078444,-0.018555,-0.001498,0.999993,0.003702,-0.000541,-0.000682,100202.0000,0.238545,0.197150,0.950909,0.769087,0.559521,-0.308937,-0.592960,0.805027,-0.018154,,,0.000000,,,,0.00,,,
46037,,,,,,,,,,,,,,7.951761,-1.982131,0.061538,0.331634,0.502358,-1.639514,-0.621582,0.348633,-0.443604,0.079501,-0.019889,0.000594,0.999993,0.003477,-0.000598,-0.000821,,0.236575,0.197185,0.951394,0.765332,0.565431,-0.307499,-0.598582,0.800878,-0.017145,,,0.000000,,,,0.00,,,
46038,,,,,,,,,,,,,,8.030906,-2.157997,0.223178,0.107080,0.537655,-1.511986,-0.623291,0.342529,-0.445557,0.080287,-0.021662,0.002226,0.999994,0.003123,-0.000774,-0.000935,100204.0000,0.234080,0.197482,0.951949,0.762047,0.570769,-0.305789,-0.603731,0.797009,-0.016885,,,0.000000,,,,0.00,,,
46039,,,,,,,,,,,,,,8.129773,-2.264744,0.443440,-0.099376,0.661608,-1.388242,-0.623047,0.333984,-0.440918,0.081270,-0.022742,0.004451,0.999995,0.002751,-0.000968,-0.001014,,0.231366,0.197856,0.952535,0.759183,0.575548,-0.303951,-0.608368,0.793472,-0.017047,,,0.000000,,,,0.00,,,
46040,,,,,,,,,,,,,,8.182483,-2.281476,0.579684,-0.203912,0.763408,-1.335083,-0.627197,0.329834,-0.438721,0.081793,-0.022915,0.005844,0.999996,0.002338,-0.001228,-0.001065,100199.0000,0.228130,0.198601,0.953160,0.756854,0.579667,-0.301925,-0.612478,0.790281,-0.018073,,,0.000000,,,,0.00,,,
46041,,,,,,,,,,,,,,8.278022,-2.303717,0.745039,-0.324353,0.896461,-1.240701,-0.624512,0.317139,-0.444824,0.082745,-0.023139,0.007522,0.999996,0.002010,-0.001426,-0.001053,,0.224788,0.199624,0.953740,0.754859,0.583259,-0.299993,-0.616164,0.787375,-0.019578,,,0.000000,,,,0.00,,,
46042,,,,,,,,,,,,,,8.365098,-2.360511,0.859868,-0.445300,0.969102,-1.143850,-0.624512,0.317139,-0.442627,0.083614,-0.023705,0.008678,0.999997,0.001654,-0.001414,-0.001029,100196.0000,0.221412,0.200564,0.954333,0.753308,0.586286,-0.297988,-0.619277,0.784884,-0.021275,,,0.000000,,,,0.00,,,
46043,,,,,,,,,,,,,,8.424477,-2.468177,0.928906,-0.582655,0.972054,-1.058138,-0.624268,0.308838,-0.440186,0.084207,-0.024778,0.009375,0.999998,0.001227,-0.001383,-0.001002,,0.218189,0.201552,0.954867,0.752224,0.588615,-0.296129,-0.621734,0.782885,-0.023183,,,0.000000,,,,0.00,,,
46044,,,,,,,,,,,,,,8.586199,-2.686690,0.868485,-0.701203,0.829129,-0.839607,-0.626221,0.304443,-0.437744,0.085824,-0.026955,0.008783,0.999998,0.000804,-0.001399,-0.000943,100202.0000,0.215024,0.202435,0.955398,0.751654,0.590286,-0.294242,-0.623523,0.781397,-0.025235,,,0.000000,,,,0.00,,,
46045,,,,,,,,,,,,,,8.741569,-2.984329,0.764602,-0.853772,0.608658,-0.603648,-0.623779,0.298096,-0.444092,0.087379,-0.029921,0.007756,0.999999,0.000478,-0.001417,-0.000852,,0.211975,0.203639,0.955823,0.751419,0.591381,-0.292638,-0.624848,0.780256,-0.027660,,,0.000000,,,,0.00,,,
46046,,,,,,,,,,,,,,8.971745,-3.382467,0.423338,-0.917556,0.160913,-0.260482,-0.623535,0.289795,-0.437256,0.089687,-0.033887,0.004371,0.999998,0.000309,-0.001653,-0.000684,100202.0000,0.208970,0.205141,0.956163,0.751322,0.592188,-0.291254,-0.625976,0.779250,-0.030378,,,0.000000,,,,0.00,,,
46047,,,,,,,,,,,,,,9.230032,-3.727520,0.156756,-0.982353,-0.184275,0.092534,-0.625732,0.291992,-0.437500,0.092279,-0.037321,0.001704,0.999998,0.000395,-0.001642,-0.000491,,0.206176,0.207114,0.956345,0.751030,0.593007,-0.290339,-0.627253,0.778104,-0.033285,,,0.000000,,,,0.00,,,
46048,,,,,,,,,,,,,,9.313573,-4.023674,0.260468,-1.272324,-0.251142,0.253023,-0.629395,0.279297,-0.443604,0.093119,-0.040269,0.002707,0.999999,0.000395,-0.001266,-0.000333,100198.0000,0.204275,0.208444,0.956464,0.750638,0.593803,-0.289725,-0.628342,0.777142,-0.035166,,,0.000000,,,,0.00,,,
46049,,,,,,,,,,,,,,9.259398,-4.345889,0.379368,-1.616944,-0.350749,0.288280,-0.629639,0.281250,-0.437012,0.092578,-0.043485,0.003882,0.999999,0.000184,-0.001040,-0.000276,,0.202555,0.209729,0.956549,0.750518,0.594206,-0.289210,-0.629043,0.776488,-0.037046,,,0.000000,,,,0.00,,,
46050,,,,,,,,,,,,,,9.137084,-4.536918,0.362663,-1.786304,-0.495431,0.225495,-0.629395,0.277100,-0.437012,0.091355,-0.045395,0.003707,1.000000,0.000081,-0.000917,-0.000275,100199.0000,0.201318,0.210636,0.956610,0.750444,0.594484,-0.288830,-0.629528,0.776029,-0.038390,,,0.000000,,,,0.00,,,
46051,,,,,,,,,,,,,,9.195450,-4.657612,0.433785,-1.923599,-0.492545,0.311293,-0.625000,0.270752,-0.434570,0.091937,-0.046605,0.004401,1.000000,0.000228,-0.000799,-0.000300,,0.199863,0.211516,0.956721,0.750275,0.594967,-0.288273,-0.630192,0.775420,-0.039784,,,0.000000,,,,0.00,,,
46052,,,,,,,,,,,,,,9.238832,-4.724969,0.484420,-2.004157,-0.481857,0.369020,-0.626709,0.264404,-0.440918,0.092369,-0.047284,0.004886,1.000000,0.000470,-0.000690,-0.000348,100201.0000,0.198968,0.212052,0.956789,0.749677,0.595871,-0.287961,-0.631186,0.774578,-0.040411,,,0.000000,,,,0.00,,,
46053,,,,,,,,,,,,,,9.279408,-4.800190,0.472763,-2.055190,-0.529618,0.427842,-0.628662,0.258301,-0.442871,0.092768,-0.048052,0.004731,0.999999,0.000970,-0.000543,-0.000489,,0.197551,0.212307,0.957026,0.748644,0.597582,-0.287104,-0.632856,0.773189,-0.040889,,,0.000000,,,,0.00,,,
46054,,,,,,,,,,,,,,9.307279,-4.652606,0.507113,-1.962290,-0.420970,0.409912,-0.622070,0.249756,-0.442383,0.093037,-0.046601,0.005034,0.999998,0.001641,-0.000418,-0.000721,100202.0000,0.196608,0.212032,0.957281,0.746644,0.600443,-0.286342,-0.635506,0.771045,-0.040260,,,0.000000,,,,0.00,,,
46055,,,,,,,,,,,,,,9.281873,-4.431983,0.558046,-1.842849,-0.274572,0.318231,-0.636230,0.239258,-0.444336,0.092776,-0.044417,0.005516,0.999997,0.002232,-0.000369,-0.000916,,0.194775,0.211493,0.957775,0.744156,0.604269,-0.284766,-0.638979,0.768199,-0.039688,,,0.000000,,,,0.00,,,
46056,,,,,,,,,,,,,,9.257492,-4.154522,0.673436,-1.715433,-0.049241,0.210761,-0.633789,0.228760,-0.441895,0.092527,-0.041664,0.006661,0.999996,0.002588,-0.000368,-0.001094,100201.0000,0.193482,0.210715,0.958209,0.741014,0.608715,-0.283486,-0.643011,0.764896,-0.038367,,,0.000000,,,,0.00,,,
46057,,,,,,,,,,,,,,9.235538,-3.919946,0.759499,-1.613443,0.126985,0.118001,-0.629395,0.224609,-0.446045,0.092303,-0.039335,0.007536,0.999995,0.002689,-0.000503,-0.001247,,0.190990,0.209956,0.958875,0.738022,0.613346,-0.281299,-0.647183,0.761397,-0.037809,,,0.000000,,,,0.00,,,
46058,,,,,,,,,,,,,,9.361426,-3.672618,0.812113,-1.448691,0.318698,0.166471,-0.633057,0.209717,-0.447754,0.093559,-0.036873,0.008092,0.999996,0.002532,-0.000688,-0.001346,100200.0000,0.189020,0.209328,0.959403,0.734970,0.617776,-0.279592,-0.651223,0.757980,-0.037078,,,0.000000,,,,0.00,,,
46059,,,,,,,,,,,,,,9.384852,-3.538148,0.832064,-1.380083,0.398008,0.148394,-0.626465,0.203369,-0.445312,0.093791,-0.035535,0.008311,0.999996,0.002217,-0.000735,-0.001438,,0.185953,0.208655,0.960148,0.732612,0.621733,-0.276998,-0.654753,0.754924,-0.037250,,,0.000000,,,,0.00,,,
46060,,,,,,,,,,,,,,9.346851,-3.413798,0.818923,-1.301992,0.434730,0.076903,-0.636719,0.197021,-0.445312,0.093410,-0.034296,0.008193,0.999997,0.001943,-0.000752,-0.001521,100196.0000,0.183714,0.207841,0.960756,0.730335,0.625320,-0.274929,-0.657921,0.752181,-0.036913,,,0.000000,,,,0.00,,,
46061,,,,,,,,,,,,,,9.402374,-3.493291,0.729335,-1.317800,0.307954,0.152658,-0.627930,0.186523,-0.444824,0.093962,-0.035096,0.007308,0.999997,0.001629,-0.000762,-0.001612,,0.180359,0.206963,0.961580,0.728771,0.628438,-0.271952,-0.660578,0.749821,-0.037484,,,0.000000,,,,0.00,,,
46062,,,,,,,,,,,,,,9.303864,-3.614324,0.655921,-1.393821,0.134730,0.091577,-0.638184,0.178223,-0.451172,0.092971,-0.036314,0.006581,0.999997,0.001406,-0.000788,-0.001732,100196.0000,0.177821,0.205881,0.962285,0.727235,0.631289,-0.269450,-0.662955,0.747721,-0.037467,,,0.000000,,,,0.00,,,
46063,,,,,,,,,,,,,,9.240775,-3.727903,0.753525,-1.584154,0.102542,0.053254,-0.635742,0.169678,-0.448486,0.092333,-0.037457,0.007572,0.999997,0.000996,-0.000806,-0.001845,,0.174071,0.204749,0.963212,0.726560,0.633536,-0.265974,-0.664688,0.746130,-0.038482,,,0.000000,,,,0.00,,,
46064,,,,,,,,,,,,,,9.083349,-3.872160,0.736459,-1.729736,-0.053239,-0.063417,-0.639404,0.159180,-0.450439,0.090750,-0.038904,0.007429,0.999998,0.000496,-0.000917,-0.001974,100196.0000,0.171070,0.203528,0.964008,0.726275,0.635114,-0.262972,-0.665777,0.745122,-0.039169,,,0.000000,,,,0.00,,,
46065,,,,,,,,,,,,,,9.130239,-4.009878,0.610370,-1.779659,-0.239897,0.015233,-0.637207,0.155029,-0.446045,0.091209,-0.040294,0.006212,0.999997,-0.000112,-0.001133,-0.002142,,0.166451,0.202492,0.965034,0.727145,0.635819,-0.258832,-0.665999,0.744803,-0.041408,,,0.000000,,,,0.00,,,
46066,,,,,,,,,,,,,,9.231291,-3.799717,0.582268,-1.629468,-0.118997,0.052606,-0.636963,0.146484,-0.447754,0.092213,-0.038217,0.005966,0.999996,-0.000576,-0.001315,-0.002416,100195.0000,0.162345,0.201313,0.965980,0.728385,0.635967,-0.254952,-0.665657,0.744996,-0.043387,,,0.000000,,,,0.00,,,
46067,,,,,,,,,,,,,,9.737170,-3.300053,0.375630,-1.106206,0.136610,0.414785,-0.647461,0.144287,-0.439209,0.097274,-0.033264,0.003944,0.999995,-0.000887,-0.001625,-0.002741,,0.156188,0.200247,0.967216,0.730436,0.635748,-0.249574,-0.664882,0.745470,-0.046972,,,0.000000,,,,0.00,,,
46068,,,,,,,,,,,,,,10.807724,-2.758950,-0.295188,-0.161822,0.185831,1.342780,-0.646973,0.133789,-0.445312,0.107995,-0.027938,-0.002681,0.999992,-0.001229,-0.002188,-0.003191,100193.0000,0.149812,0.199394,0.968400,0.732727,0.635219,-0.244145,-0.663827,0.746149,-0.050938,,,0.000000,,,,0.00,,,
46069,,,,,,,,,,,,,,12.027920,-2.138149,-1.239024,0.997585,0.113057,2.425309,-0.650879,0.123291,-0.434082,0.120233,-0.021851,-0.012012,0.999988,-0.001686,-0.002838,-0.003732,,0.140572,0.198892,0.969887,0.736044,0.634190,-0.236731,-0.662177,0.747158,-0.057244,,,0.000000,,,,0.00,,,
46070,,,,,,,,,,,,,,12.504775,-1.322742,-1.777950,1.914580,0.307618,2.737954,-0.652588,0.106445,-0.433594,0.125033,-0.013771,-0.017466,0.999987,-0.001650,-0.002332,-0.004116,100196.0000,0.132505,0.197091,0.971390,0.739080,0.633380,-0.229326,-0.660457,0.748321,-0.061740,,,0.000000,,,,0.00,,,
46071,,,,,,,,,,,,,,11.257430,-0.527309,-1.298885,1.920258,0.891194,1.332381,-0.650146,0.100098,-0.437744,0.112563,-0.005722,-0.012894,0.999991,-0.001343,-0.000772,-0.003831,,0.125817,0.193395,0.973020,0.741838,0.632867,-0.221710,-0.658670,0.749718,-0.063842,,,0.000000,,,,0.00,,,
46072,,,,,,,,,,,,,,9.544042,-0.522635,-0.597398,1.187647,1.050224,-0.367850,-0.656250,0.095947,-0.437500,0.095426,-0.005541,-0.005916,0.999994,-0.001460,-0.000528,-0.003205,100201.0000,0.121232,0.190018,0.974267,0.744352,0.631933,-0.215873,-0.656691,0.751368,-0.064830,,,0.000000,,,,0.00,,,
46073,,,,,,,,,,,,,,9.052631,-1.610306,-0.698565,0.322607,0.179847,-0.598873,-0.664551,0.089600,-0.433105,0.090500,-0.016352,-0.006741,0.999992,-0.001765,-0.002391,-0.002621,,0.114192,0.190304,0.975061,0.747282,0.630276,-0.210528,-0.654622,0.752686,-0.070238,,,0.000000,,,,0.00,,,
46074,,,,,,,,,,,,,,10.506645,-2.715302,-1.234792,-0.063958,-0.625633,1.091013,-0.664307,0.081055,-0.426270,0.105048,-0.027429,-0.011881,0.999988,-0.001588,-0.004032,-0.002443,100196.0000,0.106022,0.193143,0.975426,0.749738,0.628850,-0.206009,-0.653186,0.753155,-0.078135,,,0.000000,,,,0.00,,,
46075,,,,,,,,,,,,,,12.320331,-3.259067,-2.084474,0.168728,-1.217491,3.042085,-0.662109,0.081055,-0.424072,0.123216,-0.032873,-0.020316,0.999989,-0.001245,-0.003962,-0.002086,,0.097723,0.196487,0.975624,0.751786,0.627789,-0.201737,-0.652125,0.753175,-0.086367,,,0.000000,,,,0.00,,,
46076,,,,,,,,,,,,,,12.732944,-3.468186,-2.392095,0.171880,-1.469481,3.517315,-0.668213,0.070557,-0.417236,0.127326,-0.034891,-0.023631,0.999996,-0.000379,-0.002171,-0.001570,100199.0000,0.093235,0.197708,0.975817,0.752431,0.627859,-0.199101,-0.652039,0.752798,-0.090223,,,0.000000,,,,0.00,,,
46077,,,,,,,,,,,,,,11.625294,-2.349121,-0.872425,-0.123602,0.159367,2.077907,-0.674072,0.062012,-0.416992,0.116230,-0.023604,-0.008722,0.999999,0.001211,-0.000261,-0.001059,,0.091307,0.196767,0.976189,0.751043,0.630099,-0.197255,-0.653909,0.751171,-0.090248,,,0.000000,,,,0.00,,,
46078,,,,,,,,,,,,,,10.615145,-0.443401,1.274785,-0.193384,2.752078,0.526151,-0.677979,0.053711,-0.421143,0.106158,-0.004555,0.012654,0.999998,0.001627,0.000816,-0.000949,100196.0000,0.091609,0.194321,0.976651,0.748943,0.632928,-0.196182,-0.656272,0.749428,-0.087553,,,0.000000,,,,0.00,,,
46079,,,,,,,,,,,,,,10.464564,0.914776,2.486741,0.014085,4.458919,0.018158,-0.671631,0.049561,-0.423096,0.104691,0.009041,0.024717,0.999998,0.000064,0.001445,-0.001006,,0.092004,0.190879,0.977293,0.749042,0.633412,-0.194230,-0.656103,0.749903,-0.084700,,,0.000000,,,,0.00,,,
46080,,,,,,,,,,,,,,10.739933,1.426746,1.396351,1.150801,3.982676,0.294015,-0.677734,0.047363,-0.425293,0.107429,0.014186,0.013820,0.999996,-0.002209,0.001042,-0.001039,100197.0000,0.092440,0.187719,0.977863,0.752017,0.630520,-0.192130,-0.652629,0.753130,-0.082883,,,0.000000,,,,0.00,,,
46081,,,,,,,,,,,,,,11.154341,1.458531,-1.195827,2.898278,2.098886,0.919097,-0.671387,0.045410,-0.425049,0.111561,0.014410,-0.012002,0.999992,-0.003696,-0.000083,-0.001170,,0.090571,0.186373,0.978296,0.757033,0.625376,-0.189225,-0.647069,0.757740,-0.084449,,,0.000000,,,,0.00,,,
46082,,,,,,,,,,,,,,10.610708,1.827851,-3.942669,4.870214,0.113603,0.567123,-0.677734,0.045166,-0.420898,0.106195,0.017931,-0.039350,0.999988,-0.004477,-0.001484,-0.001610,100195.0000,0.086675,0.186151,0.978691,0.763034,0.619212,-0.185353,-0.640521,0.762840,-0.088369,,,0.000000,,,,0.00,,,
46083,,,,,,,,,,,,,,9.160024,2.554582,-4.831974,5.805333,-0.415743,-0.873752,-0.671387,0.043213,-0.420654,0.091742,0.025154,-0.048255,0.999987,-0.004398,-0.001918,-0.001960,,0.081233,0.186668,0.979059,0.768966,0.613215,-0.180717,-0.634107,0.767543,-0.093728,,,0.000000,,,,0.00,,,
46084,,,,,,,,,,,,,,7.806912,3.287993,-4.010119,5.681966,0.371406,-2.368449,-0.677490,0.036865,-0.420410,0.078201,0.032535,-0.040126,0.999986,-0.004565,-0.001595,-0.002070,100199.0000,0.076104,0.186163,0.979567,0.775077,0.606984,-0.175572,-0.627266,0.772602,-0.098096,,,0.000000,,,,0.00,,,
