// Start Time: Unknown
// Update Rate: 100.0Hz
// Filter Profile: human (46.1)
// Firmware Version: 4.6.0
PacketCounter,SampleTimeFine,Year,Month,Day,Second,UTC_Nano,UTC_Year,UTC_Month,UTC_Day,UTC_Hour,UTC_Minute,UTC_Second,UTC_Valid,Acc_X,Acc_Y,Acc_Z,FreeAcc_X,FreeAcc_Y,FreeAcc_Z,Mag_X,Mag_Y,Mag_Z,VelInc_X,VelInc_Y,VelInc_Z,OriInc_q0,OriInc_q1,OriInc_q2,OriInc_q3,Pressure,Mat[1][1],Mat[2][1],Mat[3][1],Mat[1][2],Mat[2][2],Mat[3][2],Mat[1][3],Mat[2][3],Mat[3][3],Latitude,Longitude,Altitude,Vel_X,Vel_Y,Vel_Z,Temperature,GyrTemp_X,GyrTemp_Y,GyrTemp_Z
45946,,,,,,,,,,,,,,-7.575184,-6.012102,-0.837848,0.074652,-0.045832,-0.105829,1.151123,0.102051,-0.092529,-0.075755,-0.060115,-0.008391,1.000000,0.000241,0.000027,-0.000048,,0.613688,0.087646,-0.784669,-0.752135,-0.237406,-0.614761,-0.240166,0.967449,-0.079771,,,0.000000,,,,0.00,,,
45947,,,,,,,,,,,,,,-7.545035,-5.991569,-0.907291,0.093579,-0.118303,-0.136589,1.151367,0.100098,-0.090332,-0.075455,-0.059908,-0.009088,1.000000,0.000366,0.000090,-0.000060,100111.0000,0.613821,0.087500,-0.784581,-0.752237,-0.236687,-0.614913,-0.239505,0.967638,-0.079463,,,0.000000,,,,0.00,,,
45948,,,,,,,,,,,,,,-7.544125,-5.993111,-0.904671,0.093571,-0.118269,-0.136589,1.153320,0.102051,-0.094727,-0.075446,-0.059924,-0.009058,1.000000,0.000442,0.000205,-0.000048,,0.613991,0.087123,-0.784490,-0.752390,-0.235824,-0.615058,-0.238587,0.967883,-0.079244,,,0.000000,,,,0.00,,,
45949,,,,,,,,,,,,,,-7.542998,-5.994823,-0.902724,0.093571,-0.118269,-0.136589,1.147217,0.095703,-0.090332,-0.075437,-0.059939,-0.009036,1.000000,0.000513,0.000296,-0.000065,100116.0000,0.614230,0.086580,-0.784363,-0.752555,-0.234820,-0.615241,-0.237451,0.968175,-0.079077,,,0.000000,,,,0.00,,,
45950,,,,,,,,,,,,,,-7.576977,-6.024314,-0.933353,0.099455,-0.144933,-0.089355,1.149170,0.099854,-0.090332,-0.075781,-0.060230,-0.009329,1.000000,0.000434,0.000405,-0.000117,,0.614601,0.085846,-0.784153,-0.752614,-0.233963,-0.615495,-0.236300,0.968448,-0.079185,,,0.000000,,,,0.00,,,
45951,,,,,,,,,,,,,,-7.657714,-5.933934,-0.824030,-0.046968,-0.067619,-0.090321,1.149170,0.102051,-0.085938,-0.076585,-0.059329,-0.008243,1.000000,0.000484,0.000345,-0.000083,100113.0000,0.614890,0.085215,-0.783996,-0.752739,-0.233011,-0.615702,-0.235147,0.968733,-0.079131,,,0.000000,,,,0.00,,,
45952,,,,,,,,,,,,,,-7.633048,-5.945727,-0.726677,-0.047712,0.031219,-0.110115,1.146973,0.102051,-0.083496,-0.076334,-0.059453,-0.007265,1.000000,0.000363,0.000310,-0.000025,,0.615078,0.084615,-0.783913,-0.752875,-0.232313,-0.615801,-0.234219,0.968954,-0.079186,,,0.000000,,,,0.00,,,
45953,,,,,,,,,,,,,,-7.723522,-5.758832,-0.690116,-0.251702,0.014351,-0.157138,1.147217,0.097900,-0.090332,-0.077227,-0.057597,-0.006917,1.000000,0.000420,0.000105,0.000154,100116.0000,0.614896,0.084340,-0.784085,-0.753260,-0.231524,-0.615626,-0.233456,0.969166,-0.078833,,,0.000000,,,,0.00,,,
45954,,,,,,,,,,,,,,-7.704071,-5.857184,-0.642118,-0.170500,0.083766,-0.115495,1.146973,0.102051,-0.090332,-0.077013,-0.058607,-0.006436,1.000000,0.000259,0.000010,0.000478,,0.614171,0.084089,-0.784680,-0.753976,-0.231109,-0.614906,-0.233054,0.969287,-0.078539,,,0.000000,,,,0.00,,,
45955,,,,,,,,,,,,,,-7.858146,-5.755178,-0.709428,-0.311623,-0.013097,-0.051617,1.145264,0.093750,-0.090088,-0.078518,-0.057642,-0.007067,0.999999,-0.000334,0.000103,0.001113,100122.0000,0.612540,0.083375,-0.786030,-0.755185,-0.231943,-0.613105,-0.233432,0.969150,-0.079111,,,0.000000,,,,0.00,,,
45956,,,,,,,,,,,,,,-7.892955,-5.672318,-0.746195,-0.364127,-0.059629,-0.071305,1.145264,0.087402,-0.087891,-0.078853,-0.056833,-0.007434,0.999999,-0.000068,0.000307,0.001386,,0.610549,0.082132,-0.787708,-0.756878,-0.232309,-0.610875,-0.233164,0.969168,-0.079672,,,0.000000,,,,0.00,,,
45957,,,,,,,,,,,,,,-7.879942,-5.719618,-0.568138,-0.334712,0.134918,-0.065895,1.147461,0.087402,-0.085693,-0.078709,-0.057321,-0.005677,0.999999,0.000384,0.000329,0.001611,100111.0000,0.608261,0.080746,-0.789619,-0.759020,-0.231826,-0.608396,-0.232180,0.969400,-0.079723,,,0.000000,,,,0.00,,,
45958,,,,,,,,,,,,,,-7.864132,-5.566028,-0.504076,-0.422018,0.166642,-0.175606,1.147705,0.081055,-0.085449,-0.078535,-0.055806,-0.005085,0.999998,0.000894,0.000070,0.001918,,0.605290,0.079724,-0.792003,-0.761828,-0.230399,-0.605421,-0.230744,0.969825,-0.078722,,,0.000000,,,,0.00,,,
45959,,,,,,,,,,,,,,-8.053132,-5.598232,-0.393664,-0.496346,0.259145,-0.012972,1.147949,0.074951,-0.094482,-0.080412,-0.056145,-0.004056,0.999996,0.001637,-0.000342,0.002107,100114.0000,0.601915,0.079422,-0.794601,-0.765124,-0.227557,-0.602331,-0.228656,0.970520,-0.076202,,,0.000000,,,,0.00,,,
45960,,,,,,,,,,,,,,-7.939156,-5.736433,-0.398943,-0.272777,0.277412,-0.017564,1.143799,0.070801,-0.085205,-0.079265,-0.057529,-0.004139,0.999996,0.002013,-0.000429,0.002176,,0.598221,0.079309,-0.797397,-0.768773,-0.223967,-0.599022,-0.226098,0.971364,-0.073011,,,0.000000,,,,0.00,,,
45961,,,,,,,,,,,,,,-7.833315,-5.776471,-0.497013,-0.109430,0.177560,-0.069396,1.141602,0.072754,-0.094238,-0.078207,-0.057921,-0.005141,0.999995,0.002175,-0.000581,0.002137,100111.0000,0.594666,0.079489,-0.800033,-0.772300,-0.220078,-0.595918,-0.223439,0.972238,-0.069483,,,0.000000,,,,0.00,,,
45962,,,,,,,,,,,,,,-7.864792,-5.714189,-0.578310,-0.110364,0.054712,-0.074826,1.144287,0.064453,-0.100830,-0.078532,-0.057282,-0.005973,0.999995,0.002252,-0.000779,0.001947,,0.591113,0.080234,-0.802588,-0.775753,-0.215950,-0.592936,-0.220892,0.973102,-0.065409,,,0.000000,,,,0.00,,,
45963,,,,,,,,,,,,,,-7.802613,-5.805189,-0.574552,0.038024,0.050541,-0.070672,1.142334,0.056152,-0.105225,-0.077923,-0.058168,-0.005964,0.999995,0.002563,-0.000896,0.001684,100105.0000,0.588101,0.081260,-0.804695,-0.778863,-0.211232,-0.590553,-0.217965,0.974052,-0.060936,,,0.000000,,,,0.00,,,
45964,,,,,,,,,,,,,,-7.928646,-5.989023,-0.552897,0.143409,0.061779,0.137836,1.142334,0.058105,-0.100830,-0.079191,-0.059994,-0.005758,0.999995,0.002692,-0.000859,0.001505,,0.585184,0.082393,-0.806704,-0.781938,-0.206167,-0.588276,-0.214785,0.975042,-0.056219,,,0.000000,,,,0.00,,,
45965,,,,,,,,,,,,,,-7.917845,-5.945446,-0.605207,0.161655,-0.035067,0.105947,1.142822,0.045654,-0.111816,-0.079097,-0.059541,-0.006265,0.999995,0.002616,-0.000727,0.001294,100116.0000,0.582846,0.083284,-0.808303,-0.784565,-0.201277,-0.586468,-0.211536,0.975987,-0.051971,,,0.000000,,,,0.00,,,
45966,,,,,,,,,,,,,,-7.848425,-5.755930,-0.626353,0.089342,-0.124394,-0.060907,1.146973,0.049805,-0.111816,-0.078417,-0.057629,-0.006457,0.999996,0.002556,-0.000592,0.001101,,0.580713,0.084088,-0.809754,-0.787031,-0.196407,-0.584813,-0.208217,0.976910,-0.047877,,,0.000000,,,,0.00,,,
45967,,,,,,,,,,,,,,-7.949160,-5.678711,-0.617001,-0.005365,-0.172339,-0.025567,1.138672,0.043457,-0.111816,-0.079428,-0.056856,-0.006358,0.999996,0.002591,-0.000515,0.001068,100110.0000,0.578817,0.084680,-0.811049,-0.789339,-0.191523,-0.583320,-0.204730,0.977828,-0.044016,,,0.000000,,,,0.00,,,
45968,,,,,,,,,,,,,,-7.985524,-5.658623,-0.678167,-0.002980,-0.271643,-0.005823,1.140869,0.041504,-0.111816,-0.079795,-0.056650,-0.006957,0.999996,0.002550,-0.000392,0.001014,,0.576915,0.085112,-0.812357,-0.791646,-0.186670,-0.581765,-0.201158,0.978729,-0.040314,,,0.000000,,,,0.00,,,
45969,,,,,,,,,,,,,,-8.042336,-5.650351,-0.542541,-0.045392,-0.174305,0.029438,1.138916,0.037354,-0.111816,-0.080363,-0.056573,-0.005582,0.999997,0.002380,-0.000279,0.001032,100123.0000,0.575168,0.085279,-0.813578,-0.793784,-0.182186,-0.580271,-0.197708,0.979559,-0.037095,,,0.000000,,,,0.00,,,
45970,,,,,,,,,,,,,,-8.030744,-5.563505,-0.447045,-0.100812,-0.120850,-0.034118,1.138672,0.039307,-0.118408,-0.080248,-0.055709,-0.004610,0.999997,0.002210,-0.000208,0.001044,,0.573294,0.085297,-0.814898,-0.795945,-0.178043,-0.578596,-0.194439,0.980319,-0.034179,,,0.000000,,,,0.00,,,
45971,,,,,,,,,,,,,,-7.987548,-5.543141,-0.373915,-0.081975,-0.070228,-0.083585,1.134521,0.039307,-0.120850,-0.079812,-0.055515,-0.003854,0.999998,0.001778,-0.000208,0.001128,100116.0000,0.571416,0.085306,-0.816215,-0.797922,-0.174748,-0.576874,-0.191843,0.980911,-0.031786,,,0.000000,,,,0.00,,,
45972,,,,,,,,,,,,,,-7.994340,-5.506454,-0.521678,-0.060714,-0.241115,-0.094625,1.134766,0.031006,-0.120605,-0.079883,-0.055141,-0.005337,0.999998,0.001573,-0.000421,0.001064,,0.569416,0.085736,-0.817567,-0.799837,-0.171853,-0.575089,-0.189808,0.981385,-0.029281,,,0.000000,,,,0.00,,,
45973,,,,,,,,,,,,,,-8.018795,-5.447008,-0.459359,-0.111743,-0.214560,-0.110967,1.130615,0.029053,-0.122803,-0.080138,-0.054531,-0.004734,0.999998,0.001468,-0.000757,0.000846,100113.0000,0.567774,0.086934,-0.818581,-0.801354,-0.169117,-0.573786,-0.188318,0.981754,-0.026355,,,0.000000,,,,0.00,,,
45974,,,,,,,,,,,,,,-8.041034,-5.506885,-0.346471,-0.076521,-0.118897,-0.061586,1.130615,0.029053,-0.127441,-0.080369,-0.055120,-0.003600,0.999999,0.001241,-0.000827,0.000694,,0.566203,0.088240,-0.819529,-0.802712,-0.166857,-0.572549,-0.187266,0.982025,-0.023643,,,0.000000,,,,0.00,,,
45975,,,,,,,,,,,,,,-8.093020,-5.382652,-0.267314,-0.203417,-0.089670,-0.091993,1.128418,0.031006,-0.131836,-0.080895,-0.053873,-0.002798,0.999999,0.001024,-0.000861,0.000613,100117.0000,0.564896,0.089729,-0.820269,-0.803788,-0.164955,-0.571590,-0.186596,0.982211,-0.021059,,,0.000000,,,,0.00,,,
45976,,,,,,,,,,,,,,-8.174345,-5.307833,-0.122748,-0.319760,0.011420,-0.070735,1.134766,0.031006,-0.134033,-0.081718,-0.053115,-0.001350,0.999999,0.000785,-0.000986,0.000463,,0.563622,0.091423,-0.820958,-0.804716,-0.163557,-0.570685,-0.186447,0.982289,-0.018615,,,0.000000,,,,0.00,,,
45977,,,,,,,,,,,,,,-8.490790,-5.236825,0.087443,-0.582556,0.155475,0.145320,1.128662,0.029053,-0.140869,-0.084892,-0.052395,0.000760,0.999999,0.000489,-0.001050,0.000313,100111.0000,0.562726,0.093384,-0.821352,-0.805251,-0.162654,-0.570188,-0.186842,0.982254,-0.016332,,,0.000000,,,,0.00,,,
45978,,,,,,,,,,,,,,-8.688577,-5.054870,0.410631,-0.886787,0.406440,0.200308,1.126465,0.031006,-0.145508,-0.086870,-0.050582,0.004014,0.999999,0.000242,-0.000923,0.000376,,0.561490,0.095019,-0.822010,-0.805964,-0.162280,-0.569287,-0.187489,0.982159,-0.014537,,,0.000000,,,,0.00,,,
45979,,,,,,,,,,,,,,-8.701384,-5.000959,0.712523,-0.982958,0.678957,0.177515,1.124512,0.026855,-0.145264,-0.086995,-0.050052,0.007059,1.000000,0.000051,-0.000731,0.000489,100118.0000,0.560427,0.096297,-0.822586,-0.806531,-0.162273,-0.568486,-0.188227,0.982036,-0.013276,,,0.000000,,,,0.00,,,
45980,,,,,,,,,,,,,,-8.751189,-4.937793,0.990712,-1.094716,0.924878,0.181951,1.124512,0.022705,-0.154297,-0.087484,-0.049440,0.009843,0.999999,0.000050,-0.000708,0.000705,,0.558540,0.097582,-0.823718,-0.807674,-0.162211,-0.566877,-0.188933,0.981919,-0.011787,,,0.000000,,,,0.00,,,
45981,,,,,,,,,,,,,,-8.770810,-4.903736,1.259228,-1.164025,1.171332,0.178927,1.115967,0.024902,-0.156494,-0.087661,-0.049139,0.012523,0.999999,0.000154,-0.000703,0.001134,100116.0000,0.556441,0.098598,-0.825016,-0.808996,-0.162131,-0.565013,-0.189470,0.981831,-0.010451,,,0.000000,,,,0.00,,,
45982,,,,,,,,,,,,,,-8.908520,-4.981948,1.463740,-1.177816,1.354945,0.341171,1.124512,0.022705,-0.161133,-0.089020,-0.049964,0.014544,0.999998,0.000223,-0.000928,0.001583,,0.552796,0.100318,-0.827257,-0.811347,-0.161655,-0.561768,-0.190085,0.981735,-0.007970,,,0.000000,,,,0.00,,,
45983,,,,,,,,,,,,,,-8.746024,-5.143258,1.430785,-0.911964,1.349405,0.303657,1.115967,0.024902,-0.167969,-0.087376,-0.051613,0.014175,0.999997,0.000695,-0.001112,0.001946,100114.0000,0.549211,0.101878,-0.829451,-0.813755,-0.160684,-0.558554,-0.190183,0.981734,-0.005346,,,0.000000,,,,0.00,,,
45984,,,,,,,,,,,,,,-8.709615,-5.403708,1.269609,-0.588907,1.203541,0.428101,1.109863,0.016357,-0.169922,-0.086995,-0.054244,0.012507,0.999996,0.001441,-0.001281,0.002170,,0.544181,0.104436,-0.832443,-0.817370,-0.157692,-0.554111,-0.189138,0.981950,-0.000450,,,0.000000,,,,0.00,,,
45985,,,,,,,,,,,,,,-8.523094,-5.570144,1.050897,-0.255925,1.001475,0.370887,1.114502,0.008057,-0.176514,-0.085119,-0.055916,0.010272,0.999994,0.002285,-0.001282,0.002238,100114.0000,0.540033,0.106262,-0.834909,-0.820655,-0.153674,-0.550372,-0.186788,0.982391,0.004216,,,0.000000,,,,0.00,,,
45986,,,,,,,,,,,,,,-8.368646,-5.769201,0.737302,0.118494,0.687159,0.354656,1.104004,0.006104,-0.183350,-0.083571,-0.057894,0.007098,0.999992,0.003327,-0.000984,0.002125,,0.535105,0.108502,-0.837788,-0.824880,-0.146904,-0.545886,-0.182304,0.983182,0.010892,,,0.000000,,,,0.00,,,
45987,,,,,,,,,,,,,,-8.195962,-5.882569,0.397339,0.419787,0.340615,0.269159,1.104248,0.001953,-0.189941,-0.081849,-0.058999,0.003682,0.999988,0.004521,-0.000308,0.001902,100116.0000,0.531851,0.108571,-0.839849,-0.828525,-0.138420,-0.542574,-0.175160,0.984404,0.016335,,,0.000000,,,,0.00,,,
45988,,,,,,,,,,,,,,-8.087058,-5.930294,0.054609,0.635055,-0.040608,0.195638,1.108398,0.001953,-0.189941,-0.080774,-0.059436,0.000264,0.999983,0.005584,0.000608,0.001616,,0.528428,0.107970,-0.842085,-0.832750,-0.127087,-0.538865,-0.165199,0.985998,0.022756,,,0.000000,,,,0.00,,,
45989,,,,,,,,,,,,,,-7.938697,-5.890938,-0.176532,0.755273,-0.305390,0.040905,1.110596,-0.002197,-0.192139,-0.079314,-0.058999,-0.002017,0.999978,0.006329,0.001538,0.001284,100110.0000,0.526775,0.104631,-0.843540,-0.836118,-0.114867,-0.536388,-0.153018,0.987855,0.026975,,,0.000000,,,,0.00,,,
45990,,,,,,,,,,,,,,-7.857563,-5.863863,-0.259871,0.821911,-0.435399,-0.049059,1.114990,-0.004395,-0.189941,-0.078526,-0.058695,-0.002810,0.999975,0.006677,0.002302,0.000946,,0.525179,0.100777,-0.845004,-0.839500,-0.101279,-0.533837,-0.139379,0.989741,0.031413,,,0.000000,,,,0.00,,,
45991,,,,,,,,,,,,,,-7.761598,-5.784130,-0.294027,0.826592,-0.502573,-0.176864,1.108887,-0.008545,-0.187500,-0.077588,-0.057870,-0.003099,0.999974,0.006562,0.002842,0.000626,100111.0000,0.524881,0.095033,-0.845854,-0.841893,-0.088400,-0.532355,-0.125364,0.991541,0.033608,,,0.000000,,,,0.00,,,
45992,,,,,,,,,,,,,,-7.719763,-5.725148,-0.188257,0.798529,-0.432988,-0.242821,1.106934,-0.012695,-0.178467,-0.077190,-0.057258,-0.001994,0.999977,0.006075,0.003062,0.000239,,0.524802,0.089615,-0.846494,-0.843838,-0.075945,-0.531196,-0.111890,0.993077,0.035765,,,0.000000,,,,0.00,,,
45993,,,,,,,,,,,,,,-7.675805,-5.626628,-0.160394,0.736204,-0.426795,-0.332261,1.100342,-0.012695,-0.176270,-0.076770,-0.056248,-0.001671,0.999982,0.005249,0.002967,-0.000127,100114.0000,0.525646,0.083743,-0.846571,-0.844816,-0.065490,-0.531034,-0.099913,0.994333,0.036323,,,0.000000,,,,0.00,,,
45994,,,,,,,,,,,,,,-7.665366,-5.564504,-0.142912,0.682714,-0.429035,-0.373843,1.113037,-0.008545,-0.176270,-0.076685,-0.055601,-0.001460,0.999987,0.004354,0.002754,-0.000497,,0.526846,0.078848,-0.846296,-0.845220,-0.056418,-0.531432,-0.089648,0.995289,0.036920,,,0.000000,,,,0.00,,,
45995,,,,,,,,,,,,,,-7.747509,-5.432819,-0.093995,0.510801,-0.399995,-0.371961,1.106689,-0.008545,-0.174072,-0.077521,-0.054263,-0.000954,0.999990,0.003759,0.002458,-0.000798,100111.0000,0.528614,0.074043,-0.845627,-0.845017,-0.048810,-0.532507,-0.080703,0.996060,0.036766,,,0.000000,,,,0.00,,,
45996,,,,,,,,,,,,,,-7.715498,-5.397784,-0.087749,0.479565,-0.400955,-0.416843,1.114990,-0.004395,-0.169678,-0.077214,-0.053894,-0.000886,0.999992,0.003306,0.002201,-0.001054,,0.530739,0.070123,-0.844630,-0.844404,-0.041838,-0.534070,-0.072788,0.996661,0.037007,,,0.000000,,,,0.00,,,
45997,,,,,,,,,,,,,,-7.800263,-5.298824,-0.145080,0.332628,-0.471231,-0.399402,1.110596,0.001709,-0.167480,-0.078072,-0.052885,-0.001455,0.999993,0.003048,0.002012,-0.001264,100111.0000,0.533152,0.066216,-0.843424,-0.843480,-0.035588,-0.535981,-0.065506,0.997170,0.036878,,,0.000000,,,,0.00,,,
45998,,,,,,,,,,,,,,-7.861252,-5.155501,-0.175415,0.154008,-0.516435,-0.425528,1.108643,-0.002441,-0.167480,-0.078687,-0.051440,-0.001765,0.999993,0.002982,0.001814,-0.001393,,0.535834,0.062914,-0.841976,-0.842291,-0.029318,-0.538225,-0.058547,0.997588,0.037283,,,0.000000,,,,0.00,,,
45999,,,,,,,,,,,,,,-7.887935,-5.056594,-0.136291,0.026895,-0.487010,-0.454842,1.112549,0.001953,-0.167480,-0.078953,-0.050450,-0.001385,0.999994,0.002873,0.001555,-0.001418,100116.0000,0.538395,0.059892,-0.840562,-0.841084,-0.023409,-0.540398,-0.052042,0.997930,0.037770,,,0.000000,,,,0.00,,,
46000,,,,,,,,,,,,,,-7.939501,-5.000554,-0.196003,-0.073066,-0.559131,-0.444571,1.116699,0.006104,-0.165283,-0.079466,-0.049891,-0.001995,0.999995,0.002727,0.001270,-0.001369,,0.540942,0.057497,-0.839092,-0.839796,-0.017755,-0.542612,-0.046096,0.998188,0.038681,,,0.000000,,,,0.00,,,
46001,,,,,,,,,,,,,,-7.850830,-4.921910,-0.206702,-0.115403,-0.576310,-0.562933,1.110352,0.003906,-0.165283,-0.078570,-0.049119,-0.002122,0.999995,0.002593,0.000929,-0.001207,100111.0000,0.543051,0.055685,-0.837851,-0.838711,-0.012440,-0.544435,-0.040740,0.998371,0.039948,,,0.000000,,,,0.00,,,
46002,,,,,,,,,,,,,,-7.808144,-4.935500,-0.315852,-0.099057,-0.696665,-0.596896,1.110352,0.008057,-0.174316,-0.078135,-0.049264,-0.003241,0.999996,0.002447,0.000493,-0.001063,,0.544958,0.054666,-0.836679,-0.837685,-0.007477,-0.546102,-0.036109,0.998477,0.041718,,,0.000000,,,,0.00,,,
46003,,,,,,,,,,,,,,-7.783379,-4.928439,-0.442854,-0.106587,-0.841594,-0.628630,1.108154,0.010254,-0.167725,-0.077882,-0.049199,-0.004533,0.999997,0.002232,0.000067,-0.000974,100113.0000,0.546595,0.054548,-0.835619,-0.836774,-0.002913,-0.547541,-0.032301,0.998507,0.044053,,,0.000000,,,,0.00,,,
46004,,,,,,,,,,,,,,-7.776507,-4.940164,-0.518089,-0.109878,-0.936600,-0.633454,1.105957,0.010254,-0.174316,-0.077811,-0.049317,-0.005298,0.999998,0.001873,-0.000322,-0.000963,,0.548241,0.054970,-0.834512,-0.835799,0.000782,-0.549035,-0.029529,0.998488,0.046373,,,0.000000,,,,0.00,,,
46005,,,,,,,,,,,,,,-7.790473,-4.964567,-0.665057,-0.111083,-1.108598,-0.618162,1.101562,0.012207,-0.176758,-0.077948,-0.049561,-0.006773,0.999998,0.001442,-0.000649,-0.000956,100112.0000,0.549803,0.056268,-0.833397,-0.834830,0.003768,-0.550495,-0.027836,0.998409,0.049046,,,0.000000,,,,0.00,,,
46006,,,,,,,,,,,,,,-7.976867,-5.017870,-0.735525,-0.186205,-1.208767,-0.439611,1.103516,0.018555,-0.176758,-0.079815,-0.050088,-0.007468,0.999999,0.001063,-0.000750,-0.001032,,0.551511,0.057331,-0.832195,-0.833734,0.005721,-0.552137,-0.026894,0.998339,0.050954,,,0.000000,,,,0.00,,,
46007,,,,,,,,,,,,,,-8.015387,-4.982535,-0.685757,-0.258013,-1.182996,-0.427794,1.099121,0.020508,-0.183594,-0.080202,-0.049734,-0.006959,0.999999,0.000767,-0.000788,-0.001073,100111.0000,0.553259,0.058896,-0.830925,-0.832588,0.007378,-0.553843,-0.026489,0.998237,0.053118,,,0.000000,,,,0.00,,,
46008,,,,,,,,,,,,,,-8.066018,-5.078684,-0.791083,-0.222969,-1.303399,-0.340050,1.096924,0.024902,-0.190430,-0.080709,-0.050696,-0.007994,0.999999,0.000581,-0.000663,-0.001069,,0.554980,0.059570,-0.829728,-0.831449,0.008233,-0.555540,-0.026263,0.998190,0.054098,,,0.000000,,,,0.00,,,
46009,,,,,,,,,,,,,,-8.159541,-5.091277,-0.772494,-0.284960,-1.305934,-0.257101,1.092529,0.026855,-0.183838,-0.081645,-0.050823,-0.007791,0.999999,0.000588,-0.000449,-0.001039,100114.0000,0.556686,0.060453,-0.828521,-0.830323,0.009532,-0.557201,-0.025787,0.998126,0.055502,,,0.000000,,,,0.00,,,
46010,,,,,,,,,,,,,,-8.269426,-5.122170,-0.708424,-0.341266,-1.251178,-0.146253,1.084229,0.020508,-0.190430,-0.082744,-0.051134,-0.007134,0.999999,0.000636,-0.000210,-0.001009,,0.558279,0.060016,-0.827480,-0.829278,0.010352,-0.558741,-0.024967,0.998144,0.055549,,,0.000000,,,,0.00,,,
46011,,,,,,,,,,,,,,-8.379513,-5.152349,-0.647683,-0.398417,-1.206170,-0.036757,1.075684,0.020508,-0.190430,-0.083842,-0.051443,-0.006509,0.999999,0.000590,-0.000026,-0.000915,100117.0000,0.559795,0.060054,-0.826452,-0.828283,0.011640,-0.560189,-0.024021,0.998127,0.056258,,,0.000000,,,,0.00,,,
46012,,,,,,,,,,,,,,-8.469666,-5.131336,-0.564627,-0.484397,-1.121768,0.030667,1.075439,0.026855,-0.188232,-0.084740,-0.051239,-0.005662,1.000000,0.000411,0.000058,-0.000846,,0.561061,0.058922,-0.825675,-0.827447,0.011878,-0.561418,-0.023273,0.998192,0.055419,,,0.000000,,,,0.00,,,
46013,,,,,,,,,,,,,,-8.612377,-5.124739,-0.458963,-0.588499,-1.026891,0.149530,1.071045,0.028809,-0.190674,-0.086162,-0.051182,-0.004592,1.000000,0.000250,0.000116,-0.000745,100118.0000,0.562299,0.058678,-0.824849,-0.826621,0.012465,-0.562620,-0.022731,0.998199,0.055513,,,0.000000,,,,0.00,,,
46014,,,,,,,,,,,,,,-8.597575,-5.036513,-0.357846,-0.666082,-0.910852,0.093850,1.062500,0.032959,-0.190674,-0.086005,-0.050315,-0.003574,1.000000,0.000087,0.000098,-0.000580,,0.563037,0.057366,-0.824438,-0.826126,0.011947,-0.563358,-0.022468,0.998282,0.054118,,,0.000000,,,,0.00,,,
46015,,,,,,,,,,,,,,-8.623832,-5.046956,-0.260131,-0.684070,-0.814121,0.126083,1.051758,0.035156,-0.193115,-0.086258,-0.050437,-0.002595,1.000000,-0.000167,-0.000023,-0.000384,100114.0000,0.563672,0.057408,-0.824002,-0.825685,0.011658,-0.564011,-0.022773,0.998283,0.053972,,,0.000000,,,,0.00,,,
46016,,,,,,,,,,,,,,-8.601417,-5.036921,-0.212901,-0.682310,-0.750215,0.105574,1.049805,0.028809,-0.186279,-0.086023,-0.050355,-0.002120,1.000000,-0.000381,-0.000120,-0.000171,,0.563622,0.056489,-0.824099,-0.825698,0.010120,-0.564022,-0.023522,0.998352,0.052347,,,0.000000,,,,0.00,,,
46017,,,,,,,,,,,,,,-8.601192,-5.109697,-0.143754,-0.624987,-0.680516,0.150066,1.041260,0.032959,-0.190674,-0.086010,-0.051101,-0.001432,1.000000,-0.000613,-0.000297,0.000031,100119.0000,0.563558,0.057089,-0.824101,-0.825702,0.008892,-0.564037,-0.024872,0.998330,0.052150,,,0.000000,,,,0.00,,,
46018,,,,,,,,,,,,,,-8.606095,-5.211801,-0.124591,-0.536319,-0.646947,0.214131,1.032471,0.037109,-0.193115,-0.086049,-0.052137,-0.001239,0.999999,-0.000906,-0.000465,0.000209,,0.562778,0.056850,-0.824651,-0.826172,0.006252,-0.563384,-0.026872,0.998363,0.050486,,,0.000000,,,,0.00,,,
46019,,,,,,,,,,,,,,-8.630853,-5.400018,-0.035569,-0.391744,-0.558960,0.345421,1.028320,0.037109,-0.202148,-0.086291,-0.054028,-0.000347,0.999999,-0.001169,-0.000628,0.000313,100116.0000,0.562226,0.058113,-0.824940,-0.826457,0.003882,-0.562986,-0.029514,0.998302,0.050210,,,0.000000,,,,0.00,,,
46020,,,,,,,,,,,,,,-8.623268,-5.550948,-0.020359,-0.250613,-0.527267,0.426129,1.021484,0.043457,-0.206787,-0.086212,-0.055541,-0.000193,0.999999,-0.001438,-0.000800,0.000368,,0.561116,0.058546,-0.825664,-0.827088,0.000169,-0.562072,-0.032768,0.998285,0.048517,,,0.000000,,,,0.00,,,
46021,,,,,,,,,,,,,,-8.663667,-5.649840,0.046741,-0.186161,-0.459691,0.518625,1.006836,0.039062,-0.204590,-0.086616,-0.056530,0.000484,0.999998,-0.001815,-0.000988,0.000381,100114.0000,0.560419,0.060522,-0.825995,-0.827388,-0.003500,-0.561621,-0.036882,0.998161,0.048114,,,0.000000,,,,0.00,,,
46022,,,,,,,,,,,,,,-8.737377,-5.748980,0.137684,-0.135983,-0.353867,0.640435,1.000488,0.041260,-0.208984,-0.087354,-0.057519,0.001405,0.999997,-0.002287,-0.001187,0.000369,,0.559269,0.061749,-0.826683,-0.827923,-0.008888,-0.560772,-0.041975,0.998052,0.046152,,,0.000000,,,,0.00,,,
46023,,,,,,,,,,,,,,-8.686669,-5.840656,0.270288,-0.031848,-0.210765,0.656271,0.993896,0.043213,-0.213623,-0.086853,-0.058425,0.002741,0.999995,-0.002836,-0.001463,0.000296,100111.0000,0.558648,0.064667,-0.826880,-0.827997,-0.014586,-0.560543,-0.048309,0.997800,0.045396,,,0.000000,,,,0.00,,,
46024,,,,,,,,,,,,,,-8.650912,-5.844025,0.332636,-0.003962,-0.123382,0.631751,0.983154,0.045410,-0.220459,-0.086502,-0.058448,0.003378,0.999993,-0.003439,-0.001727,0.000222,,0.557681,0.067026,-0.827345,-0.828170,-0.022212,-0.560037,-0.055914,0.997504,0.043121,,,0.000000,,,,0.00,,,
46025,,,,,,,,,,,,,,-8.572195,-5.824683,0.489417,0.014153,0.049933,0.562585,0.976318,0.057861,-0.229736,-0.085727,-0.058234,0.004964,0.999989,-0.004185,-0.002027,0.000088,100114.0000,0.557292,0.071070,-0.827270,-0.827760,-0.030572,-0.560249,-0.065108,0.997003,0.041791,,,0.000000,,,,0.00,,,
46026,,,,,,,,,,,,,,-8.486236,-5.706670,0.625825,-0.046814,0.215888,0.430609,0.967529,0.063965,-0.227539,-0.084884,-0.057025,0.006344,0.999984,-0.005045,-0.002375,-0.000117,,0.556770,0.074826,-0.827289,-0.827174,-0.041284,-0.560427,-0.076088,0.996342,0.038909,,,0.000000,,,,0.00,,,
46027,,,,,,,,,,,,,,-8.307826,-5.584886,0.779368,-0.074341,0.395841,0.220062,0.956787,0.070312,-0.234619,-0.083118,-0.055775,0.007904,0.999979,-0.005920,-0.002646,-0.000332,100113.0000,0.556884,0.080133,-0.826716,-0.825828,-0.053023,-0.561424,-0.088823,0.995373,0.036648,,,0.000000,,,,0.00,,,
46028,,,,,,,,,,,,,,-8.223603,-5.401047,0.966890,-0.214085,0.611993,0.052067,0.948242,0.066162,-0.243408,-0.082292,-0.053902,0.009799,0.999974,-0.006692,-0.002803,-0.000522,,0.556853,0.084921,-0.826259,-0.824203,-0.066833,-0.562337,-0.102976,0.994144,0.032776,,,0.000000,,,,0.00,,,
46029,,,,,,,,,,,,,,-8.118929,-5.244613,1.149419,-0.334002,0.817222,-0.119156,0.941162,0.086914,-0.243896,-0.081260,-0.052304,0.011645,0.999969,-0.007351,-0.002875,-0.000705,100119.0000,0.557378,0.090744,-0.825285,-0.821790,-0.081315,-0.563959,-0.118283,0.992549,0.029249,,,0.000000,,,,0.00,,,
46030,,,,,,,,,,,,,,-8.055812,-5.151920,1.227569,-0.417491,0.929223,-0.225856,0.932373,0.091064,-0.250732,-0.080638,-0.051353,0.012448,0.999965,-0.007780,-0.002825,-0.000869,,0.557730,0.095830,-0.824472,-0.819103,-0.097046,-0.565378,-0.134192,0.990656,0.024369,,,0.000000,,,,0.00,,,
46031,,,,,,,,,,,,,,-7.983775,-5.003875,1.360913,-0.559363,1.085080,-0.371238,0.921143,0.105713,-0.262207,-0.079922,-0.049851,0.013801,0.999964,-0.008039,-0.002623,-0.000966,100112.0000,0.558564,0.101230,-0.823261,-0.815737,-0.112767,-0.567325,-0.150267,0.988451,0.019589,,,0.000000,,,,0.00,,,
46032,,,,,,,,,,,,,,-7.935596,-4.976121,1.452343,-0.610586,1.216466,-0.432290,0.912598,0.112061,-0.264648,-0.079438,-0.049568,0.014732,0.999965,-0.007918,-0.002321,-0.000975,,0.559023,0.105573,-0.822404,-0.812417,-0.128529,-0.568734,-0.165746,0.986070,0.013918,,,0.000000,,,,0.00,,,
46033,,,,,,,,,,,,,,-7.889217,-4.984946,1.534928,-0.638600,1.340850,-0.472483,0.907715,0.124512,-0.262695,-0.078969,-0.049656,0.015580,0.999969,-0.007595,-0.001859,-0.000956,100112.0000,0.559930,0.109500,-0.821272,-0.808719,-0.143285,-0.570476,-0.180143,0.983605,0.008325,,,0.000000,,,,0.00,,,
46034,,,,,,,,,,,,,,-7.784239,-4.978133,1.512303,-0.623273,1.371591,-0.571843,0.894775,0.128662,-0.267334,-0.077913,-0.049598,0.015362,0.999973,-0.007108,-0.001460,-0.000964,,0.560500,0.112393,-0.820492,-0.805292,-0.157222,-0.571653,-0.193249,0.981147,0.002386,,,0.000000,,,,0.00,,,
46035,,,,,,,,,,,,,,-7.760968,-4.960509,1.549632,-0.676785,1.447718,-0.610165,0.889893,0.145264,-0.269775,-0.077672,-0.049432,0.015732,0.999979,-0.006342,-0.001011,-0.000944,100118.0000,0.561616,0.114688,-0.819411,-0.801708,-0.169438,-0.573197,-0.204578,0.978845,-0.003213,,,0.000000,,,,0.00,,,
46036,,,,,,,,,,,,,,-7.707740,-5.008951,1.571038,-0.648840,1.522043,-0.635044,0.881348,0.143066,-0.263184,-0.077130,-0.049937,0.015935,0.999985,-0.005304,-0.000531,-0.000889,,0.562333,0.115973,-0.818738,-0.798829,-0.179653,-0.574106,-0.213669,0.976870,-0.008382,,,0.000000,,,,0.00,,,
46037,,,,,,,,,,,,,,-7.677747,-5.098895,1.561874,-0.595604,1.568749,-0.616489,0.876709,0.155762,-0.272461,-0.076823,-0.050856,0.015826,0.999991,-0.004263,-0.000121,-0.000851,100116.0000,0.563638,0.116528,-0.817761,-0.796018,-0.187776,-0.575409,-0.220607,0.975275,-0.013080,,,0.000000,,,,0.00,,,
46038,,,,,,,,,,,,,,-7.638574,-5.224508,1.495382,-0.485963,1.563239,-0.582334,0.874512,0.155762,-0.263428,-0.076427,-0.052132,0.015137,0.999995,-0.003153,0.000248,-0.000854,,0.564590,0.116498,-0.817109,-0.794012,-0.193635,-0.576238,-0.225351,0.974132,-0.016824,,,0.000000,,,,0.00,,,
46039,,,,,,,,,,,,,,-7.687457,-5.323160,1.423760,-0.447902,1.534404,-0.490402,0.865967,0.159912,-0.270264,-0.076914,-0.053133,0.014388,0.999997,-0.002085,0.000516,-0.000890,100116.0000,0.566235,0.115846,-0.816062,-0.792060,-0.197488,-0.577615,-0.228077,0.973436,-0.020068,,,0.000000,,,,0.00,,,
46040,,,,,,,,,,,,,,-7.701515,-5.419897,1.354998,-0.383296,1.502622,-0.425474,0.859375,0.166016,-0.270264,-0.077059,-0.054108,0.013664,0.999999,-0.001192,0.000647,-0.000975,,0.567547,0.115271,-0.815232,-0.790782,-0.199374,-0.578717,-0.229245,0.973120,-0.021999,,,0.000000,,,,0.00,,,
46041,,,,,,,,,,,,,,-7.733528,-5.492822,1.275649,-0.349516,1.450341,-0.358581,0.854736,0.170166,-0.272705,-0.077385,-0.054840,0.012835,0.999999,-0.000455,0.000691,-0.001062,100115.0000,0.569542,0.114356,-0.813968,-0.789365,-0.200017,-0.580428,-0.229182,0.973096,-0.023649,,,0.000000,,,,0.00,,,
46042,,,,,,,,,,,,,,-7.698359,-5.486819,1.166070,-0.325699,1.348168,-0.388996,0.848145,0.178711,-0.281982,-0.077040,-0.054780,0.011700,0.999999,0.000052,0.000544,-0.001151,,0.571085,0.114194,-0.812910,-0.788449,-0.199340,-0.581903,-0.228496,0.973254,-0.023804,,,0.000000,,,,0.00,,,
46043,,,,,,,,,,,,,,-7.648095,-5.525605,1.025619,-0.256697,1.224597,-0.404606,0.845947,0.182861,-0.281982,-0.076547,-0.055163,0.010265,0.999999,0.000237,0.000293,-0.001246,100116.0000,0.573181,0.114126,-0.811442,-0.787131,-0.198594,-0.583940,-0.227790,0.973414,-0.023998,,,0.000000,,,,0.00,,,
46044,,,,,,,,,,,,,,-7.752930,-5.542677,0.888014,-0.288283,1.069052,-0.305231,0.834961,0.187012,-0.281982,-0.077600,-0.055332,0.008856,0.999999,0.000322,-0.000078,-0.001259,,0.574617,0.115317,-0.810258,-0.786199,-0.197292,-0.585634,-0.227390,0.973539,-0.022705,,,0.000000,,,,0.00,,,
46045,,,,,,,,,,,,,,-7.705733,-5.604456,0.704087,-0.192815,0.895183,-0.302409,0.828369,0.191162,-0.284424,-0.077133,-0.055946,0.006994,0.999999,0.000222,-0.000445,-0.001304,100114.0000,0.576462,0.116703,-0.808747,-0.784799,-0.196556,-0.587755,-0.227557,0.973522,-0.021719,,,0.000000,,,,0.00,,,
46046,,,,,,,,,,,,,,-7.721508,-5.679099,0.576903,-0.131028,0.762127,-0.241450,0.822021,0.195312,-0.289062,-0.077293,-0.056689,0.005720,0.999999,-0.000046,-0.000663,-0.001310,,0.577723,0.119104,-0.807496,-0.783623,-0.195906,-0.589539,-0.228410,0.973363,-0.019847,,,0.000000,,,,0.00,,,
46047,,,,,,,,,,,,,,-7.822475,-5.772902,0.452832,-0.112118,0.634005,-0.101458,0.817383,0.201416,-0.295898,-0.078310,-0.057615,0.004500,0.999999,-0.000348,-0.000619,-0.001437,100117.0000,0.579689,0.120879,-0.805822,-0.781799,-0.196239,-0.591845,-0.229676,0.973077,-0.019254,,,0.000000,,,,0.00,,,
46048,,,,,,,,,,,,,,-7.705923,-5.716705,0.414171,-0.102419,0.582511,-0.227093,0.815186,0.207764,-0.293701,-0.077151,-0.057043,0.004141,0.999999,-0.000405,-0.000304,-0.001593,,0.581574,0.122712,-0.804185,-0.780103,-0.196189,-0.594096,-0.230674,0.972858,-0.018370,,,0.000000,,,,0.00,,,
46049,,,,,,,,,,,,,,-7.605895,-5.712792,0.360033,-0.066717,0.535781,-0.308812,0.810547,0.216064,-0.296143,-0.076159,-0.056993,0.003620,0.999998,-0.000298,0.000040,-0.001761,100113.0000,0.584336,0.123331,-0.802085,-0.777911,-0.196336,-0.596914,-0.231096,0.972749,-0.018786,,,0.000000,,,,0.00,,,
46050,,,,,,,,,,,,,,-7.515939,-5.604930,0.381164,-0.132282,0.535868,-0.445451,0.806152,0.218262,-0.300781,-0.075262,-0.055909,0.003840,0.999998,-0.000024,0.000360,-0.001859,,0.586959,0.123977,-0.800068,-0.776044,-0.195467,-0.599624,-0.230726,0.972842,-0.018519,,,0.000000,,,,0.00,,,
46051,,,,,,,,,,,,,,-7.426548,-5.564176,0.384787,-0.147246,0.540071,-0.541858,0.793213,0.222412,-0.303223,-0.074368,-0.055503,0.003877,0.999998,0.000308,0.000621,-0.001882,100119.0000,0.590162,0.123509,-0.797781,-0.773970,-0.194401,-0.602643,-0.229522,0.973115,-0.019136,,,0.000000,,,,0.00,,,
46052,,,,,,,,,,,,,,-7.411740,-5.512770,0.349003,-0.199587,0.487335,-0.583987,0.788574,0.230713,-0.301025,-0.074216,-0.054993,0.003514,0.999998,0.000679,0.000830,-0.001846,,0.592988,0.123225,-0.795727,-0.772404,-0.192162,-0.605365,-0.227505,0.973596,-0.018771,,,0.000000,,,,0.00,,,
46053,,,,,,,,,,,,,,-7.411168,-5.584893,0.310491,-0.168641,0.460232,-0.540552,0.784180,0.234863,-0.310059,-0.074214,-0.055712,0.003124,0.999997,0.000964,0.000982,-0.001886,100111.0000,0.596342,0.122037,-0.793400,-0.770596,-0.189821,-0.608399,-0.224852,0.974205,-0.019157,,,0.000000,,,,0.00,,,
46054,,,,,,,,,,,,,,-7.458062,-5.682426,0.297254,-0.149012,0.448743,-0.443732,0.781738,0.243164,-0.312500,-0.074690,-0.056680,0.002992,0.999997,0.001157,0.001137,-0.001984,,0.599513,0.121178,-0.791138,-0.769039,-0.186622,-0.611352,-0.221726,0.974930,-0.018692,,,0.000000,,,,0.00,,,
46055,,,,,,,,,,,,,,-7.576452,-5.773915,0.243598,-0.175997,0.394363,-0.293579,0.775146,0.247314,-0.312744,-0.075887,-0.057578,0.002456,0.999996,0.001256,0.001214,-0.002169,100119.0000,0.603379,0.119618,-0.788432,-0.766982,-0.183650,-0.614826,-0.218340,0.975687,-0.019065,,,0.000000,,,,0.00,,,
46056,,,,,,,,,,,,,,-7.708932,-5.854055,0.195056,-0.222523,0.333259,-0.139276,0.766357,0.253662,-0.319580,-0.077228,-0.058356,0.001974,0.999996,0.001224,0.001227,-0.002422,,0.607248,0.118701,-0.785595,-0.764870,-0.180225,-0.618460,-0.214995,0.976437,-0.018651,,,0.000000,,,,0.00,,,
46057,,,,,,,,,,,,,,-7.882273,-6.036758,0.177498,-0.232978,0.323062,0.109274,0.760010,0.255615,-0.312744,-0.078978,-0.060164,0.001805,0.999995,0.001119,0.001233,-0.002610,100111.0000,0.611759,0.117232,-0.782309,-0.762166,-0.177423,-0.622595,-0.211788,0.977127,-0.019190,,,0.000000,,,,0.00,,,
46058,,,,,,,,,,,,,,-7.948955,-6.124094,0.196767,-0.260798,0.336671,0.214651,0.757324,0.268066,-0.317627,-0.079662,-0.061015,0.001999,0.999995,0.001074,0.001215,-0.002869,,0.616274,0.116440,-0.778876,-0.759382,-0.174202,-0.626892,-0.208677,0.977801,-0.018933,,,0.000000,,,,0.00,,,
46059,,,,,,,,,,,,,,-8.019752,-6.199409,0.144737,-0.295215,0.284331,0.316564,0.750732,0.274414,-0.317627,-0.080383,-0.061753,0.001478,0.999994,0.000961,0.001126,-0.003020,100111.0000,0.621316,0.115287,-0.775032,-0.756042,-0.171622,-0.631622,-0.205831,0.978394,-0.019470,,,0.000000,,,,0.00,,,
46060,,,,,,,,,,,,,,-8.160676,-6.243627,0.082936,-0.394184,0.200772,0.453293,0.752441,0.284912,-0.317871,-0.081800,-0.062182,0.000857,0.999994,0.000801,0.000951,-0.003124,,0.626066,0.115041,-0.771237,-0.752761,-0.168891,-0.636260,-0.203451,0.978898,-0.019139,,,0.000000,,,,0.00,,,
46061,,,,,,,,,,,,,,-8.239417,-6.350880,0.053863,-0.424078,0.171586,0.580333,0.739502,0.289062,-0.329346,-0.082612,-0.063224,0.000553,0.999994,0.000721,0.000732,-0.003453,100119.0000,0.631547,0.114773,-0.766796,-0.748709,-0.166685,-0.641600,-0.201452,0.979308,-0.019337,,,0.000000,,,,0.00,,,
46062,,,,,,,,,,,,,,-8.237742,-6.362607,-0.009810,-0.469525,0.092432,0.585090,0.735107,0.291016,-0.327148,-0.082609,-0.063325,-0.000082,0.999993,0.000469,0.000559,-0.003651,,0.636869,0.115409,-0.762285,-0.744563,-0.164498,-0.646967,-0.200060,0.979603,-0.018835,,,0.000000,,,,0.00,,,
46063,,,,,,,,,,,,,,-8.352035,-6.405814,-0.067234,-0.576839,0.017063,0.697397,0.726318,0.301514,-0.327393,-0.083771,-0.063730,-0.000658,0.999992,0.000253,0.000360,-0.003920,100115.0000,0.642830,0.115993,-0.757176,-0.739647,-0.163094,-0.652933,-0.199227,0.979768,-0.019048,,,0.000000,,,,0.00,,,
46064,,,,,,,,,,,,,,-8.415502,-6.428163,-0.148676,-0.663300,-0.087471,0.756882,0.715332,0.307617,-0.329590,-0.084418,-0.063935,-0.001474,0.999992,0.000100,0.000229,-0.004105,,0.648612,0.117359,-0.752017,-0.734697,-0.161533,-0.658883,-0.198802,0.979864,-0.018549,,,0.000000,,,,0.00,,,
46065,,,,,,,,,,,,,,-8.479624,-6.449376,-0.254084,-0.755449,-0.209808,0.814995,0.714844,0.320312,-0.332275,-0.085068,-0.064135,-0.002525,0.999991,-0.000037,0.000155,-0.004225,100116.0000,0.654858,0.118423,-0.746416,-0.729175,-0.160610,-0.665213,-0.198658,0.979888,-0.018825,,,0.000000,,,,0.00,,,
46066,,,,,,,,,,,,,,-8.577966,-6.420824,-0.294511,-0.916954,-0.286773,0.863055,0.703613,0.336914,-0.334717,-0.086056,-0.063838,-0.002928,0.999991,-0.000089,0.000133,-0.004313,,0.660797,0.119974,-0.740914,-0.723804,-0.159381,-0.671346,-0.198631,0.979900,-0.018481,,,0.000000,,,,0.00,,,
46067,,,,,,,,,,,,,,-8.603489,-6.449756,-0.380685,-0.988124,-0.384064,0.894303,0.698975,0.345215,-0.346191,-0.086320,-0.064117,-0.003779,0.999990,-0.000158,0.000200,-0.004423,100116.0000,0.667253,0.120995,-0.734938,-0.717866,-0.158624,-0.677869,-0.198597,0.979897,-0.018984,,,0.000000,,,,0.00,,,
46068,,,,,,,,,,,,,,-8.685065,-6.538076,-0.399328,-1.063843,-0.416700,1.005357,0.692383,0.353516,-0.339600,-0.087139,-0.064997,-0.003959,0.999990,-0.000204,0.000237,-0.004419,,0.673259,0.122302,-0.729222,-0.712239,-0.157613,-0.684013,-0.198592,0.979898,-0.019006,,,0.000000,,,,0.00,,,
46069,,,,,,,,,,,,,,-8.702316,-6.584368,-0.417263,-1.132962,-0.440872,1.039944,0.679199,0.364014,-0.348877,-0.087307,-0.065469,-0.004133,0.999991,-0.000286,0.000242,-0.004308,100115.0000,0.679465,0.123190,-0.723292,-0.706297,-0.157115,-0.690260,-0.198673,0.979867,-0.019745,,,0.000000,,,,0.00,,,
46070,,,,,,,,,,,,,,-8.678630,-6.567131,-0.452858,-1.207675,-0.490408,1.001711,0.666016,0.372314,-0.351318,-0.087065,-0.065304,-0.004483,0.999991,-0.000449,0.000187,-0.004247,,0.685072,0.124473,-0.717762,-0.700747,-0.156652,-0.695999,-0.199072,0.979779,-0.020094,,,0.000000,,,,0.00,,,
46071,,,,,,,,,,,,,,-8.662642,-6.584102,-0.421319,-1.283139,-0.463401,0.990430,0.661377,0.382812,-0.351562,-0.086908,-0.065472,-0.004157,0.999991,-0.000746,0.000087,-0.004286,100116.0000,0.691086,0.125653,-0.711766,-0.694551,-0.157041,-0.702095,-0.199997,0.979566,-0.021256,,,0.000000,,,,0.00,,,
46072,,,,,,,,,,,,,,-8.663324,-6.616843,-0.418559,-1.348127,-0.465858,1.002845,0.658691,0.395264,-0.351807,-0.086924,-0.065790,-0.004114,0.999990,-0.001173,-0.000061,-0.004409,,0.696680,0.127425,-0.705975,-0.688435,-0.157975,-0.707885,-0.201729,0.979187,-0.022334,,,0.000000,,,,0.00,,,
46073,,,,,,,,,,,,,,-8.712001,-6.558155,-0.393100,-1.524531,-0.460046,0.982044,0.645264,0.411865,-0.352051,-0.087415,-0.065192,-0.003840,0.999988,-0.001676,-0.000214,-0.004535,100116.0000,0.702803,0.129294,-0.699536,-0.681408,-0.160093,-0.714180,-0.204330,0.978598,-0.024412,,,0.000000,,,,0.00,,,
46074,,,,,,,,,,,,,,-8.797990,-6.595093,-0.386142,-1.653235,-0.462852,1.054726,0.634521,0.414062,-0.356689,-0.088284,-0.065549,-0.003756,0.999987,-0.002195,-0.000440,-0.004655,,0.708412,0.131875,-0.693369,-0.674467,-0.162963,-0.720095,-0.207956,0.977779,-0.026500,,,0.000000,,,,0.00,,,
46075,,,,,,,,,,,,,,-8.871648,-6.610709,-0.403147,-1.794552,-0.485608,1.101202,0.618896,0.432617,-0.354736,-0.089027,-0.065695,-0.003908,0.999985,-0.002648,-0.000577,-0.004748,100116.0000,0.714536,0.134576,-0.686533,-0.666598,-0.166874,-0.726499,-0.212334,0.976751,-0.029529,,,0.000000,,,,0.00,,,
46076,,,,,,,,,,,,,,-8.906358,-6.542063,-0.383117,-1.965839,-0.481158,1.057987,0.612061,0.443115,-0.359619,-0.089375,-0.065001,-0.003691,0.999984,-0.003037,-0.000641,-0.004825,,0.720087,0.137634,-0.680097,-0.658976,-0.171319,-0.732394,-0.217316,0.975555,-0.032667,,,0.000000,,,,0.00,,,
46077,,,,,,,,,,,,,,-8.999528,-6.421224,-0.269087,-2.244420,-0.397785,1.008559,0.603027,0.455566,-0.355225,-0.090304,-0.063782,-0.002538,0.999982,-0.003402,-0.000718,-0.004862,100116.0000,0.726136,0.140733,-0.672994,-0.650446,-0.176599,-0.738737,-0.222815,0.974170,-0.036696,,,0.000000,,,,0.00,,,
46078,,,,,,,,,,,,,,-9.027861,-6.289878,-0.161318,-2.472628,-0.314937,0.905369,0.585449,0.470215,-0.351074,-0.090585,-0.062461,-0.001449,0.999980,-0.003809,-0.000818,-0.004906,,0.731478,0.144224,-0.666437,-0.642268,-0.182480,-0.744441,-0.228978,0.972574,-0.040850,,,0.000000,,,,0.00,,,
46079,,,,,,,,,,,,,,-9.019596,-6.080213,0.011620,-2.749443,-0.175812,0.710185,0.574219,0.486816,-0.355957,-0.090493,-0.060357,0.000287,0.999978,-0.004251,-0.000954,-0.004914,100114.0000,0.737300,0.147912,-0.659175,-0.633076,-0.189305,-0.750586,-0.235805,0.970714,-0.045935,,,0.000000,,,,0.00,,,
46080,,,,,,,,,,,,,,-9.042224,-5.914103,0.179662,-3.007298,-0.040838,0.566338,0.565186,0.499268,-0.356201,-0.090707,-0.058697,0.001971,0.999976,-0.004758,-0.001165,-0.004805,,0.742080,0.152141,-0.652817,-0.624491,-0.196974,-0.755786,-0.243574,0.968532,-0.051159,,,0.000000,,,,0.00,,,
46081,,,,,,,,,,,,,,-9.125409,-5.786429,0.426302,-3.314583,0.167413,0.479158,0.553955,0.515869,-0.358643,-0.091529,-0.057415,0.004430,0.999974,-0.005251,-0.001483,-0.004664,100113.0000,0.747124,0.156895,-0.645902,-0.614942,-0.205689,-0.761274,-0.252296,0.965958,-0.057194,,,0.000000,,,,0.00,,,
46082,,,,,,,,,,,,,,-9.266815,-5.738460,0.640335,-3.594056,0.344691,0.491526,0.540527,0.530518,-0.345459,-0.092929,-0.056943,0.006554,0.999972,-0.005776,-0.001933,-0.004357,,0.750657,0.162568,-0.640379,-0.606380,-0.215327,-0.765466,-0.262331,0.962915,-0.063059,,,0.000000,,,,0.00,,,
