// Start Time: Unknown
// Update Rate: 100.0Hz
// Filter Profile: human (46.1)
// Firmware Version: 4.6.0
PacketCounter,SampleTimeFine,Year,Month,Day,Second,UTC_Nano,UTC_Year,UTC_Month,UTC_Day,UTC_Hour,UTC_Minute,UTC_Second,UTC_Valid,Acc_X,Acc_Y,Acc_Z,FreeAcc_X,FreeAcc_Y,FreeAcc_Z,Mag_X,Mag_Y,Mag_Z,VelInc_X,VelInc_Y,VelInc_Z,OriInc_q0,OriInc_q1,OriInc_q2,OriInc_q3,Pressure,Mat[1][1],Mat[2][1],Mat[3][1],Mat[1][2],Mat[2][2],Mat[3][2],Mat[1][3],Mat[2][3],Mat[3][3],Latitude,Longitude,Altitude,Vel_X,Vel_Y,Vel_Z,Temperature,GyrTemp_X,GyrTemp_Y,GyrTemp_Z
47949,,,,,,,,,,,,,,9.492307,-1.254555,2.086963,-0.000000,-0.000000,-0.013034,-0.908936,-0.454590,0.230713,0.094927,-0.012531,0.020859,1.000000,-0.000037,0.000115,0.000142,,-0.226952,0.100759,0.968680,-0.803760,-0.581049,-0.127875,0.549965,-0.807608,0.212856,,,0.000000,,,,0.00,,,
47950,,,,,,,,,,,,,,9.485751,-1.407867,2.117574,0.203164,0.022336,0.005862,-0.908936,-0.452393,0.237061,0.094858,-0.014074,0.021176,1.000000,0.000075,-0.000012,0.000065,99998.0000,-0.220767,0.097460,0.970445,-0.806464,-0.577826,-0.125433,0.548523,-0.810320,0.206163,,,0.000000,,,,0.00,,,
47951,,,,,,,,,,,,,,9.516755,-1.275240,2.036153,0.045192,0.014110,0.002532,-0.902344,-0.456787,0.235107,0.095165,-0.012758,0.020369,1.000000,0.000155,-0.000098,-0.000021,,-0.220626,0.097325,0.970491,-0.806303,-0.578073,-0.125329,0.548817,-0.810160,0.206011,,,0.000000,,,,0.00,,,
47952,,,,,,,,,,,,,,9.517901,-1.250234,2.038252,0.027333,-0.003069,0.000938,-0.908936,-0.456787,0.232910,0.095178,-0.012505,0.020385,1.000000,0.000059,-0.000039,-0.000018,99998.0000,-0.220550,0.097195,0.970521,-0.806209,-0.578210,-0.125303,0.548986,-0.810078,0.205884,,,0.000000,,,,0.00,,,
47953,,,,,,,,,,,,,,9.517479,-1.273279,2.033992,0.045307,0.013376,0.002533,-0.904541,-0.456787,0.232910,0.095172,-0.012741,0.020348,1.000000,0.000069,-0.000098,-0.000076,,-0.220320,0.097125,0.970580,-0.806166,-0.578308,-0.125128,0.549141,-0.810017,0.205712,,,0.000000,,,,0.00,,,
47954,,,,,,,,,,,,,,9.619665,-1.213858,1.943339,-0.071978,0.062209,0.075635,-0.906738,-0.454590,0.237061,0.096193,-0.012151,0.019444,1.000000,0.000166,-0.000134,-0.000099,100001.0000,-0.220013,0.097050,0.970657,-0.806039,-0.578543,-0.124855,0.549450,-0.809857,0.205513,,,0.000000,,,,0.00,,,
47955,,,,,,,,,,,,,,9.672532,-1.134762,1.903914,-0.166561,0.053622,0.108998,-0.911133,-0.456787,0.228516,0.096724,-0.011355,0.019041,1.000000,0.000049,-0.000024,-0.000071,,-0.219872,0.097093,0.970685,-0.806016,-0.578609,-0.124697,0.549540,-0.809805,0.205478,,,0.000000,,,,0.00,,,
47956,,,,,,,,,,,,,,9.621052,-1.186298,1.945669,-0.089876,0.045845,0.074041,-0.906738,-0.454590,0.232910,0.096211,-0.011868,0.019450,1.000000,-0.000004,0.000068,-0.000055,100000.0000,-0.219850,0.097278,0.970672,-0.806052,-0.578584,-0.124581,0.549496,-0.809801,0.205613,,,0.000000,,,,0.00,,,
47957,,,,,,,,,,,,,,9.619582,-1.212474,1.967925,-0.055978,0.044417,0.080445,-0.904785,-0.447754,0.232910,0.096196,-0.012131,0.019674,1.000000,0.000028,0.000049,-0.000056,,-0.219813,0.097422,0.970665,-0.806046,-0.578619,-0.124460,0.549520,-0.809759,0.205714,,,0.000000,,,,0.00,,,
47958,,,,,,,,,,,,,,9.592876,-1.261816,1.986910,0.000442,0.056402,0.064564,-0.904297,-0.461182,0.235107,0.095930,-0.012625,0.019860,1.000000,-0.000014,0.000102,-0.000075,99999.0000,-0.219793,0.097612,0.970651,-0.806073,-0.578607,-0.124340,0.549488,-0.809744,0.205856,,,0.000000,,,,0.00,,,
47959,,,,,,,,,,,,,,9.543561,-1.240498,2.039288,0.023126,-0.000784,0.024820,-0.908936,-0.452393,0.234863,0.095436,-0.012414,0.020385,1.000000,0.000029,0.000083,-0.000086,,-0.219746,0.097847,0.970638,-0.806079,-0.578637,-0.124160,0.549499,-0.809694,0.206025,,,0.000000,,,,0.00,,,
47960,,,,,,,,,,,,,,9.521815,-1.182898,1.998361,-0.040136,-0.000726,-0.011869,-0.908936,-0.456787,0.232910,0.095219,-0.011842,0.019974,1.000000,0.000073,0.000088,-0.000118,99996.0000,-0.219641,0.098093,0.970637,-0.806044,-0.578740,-0.123908,0.549592,-0.809591,0.206182,,,0.000000,,,,0.00,,,
47961,,,,,,,,,,,,,,9.496682,-1.182960,2.024098,-0.019807,-0.021096,-0.030944,-0.908936,-0.458984,0.228516,0.094968,-0.011839,0.020230,1.000000,-0.000002,0.000114,-0.000095,,-0.219613,0.098389,0.970613,-0.806088,-0.578718,-0.123724,0.549538,-0.809571,0.206404,,,0.000000,,,,0.00,,,
47962,,,,,,,,,,,,,,9.494635,-1.211546,2.070878,0.030194,-0.040002,-0.019733,-0.906494,-0.463379,0.226562,0.094946,-0.012124,0.020705,1.000000,0.000072,0.000031,-0.000078,99996.0000,-0.219498,0.098579,0.970620,-0.806074,-0.578785,-0.123504,0.549605,-0.809500,0.206504,,,0.000000,,,,0.00,,,
47963,,,,,,,,,,,,,,9.521444,-1.198055,1.975457,-0.037902,0.033985,-0.015082,-0.902344,-0.452393,0.226562,0.095214,-0.011992,0.019749,1.000000,0.000110,0.000045,-0.000093,,-0.219396,0.098759,0.970624,-0.805994,-0.578945,-0.123277,0.549763,-0.809364,0.206617,,,0.000000,,,,0.00,,,
47964,,,,,,,,,,,,,,9.496717,-1.156194,2.055354,-0.021501,-0.054003,-0.027723,-0.902344,-0.458984,0.228760,0.094968,-0.011569,0.020544,1.000000,0.000019,0.000103,-0.000074,99991.0000,-0.219361,0.099135,0.970594,-0.806069,-0.578889,-0.123050,0.549667,-0.809358,0.206895,,,0.000000,,,,0.00,,,
47965,,,,,,,,,,,,,,9.418800,-1.216050,2.170516,0.107271,-0.117993,-0.072139,-0.908691,-0.461182,0.226562,0.094189,-0.012167,0.021697,1.000000,0.000013,0.000081,-0.000070,,-0.219337,0.099348,0.970578,-0.806085,-0.578896,-0.122908,0.549652,-0.809327,0.207056,,,0.000000,,,,0.00,,,
47966,,,,,,,,,,,,,,9.469978,-1.224732,2.047669,0.036945,-0.006068,-0.046829,-0.908691,-0.461182,0.230713,0.094697,-0.012258,0.020481,1.000000,0.000103,-0.000063,-0.000095,99996.0000,-0.219094,0.099489,0.970618,-0.806072,-0.578978,-0.122606,0.549769,-0.809251,0.207046,,,0.000000,,,,0.00,,,
47967,,,,,,,,,,,,,,9.497960,-1.126324,2.059380,-0.039373,-0.069324,-0.029307,-0.908936,-0.454590,0.230713,0.094977,-0.011276,0.020601,1.000000,0.000092,-0.000083,-0.000118,,-0.218814,0.099491,0.970681,-0.806023,-0.579103,-0.122340,0.549953,-0.809161,0.206908,,,0.000000,,,,0.00,,,
47968,,,,,,,,,,,,,,9.449050,-1.125660,2.081579,-0.014556,-0.091770,-0.072256,-0.906738,-0.456787,0.232910,0.094489,-0.011264,0.020819,1.000000,-0.000005,-0.000036,-0.000083,99995.0000,-0.218627,0.099578,0.970714,-0.806081,-0.579063,-0.122146,0.549941,-0.809179,0.206867,,,0.000000,,,,0.00,,,
47969,,,,,,,,,,,,,,9.373117,-1.179437,2.145023,0.082370,-0.120034,-0.126289,-0.900146,-0.454590,0.232910,0.093728,-0.011800,0.021462,1.000000,0.000036,-0.000133,-0.000057,,-0.218390,0.099429,0.970783,-0.806066,-0.579110,-0.122021,0.550058,-0.809163,0.206618,,,0.000000,,,,0.00,,,
47970,,,,,,,,,,,,,,9.497733,-1.173037,2.071503,0.012472,-0.053644,-0.021312,-0.906738,-0.458984,0.235107,0.094972,-0.011737,0.020736,1.000000,0.000062,-0.000228,-0.000057,99998.0000,-0.218061,0.099145,0.970886,-0.806010,-0.579218,-0.121881,0.550271,-0.809121,0.206216,,,0.000000,,,,0.00,,,
47971,,,,,,,,,,,,,,9.596239,-1.196147,2.041733,-0.003085,-0.009299,0.070994,-0.908936,-0.456787,0.232910,0.095957,-0.011968,0.020440,1.000000,0.000029,-0.000240,-0.000058,,-0.217703,0.098823,0.970999,-0.806003,-0.579254,-0.121757,0.550422,-0.809135,0.205757,,,0.000000,,,,0.00,,,
47972,,,,,,,,,,,,,,9.617514,-1.319331,2.046593,0.098506,0.057942,0.107629,-0.906494,-0.461182,0.230713,0.096169,-0.013204,0.020487,1.000000,0.000019,-0.000226,-0.000111,100002.0000,-0.217258,0.098624,0.971119,-0.806026,-0.579276,-0.121494,0.550564,-0.809143,0.205346,,,0.000000,,,,0.00,,,
47973,,,,,,,,,,,,,,9.642775,-1.320153,2.066602,0.110022,0.042577,0.136325,-0.906494,-0.461182,0.230713,0.096420,-0.013221,0.020691,1.000000,0.000079,-0.000271,-0.000184,,-0.216663,0.098398,0.971275,-0.806019,-0.579367,-0.121104,0.550809,-0.809105,0.204839,,,0.000000,,,,0.00,,,
47974,,,,,,,,,,,,,,9.740507,-1.388106,2.029501,0.130265,0.120892,0.231794,-0.904541,-0.458984,0.237061,0.097395,-0.013910,0.020324,1.000000,0.000127,-0.000316,-0.000267,99993.0000,-0.215893,0.098319,0.971454,-0.806035,-0.579476,-0.120483,0.551088,-0.809037,0.204353,,,0.000000,,,,0.00,,,
47975,,,,,,,,,,,,,,9.782755,-1.595017,2.144959,0.360803,0.150190,0.321141,-0.902344,-0.458984,0.230713,0.097814,-0.015988,0.021482,1.000000,0.000069,-0.000343,-0.000372,,-0.214915,0.098196,0.971684,-0.806120,-0.579513,-0.119732,0.551347,-0.809025,0.203703,,,0.000000,,,,0.00,,,
47976,,,,,,,,,,,,,,9.828045,-1.767955,2.213769,0.540415,0.198923,0.399328,-0.904297,-0.465576,0.235107,0.098259,-0.017744,0.022179,1.000000,0.000285,-0.000477,-0.000595,99998.0000,-0.213533,0.098133,0.971995,-0.806062,-0.579838,-0.118539,0.551967,-0.808800,0.202916,,,0.000000,,,,0.00,,,
47977,,,,,,,,,,,,,,10.025631,-1.914278,2.088773,0.567354,0.405592,0.582228,-0.904297,-0.463379,0.235107,0.100225,-0.019247,0.020944,0.999999,0.000534,-0.000665,-0.000929,,-0.211301,0.098136,0.972482,-0.805867,-0.580519,-0.116517,0.553110,-0.808311,0.201748,,,0.000000,,,,0.00,,,
47978,,,,,,,,,,,,,,10.197336,-2.057452,2.207167,0.737673,0.414210,0.787999,-0.908691,-0.465576,0.235107,0.101932,-0.020721,0.022128,0.999999,0.000677,-0.000687,-0.001286,99998.0000,-0.208665,0.098511,0.973013,-0.805685,-0.581284,-0.113930,0.554374,-0.807715,0.200663,,,0.000000,,,,0.00,,,
47979,,,,,,,,,,,,,,10.189432,-2.416917,2.787716,1.385201,0.163130,0.934026,-0.901855,-0.467773,0.235107,0.101837,-0.024352,0.027926,0.999998,0.000523,-0.000606,-0.001655,,-0.205325,0.099457,0.973627,-0.805790,-0.581802,-0.110499,0.555468,-0.807227,0.199600,,,0.000000,,,,0.00,,,
47980,,,,,,,,,,,,,,10.526360,-3.227113,3.089580,2.181279,0.435616,1.404082,-0.893066,-0.474609,0.241455,0.105141,-0.032560,0.031010,0.999996,0.000673,-0.001293,-0.002550,100000.0000,-0.200298,0.100281,0.974589,-0.806090,-0.582267,-0.105755,0.556866,-0.806789,0.197463,,,0.000000,,,,0.00,,,
47981,,,,,,,,,,,,,,12.188333,-3.812758,2.891959,2.306740,1.119084,3.027918,-0.899414,-0.476807,0.252197,0.121645,-0.038690,0.029172,0.999986,0.001621,-0.002588,-0.004233,,-0.190582,0.101047,0.976457,-0.805934,-0.584028,-0.096863,0.560490,-0.805420,0.192742,,,0.000000,,,,0.00,,,
47982,,,,,,,,,,,,,,18.465943,-4.868754,2.523233,1.927990,2.682868,9.164717,-0.888184,-0.483398,0.260742,0.184281,-0.049790,0.025828,0.999974,0.002254,-0.003835,-0.005667,99993.0000,-0.178186,0.101185,0.978780,-0.805451,-0.586388,-0.086012,0.565242,-0.803685,0.185986,,,0.000000,,,,0.00,,,
47983,,,,,,,,,,,,,,21.805275,-7.520438,-0.496940,2.058060,7.078832,12.048636,-0.885498,-0.499023,0.262939,0.217470,-0.076889,-0.004599,0.999961,0.003148,-0.002803,-0.007809,,-0.162427,0.105874,0.981024,-0.804533,-0.589821,-0.069551,0.571265,-0.800563,0.180982,,,0.000000,,,,0.00,,,
47984,,,,,,,,,,,,,,16.433010,-4.393122,-0.834265,0.548118,5.136426,6.414895,-0.873779,-0.521240,0.260986,0.163637,-0.046352,-0.008720,0.999888,0.000694,0.002111,-0.014809,99991.0000,-0.142538,0.125053,0.981858,-0.808386,-0.587111,-0.042578,0.571135,-0.799789,0.184777,,,0.000000,,,,0.00,,,
47985,,,,,,,,,,,,,,12.630703,-1.022735,-4.280254,-3.212721,5.695054,1.854748,-0.862061,-0.543457,0.267578,0.126259,-0.012433,-0.042339,0.999822,0.002462,-0.003901,-0.018293,,-0.108449,0.140286,0.984154,-0.810153,-0.586191,-0.005717,0.576100,-0.797935,0.177225,,,0.000000,,,,0.00,,,
47986,,,,,,,,,,,,,,12.479327,0.603182,-6.103536,-5.206040,6.315173,1.428074,-0.852783,-0.565430,0.263428,0.125035,0.004217,-0.060683,0.999882,0.001077,-0.002780,-0.015048,99992.0000,-0.082171,0.150264,0.985225,-0.812143,-0.583074,0.021193,0.577643,-0.798402,0.169948,,,0.000000,,,,0.00,,,
47987,,,,,,,,,,,,,,11.140634,-3.163884,-9.151194,-3.492955,10.932620,-0.531888,-0.845703,-0.581055,0.257080,0.110735,-0.033411,-0.091691,0.999917,-0.006660,0.003580,-0.010466,,-0.069172,0.168063,0.983346,-0.821346,-0.569062,0.039482,0.566221,-0.804937,0.177401,,,0.000000,,,,0.00,,,
47988,,,,,,,,,,,,,,5.398756,-8.890706,-9.926583,1.411377,13.952025,-6.639290,-0.854492,-0.576416,0.229492,0.052873,-0.089788,-0.099069,0.999911,-0.008378,0.010386,-0.000945,99996.0000,-0.079611,0.179998,0.980440,-0.831412,-0.554596,0.034308,0.549923,-0.812419,0.193805,,,0.000000,,,,0.00,,,
47989,,,,,,,,,,,,,,6.951199,-9.396229,-5.407568,4.240402,10.871637,-4.365134,-0.865967,-0.561035,0.218750,0.069603,-0.093680,-0.054447,0.999919,-0.003577,0.010153,0.006851,,-0.102119,0.188921,0.976668,-0.834074,-0.551311,0.019432,0.542119,-0.812629,0.213873,,,0.000000,,,,0.00,,,
47990,,,,,,,,,,,,,,3.363800,-9.870360,-8.410710,3.282781,12.904122,-8.334948,-0.877441,-0.549805,0.212158,0.034276,-0.098221,-0.084413,0.999939,0.001655,0.004199,0.010083,99990.0000,-0.123837,0.175319,0.976692,-0.830756,-0.556611,-0.005421,0.542687,-0.812064,0.214577,,,0.000000,,,,0.00,,,
47991,,,,,,,,,,,,,,4.352716,-5.691912,-9.113150,-0.805741,11.322384,-7.457526,-0.877686,-0.538818,0.216309,0.043851,-0.056456,-0.091264,0.999971,0.001552,0.001021,0.007362,,-0.137167,0.168739,0.976070,-0.827145,-0.561663,-0.019140,0.544993,-0.809976,0.216613,,,0.000000,,,,0.00,,,
47992,,,,,,,,,,,,,,6.357983,-2.244717,-9.552687,-4.234364,10.009832,-5.501169,-0.886719,-0.532227,0.214111,0.063793,-0.022023,-0.095483,0.999976,-0.000175,-0.000629,0.006922,99997.0000,-0.148154,0.149234,0.977640,-0.826766,-0.561148,-0.039632,0.542686,-0.814151,0.206518,,,0.000000,,,,0.00,,,
47993,,,,,,,,,,,,,,5.964535,-2.037999,-8.729510,-3.925733,9.144893,-5.702581,-0.900391,-0.516602,0.205566,0.059645,-0.020489,-0.087270,0.999941,-0.006838,0.001917,0.008184,,-0.163798,0.143251,0.976038,-0.831551,-0.552361,-0.058481,0.530747,-0.821205,0.209596,,,0.000000,,,,0.00,,,
47994,,,,,,,,,,,,,,5.512086,-4.823732,-6.632493,-0.352377,8.833237,-5.397881,-0.907471,-0.505371,0.186279,0.055382,-0.048397,-0.065990,0.999905,-0.010031,0.002707,0.009106,99991.0000,-0.181087,0.126412,0.975309,-0.840798,-0.534336,-0.086856,0.510163,-0.835766,0.203048,,,0.000000,,,,0.00,,,
47995,,,,,,,,,,,,,,6.439445,-6.884312,-4.480457,2.341550,8.185687,-3.775807,-0.920898,-0.494385,0.184082,0.064986,-0.068670,-0.044210,0.999921,-0.008980,0.000345,0.008825,,-0.196339,0.117671,0.973450,-0.846490,-0.521396,-0.107705,0.494879,-0.845163,0.201978,,,0.000000,,,,0.00,,,
47996,,,,,,,,,,,,,,7.832309,-7.341582,-3.428619,3.005226,7.469313,-1.927599,-0.934326,-0.489746,0.184082,0.078895,-0.073080,-0.033683,0.999952,-0.006593,-0.001530,0.007108,99990.0000,-0.206417,0.095969,0.973746,-0.852434,-0.506206,-0.130811,0.480363,-0.857056,0.186296,,,0.000000,,,,0.00,,,
47997,,,,,,,,,,,,,,8.857875,-5.903284,-2.770909,1.851588,6.154872,-0.886553,-0.932617,-0.476562,0.184082,0.089003,-0.058616,-0.027227,0.999964,-0.005371,-0.001870,0.006343,,-0.215479,0.086377,0.972681,-0.854870,-0.498127,-0.145145,0.471982,-0.862791,0.181177,,,0.000000,,,,0.00,,,
47998,,,,,,,,,,,,,,9.046769,-5.113004,-2.121865,1.418165,4.976792,-0.554825,-0.941406,-0.472168,0.177734,0.090798,-0.050700,-0.020831,0.999967,-0.005422,-0.001230,0.005993,99986.0000,-0.224599,0.066617,0.972171,-0.859875,-0.482912,-0.165565,0.458444,-0.873131,0.165744,,,0.000000,,,,0.00,,,
47999,,,,,,,,,,,,,,7.953164,-4.483649,-1.101209,1.548639,3.611445,-1.498432,-0.935059,-0.463135,0.183838,0.079756,-0.044522,-0.010653,0.999974,-0.005220,-0.001587,0.004654,,-0.231186,0.059379,0.971096,-0.862494,-0.474355,-0.176327,0.450174,-0.878329,0.160878,,,0.000000,,,,0.00,,,
48000,,,,,,,,,,,,,,6.930922,-3.509786,-0.178325,1.354595,2.083641,-2.449891,-0.941895,-0.460938,0.188232,0.069412,-0.034913,-0.001333,0.999976,-0.004953,-0.003986,0.002769,99990.0000,-0.232896,0.038965,0.971721,-0.868486,-0.457944,-0.189791,0.437598,-0.888127,0.140494,,,0.000000,,,,0.00,,,
48001,,,,,,,,,,,,,,7.626554,-3.168151,0.072209,1.026966,1.615868,-1.779051,-0.950928,-0.454346,0.198730,0.076302,-0.031566,0.001430,0.999961,-0.004555,-0.007389,0.001444,,-0.228990,0.024492,0.973121,-0.871782,-0.449922,-0.193820,0.433082,-0.892732,0.124379,,,0.000000,,,,0.00,,,
48002,,,,,,,,,,,,,,9.144350,-2.939223,0.026679,0.521107,1.313060,-0.312172,-0.943848,-0.463379,0.209473,0.091444,-0.029358,0.001276,0.999944,-0.004367,-0.009633,0.000334,99998.0000,-0.222139,-0.003348,0.975009,-0.878098,-0.433961,-0.201550,0.423791,-0.900925,0.093460,,,0.000000,,,,0.00,,,
48003,,,,,,,,,,,,,,10.558840,-2.486138,0.358707,0.039100,0.608932,1.023426,-0.944092,-0.458984,0.219971,0.105546,-0.024826,0.004807,0.999935,-0.004329,-0.010538,0.000154,,-0.213524,-0.022510,0.976678,-0.881684,-0.426140,-0.202578,0.420762,-0.904377,0.071144,,,0.000000,,,,0.00,,,
48004,,,,,,,,,,,,,,11.566235,-2.408107,0.822546,0.030657,-0.247568,2.027292,-0.944092,-0.454590,0.239258,0.115590,-0.023923,0.009557,0.999934,-0.004291,-0.010628,0.001032,99987.0000,-0.207663,-0.053293,0.976748,-0.886824,-0.411135,-0.210977,0.412819,-0.910015,0.038116,,,0.000000,,,,0.00,,,
48005,,,,,,,,,,,,,,12.164196,-2.691608,1.253108,0.413604,-0.815511,2.674914,-0.942139,-0.447998,0.256104,0.121548,-0.026661,0.013888,0.999938,-0.003820,-0.010324,0.001676,,-0.202155,-0.073471,0.976594,-0.889279,-0.403961,-0.214472,0.410263,-0.911821,0.016326,,,0.000000,,,,0.00,,,
48006,,,,,,,,,,,,,,12.491198,-2.332632,1.639500,0.236094,-1.742549,2.878284,-0.935547,-0.447998,0.266846,0.124777,-0.023062,0.017725,0.999943,-0.002821,-0.010130,0.001724,99993.0000,-0.198294,-0.103151,0.974700,-0.892590,-0.391828,-0.223056,0.404923,-0.914238,-0.014374,,,0.000000,,,,0.00,,,
48007,,,,,,,,,,,,,,12.770264,-1.566075,1.846228,-0.353830,-2.516294,2.934004,-0.944336,-0.445801,0.283936,0.127539,-0.015414,0.019740,0.999949,-0.002093,-0.009759,0.001614,,-0.193286,-0.122251,0.973496,-0.893652,-0.387634,-0.226112,0.405002,-0.913671,-0.034325,,,0.000000,,,,0.00,,,
48008,,,,,,,,,,,,,,13.044658,-0.836413,2.105529,-0.915317,-3.432562,2.941544,-0.937988,-0.443604,0.305176,0.130258,-0.008117,0.022270,0.999955,-0.001510,-0.009229,0.001640,99990.0000,-0.190176,-0.148990,0.970379,-0.895666,-0.378413,-0.233635,0.402013,-0.913567,-0.061480,,,0.000000,,,,0.00,,,
48009,,,,,,,,,,,,,,13.321776,-0.106745,2.456131,-1.424298,-4.299024,2.954410,-0.931641,-0.434814,0.311523,0.133003,-0.000803,0.025699,0.999961,-0.001163,-0.008544,0.001763,,-0.186470,-0.165919,0.968349,-0.895936,-0.375731,-0.236905,0.403146,-0.911755,-0.078590,,,0.000000,,,,0.00,,,
48010,,,,,,,,,,,,,,13.338242,0.426318,2.856587,-1.727640,-5.173795,2.697059,-0.933838,-0.434814,0.326416,0.133151,0.004597,0.029570,0.999968,-0.000991,-0.007568,0.002287,99991.0000,-0.185657,-0.188614,0.964342,-0.897065,-0.367979,-0.244677,0.401007,-0.910503,-0.100881,,,0.000000,,,,0.00,,,
48011,,,,,,,,,,,,,,12.701208,0.765745,3.355683,-1.699126,-5.818630,1.867258,-0.933838,-0.432617,0.330566,0.126764,0.008075,0.034382,0.999973,-0.000912,-0.006565,0.003050,,-0.185873,-0.202796,0.961418,-0.896661,-0.365121,-0.250370,0.401808,-0.908604,-0.113973,,,0.000000,,,,0.00,,,
48012,,,,,,,,,,,,,,11.832244,0.883381,3.843382,-1.475626,-6.352093,0.818629,-0.934082,-0.423828,0.345459,0.118060,0.009297,0.039122,0.999976,-0.000773,-0.005882,0.003665,99990.0000,-0.188517,-0.221724,0.956713,-0.896856,-0.358054,-0.259704,0.400138,-0.906993,-0.131355,,,0.000000,,,,0.00,,,
48013,,,,,,,,,,,,,,10.480566,1.190076,4.295811,-1.334476,-6.708924,-0.706648,-0.932129,-0.414795,0.358154,0.104510,0.012341,0.043548,0.999976,-0.000609,-0.005714,0.003958,,-0.191047,-0.234904,0.953059,-0.895841,-0.355137,-0.267109,0.401212,-0.904819,-0.142588,,,0.000000,,,,0.00,,,
48014,,,,,,,,,,,,,,8.649667,1.255524,5.022584,-0.786978,-7.105089,-2.705230,-0.936768,-0.408203,0.366455,0.086141,0.012981,0.050724,0.999973,-0.001056,-0.005931,0.004320,99991.0000,-0.194463,-0.252626,0.947821,-0.895732,-0.348109,-0.276559,0.399811,-0.902773,-0.158591,,,0.000000,,,,0.00,,,
48015,,,,,,,,,,,,,,7.301061,0.581611,5.669848,0.316133,-7.213831,-4.011853,-0.932617,-0.401611,0.375000,0.072591,0.006238,0.057189,0.999965,-0.001804,-0.006894,0.004381,,-0.196816,-0.268087,0.943076,-0.895457,-0.342569,-0.284259,0.399275,-0.900431,-0.172637,,,0.000000,,,,0.00,,,
48016,,,,,,,,,,,,,,7.558452,0.334825,5.431403,0.387604,-7.113239,-3.813466,-0.928223,-0.399414,0.394287,0.075010,0.003656,0.055082,0.999940,-0.000225,-0.010218,0.003927,99992.0000,-0.195917,-0.291510,0.936290,-0.894534,-0.338068,-0.292436,0.401778,-0.894836,-0.194532,,,0.000000,,,,0.00,,,
48017,,,,,,,,,,,,,,9.647095,0.864370,4.564286,-0.793256,-7.287707,-2.008838,-0.919922,-0.386230,0.411133,0.095865,0.008912,0.046845,0.999916,0.001748,-0.012352,0.003639,,-0.192408,-0.315977,0.929052,-0.891701,-0.338963,-0.299956,0.409694,-0.886150,-0.216538,,,0.000000,,,,0.00,,,
48018,,,,,,,,,,,,,,11.715254,1.418807,3.315895,-2.134843,-7.248286,-0.161097,-0.915527,-0.384033,0.426025,0.116720,0.014570,0.034483,0.999930,0.001571,-0.011133,0.003726,99998.0000,-0.189919,-0.339171,0.921354,-0.889191,-0.338450,-0.307880,0.416257,-0.877732,-0.237310,,,0.000000,,,,0.00,,,
48019,,,,,,,,,,,,,,12.497117,1.714147,3.320536,-2.512961,-7.823949,0.316910,-0.913574,-0.377441,0.440918,0.124639,0.017638,0.034174,0.999962,0.000391,-0.007713,0.004088,,-0.190746,-0.355430,0.915033,-0.887307,-0.336286,-0.315591,0.419884,-0.872113,-0.251231,,,0.000000,,,,0.00,,,
48020,,,,,,,,,,,,,,11.945255,1.289415,3.351959,-2.019849,-7.658474,-0.176641,-0.917969,-0.373047,0.449219,0.119238,0.013335,0.034104,0.999981,-0.000664,-0.004969,0.003503,99997.0000,-0.192298,-0.366216,0.910444,-0.886635,-0.332795,-0.321132,0.420595,-0.868984,-0.260704,,,0.000000,,,,0.00,,,
48021,,,,,,,,,,,,,,11.089716,1.744599,3.215909,-2.325720,-7.478129,-1.150407,-0.915771,-0.373047,0.455811,0.110724,0.017690,0.032619,0.999989,0.000242,-0.004113,0.002275,,-0.192875,-0.374865,0.906794,-0.885553,-0.331521,-0.325407,0.422605,-0.865777,-0.268021,,,0.000000,,,,0.00,,,
48022,,,,,,,,,,,,,,10.411159,2.766299,2.811758,-3.252283,-7.269850,-2.033087,-0.909424,-0.366455,0.457764,0.104001,0.027767,0.028422,0.999995,0.000012,-0.002920,0.001007,99994.0000,-0.191201,-0.379284,0.905310,-0.885178,-0.331928,-0.326012,0.424149,-0.863694,-0.272269,,,0.000000,,,,0.00,,,
48023,,,,,,,,,,,,,,9.358633,3.491172,2.899108,-3.648573,-7.221964,-3.277535,-0.913818,-0.368652,0.459961,0.093531,0.034963,0.029107,0.999998,-0.001352,-0.001746,0.000125,,-0.189960,-0.382384,0.904266,-0.886273,-0.329490,-0.325510,0.422417,-0.863260,-0.276307,,,0.000000,,,,0.00,,,
48024,,,,,,,,,,,,,,8.550143,3.394114,2.960951,-3.370204,-6.937993,-3.990479,-0.911621,-0.368652,0.462158,0.085445,0.034032,0.029667,0.999995,-0.002607,-0.001707,0.000161,99994.0000,-0.187195,-0.383219,0.904490,-0.888421,-0.326815,-0.322336,0.419126,-0.863907,-0.279281,,,0.000000,,,,0.00,,,
48025,,,,,,,,,,,,,,8.806434,2.213639,2.796463,-2.446633,-6.523028,-3.352214,-0.913574,-0.375244,0.466309,0.088012,0.022230,0.028056,0.999993,-0.003350,-0.001878,-0.000001,,-0.185644,-0.386466,0.903427,-0.891210,-0.321017,-0.320457,0.413862,-0.864634,-0.284828,,,0.000000,,,,0.00,,,
48026,,,,,,,,,,,,,,9.590471,1.282437,3.055351,-1.635567,-6.744593,-2.410506,-0.906738,-0.377441,0.462158,0.095866,0.012876,0.030654,0.999992,-0.003760,-0.001555,-0.000662,99994.0000,-0.181098,-0.385759,0.904651,-0.894544,-0.317608,-0.314509,0.408649,-0.866207,-0.287560,,,0.000000,,,,0.00,,,
48027,,,,,,,,,,,,,,10.006516,0.557181,3.301436,-0.956583,-6.901031,-1.887979,-0.904297,-0.386475,0.464355,0.100045,0.005551,0.033080,0.999991,-0.003816,-0.000867,-0.001465,,-0.177783,-0.386342,0.905060,-0.898162,-0.312114,-0.309660,0.402116,-0.867943,-0.291509,,,0.000000,,,,0.00,,,
48028,,,,,,,,,,,,,,10.055480,0.230996,3.698195,-0.471905,-7.129288,-1.825622,-0.906494,-0.388672,0.458008,0.100557,0.002214,0.036981,0.999992,-0.003427,-0.000066,-0.002216,99997.0000,-0.171462,-0.381390,0.908374,-0.901577,-0.310981,-0.300747,0.397189,-0.870536,-0.290531,,,0.000000,,,,0.00,,,
48029,,,,,,,,,,,,,,10.287514,0.019236,3.786568,-0.265733,-7.216667,-1.565239,-0.899658,-0.393066,0.455811,0.102897,0.000034,0.037807,0.999994,-0.002505,0.000570,-0.002457,,-0.167488,-0.378876,0.910165,-0.904387,-0.308475,-0.294834,0.392469,-0.872523,-0.290985,,,0.000000,,,,0.00,,,
48030,,,,,,,,,,,,,,10.368286,0.401230,3.719437,-0.598023,-7.238551,-1.521604,-0.906250,-0.397461,0.455811,0.103744,0.003809,0.037046,0.999995,-0.001515,0.001378,-0.002502,99991.0000,-0.161712,-0.370526,0.914636,-0.906150,-0.311305,-0.286324,0.390821,-0.875100,-0.285411,,,0.000000,,,,0.00,,,
48031,,,,,,,,,,,,,,10.511654,0.560274,3.510567,-0.829518,-7.116094,-1.338870,-0.908203,-0.406250,0.449463,0.105213,0.005407,0.034846,0.999994,-0.000934,0.002422,-0.002173,,-0.159673,-0.364931,0.917240,-0.907575,-0.311257,-0.281826,0.388345,-0.877465,-0.281503,,,0.000000,,,,0.00,,,
48032,,,,,,,,,,,,,,10.572820,0.684062,3.414276,-0.947531,-6.985629,-1.198032,-0.910400,-0.408447,0.445312,0.105856,0.006626,0.033788,0.999992,-0.000145,0.003345,-0.002078,99989.0000,-0.156119,-0.352712,0.922616,-0.907968,-0.316495,-0.274635,0.388871,-0.880582,-0.270841,,,0.000000,,,,0.00,,,
48033,,,,,,,,,,,,,,18.596818,-0.488795,4.411480,-0.737585,-10.236441,6.318389,-0.910400,-0.404053,0.447510,0.186085,-0.005207,0.043582,0.999995,0.000443,0.002849,-0.001609,,-0.155426,-0.346670,0.925020,-0.908124,-0.318394,-0.271911,0.388785,-0.882295,-0.265333,,,0.000000,,,,0.00,,,
48034,,,,,,,,,,,,,,28.726026,-7.935147,-4.106924,0.894287,-3.427545,20.060841,-0.917725,-0.386230,0.428223,0.287417,-0.077206,-0.043914,0.999913,0.008915,0.007481,0.006134,99998.0000,-0.169994,-0.331716,0.927936,-0.898528,-0.334497,-0.284182,0.404660,-0.882086,-0.241194,,,0.000000,,,,0.00,,,
48035,,,,,,,,,,,,,,1.434612,-1.448452,-5.539918,-1.204098,4.941335,-6.816517,-0.924072,-0.392822,0.406982,0.013458,-0.014224,-0.055686,0.999864,0.005765,0.014847,-0.004365,,-0.174271,-0.302463,0.937094,-0.895333,-0.347464,-0.278655,0.409889,-0.887572,-0.210252,,,0.000000,,,,0.00,,,
48036,,,,,,,,,,,,,,16.404688,-0.603916,-6.385731,-5.039227,1.271878,7.016294,-0.939453,-0.390625,0.381348,0.162946,-0.005692,-0.066625,0.999835,0.007055,0.016698,-0.000712,99996.0000,-0.184690,-0.266974,0.945841,-0.889204,-0.364494,-0.276513,0.418575,-0.892115,-0.170076,,,0.000000,,,,0.00,,,
48037,,,,,,,,,,,,,,10.745579,-1.510471,0.280210,-0.655455,-2.377306,0.757458,-0.955078,-0.383789,0.347168,0.107534,-0.014734,0.000487,0.999757,-0.001428,0.021724,0.003427,,-0.208749,-0.230432,0.950434,-0.889034,-0.360219,-0.282598,0.407484,-0.903960,-0.129666,,,0.000000,,,,0.00,,,
48038,,,,,,,,,,,,,,9.163566,-7.076771,-0.393862,4.102831,1.040400,0.970386,-0.973145,-0.374756,0.300293,0.091846,-0.070329,-0.006105,0.999709,-0.000074,0.023658,0.004787,99994.0000,-0.234162,-0.186007,0.954238,-0.886575,-0.361914,-0.288104,0.398941,-0.913466,-0.080163,,,0.000000,,,,0.00,,,
48039,,,,,,,,,,,,,,4.547654,-9.638955,4.681482,9.291526,-1.551752,-2.974556,-0.975098,-0.381348,0.281250,0.046381,-0.096461,0.045761,0.999801,0.001423,0.019892,-0.000132,,-0.249674,-0.149450,0.956727,-0.885510,-0.364563,-0.288037,0.391835,-0.919107,-0.041317,,,0.000000,,,,0.00,,,
48040,,,,,,,,,,,,,,5.948939,-8.026574,2.558326,6.640925,-0.100337,-1.923415,-0.972656,-0.385742,0.272705,0.059192,-0.080912,0.024182,0.999879,0.010360,0.009526,-0.006594,100000.0000,-0.244604,-0.122517,0.961852,-0.879830,-0.388868,-0.273277,0.407514,-0.913111,-0.012675,,,0.000000,,,,0.00,,,
48041,,,,,,,,,,,,,,8.306496,-3.734537,2.956373,2.540693,-2.139850,-0.832530,-0.965576,-0.401367,0.274902,0.082783,-0.038573,0.028755,0.999857,0.012776,0.003879,-0.010341,,-0.229718,-0.107161,0.967340,-0.874057,-0.414456,-0.253478,0.428083,-0.903738,0.001543,,,0.000000,,,,0.00,,,
48042,,,,,,,,,,,,,,10.738331,-1.268334,-0.173599,-1.346617,-0.287059,0.913297,-0.967285,-0.416748,0.260254,0.107201,-0.013992,-0.002553,0.999854,0.009855,0.006371,-0.012407,99999.0000,-0.213294,-0.080718,0.973648,-0.870047,-0.437657,-0.226882,0.444437,-0.895512,0.023121,,,0.000000,,,,0.00,,,
48043,,,,,,,,,,,,,,10.055798,1.636516,2.197903,-2.553758,-3.357265,-0.282366,-0.966797,-0.432373,0.249756,0.100949,0.015290,0.020918,0.999873,0.005883,0.011433,-0.009426,,-0.207141,-0.051920,0.976932,-0.868746,-0.449421,-0.208087,0.449858,-0.891810,0.047988,,,0.000000,,,,0.00,,,
48044,,,,,,,,,,,,,,9.222140,0.411539,3.397797,-0.729903,-3.519648,-0.656545,-0.964111,-0.447754,0.224365,0.092662,0.003432,0.032826,0.999896,0.000738,0.012482,-0.007121,99991.0000,-0.205536,-0.018894,0.978467,-0.870133,-0.454069,-0.191547,0.447910,-0.890766,0.076887,,,0.000000,,,,0.00,,,
48045,,,,,,,,,,,,,,8.312072,1.032459,4.852662,-0.411921,-4.849738,-1.445450,-0.961914,-0.452148,0.215820,0.083634,0.009578,0.047788,0.999927,0.002875,0.009186,-0.007287,,-0.201104,0.004107,0.979561,-0.870515,-0.459291,-0.176791,0.449178,-0.888276,0.095940,,,0.000000,,,,0.00,,,
48046,,,,,,,,,,,,,,8.986033,2.074566,3.723149,-1.898251,-4.114991,-0.959687,-0.959229,-0.465576,0.213623,0.090181,0.020107,0.036800,0.999964,0.002857,0.005436,-0.005920,99998.0000,-0.195353,0.023721,0.980446,-0.869335,-0.466947,-0.161917,0.453975,-0.883967,0.111841,,,0.000000,,,,0.00,,,
48047,,,,,,,,,,,,,,8.067174,2.594156,4.115139,-1.961108,-4.599191,-1.828748,-0.961182,-0.474365,0.196777,0.081018,0.025597,0.040682,0.999974,0.000649,0.006012,-0.003931,,-0.193979,0.038018,0.980269,-0.870275,-0.467851,-0.154068,0.452763,-0.882989,0.123839,,,0.000000,,,,0.00,,,
48048,,,,,,,,,,,,,,7.340596,2.664730,5.242463,-1.372442,-5.519730,-2.321587,-0.963379,-0.472168,0.190430,0.073727,0.026586,0.052003,0.999983,-0.001940,0.005030,-0.002211,99990.0000,-0.194193,0.053599,0.979498,-0.871924,-0.466956,-0.147313,0.449487,-0.882654,0.137414,,,0.000000,,,,0.00,,,
48049,,,,,,,,,,,,,,9.363390,-0.899874,2.487427,0.068314,-1.274631,-0.166926,-0.959229,-0.465576,0.190430,0.093664,-0.008853,0.024812,0.999998,0.000411,0.000623,0.001664,,-0.197666,0.053144,0.978828,-0.870900,-0.467860,-0.150469,0.449958,-0.882203,0.138763,,,0.000000,,,,0.00,,,
48050,,,,,,,,,,,,,,9.134888,-1.748890,1.737362,0.501163,-0.172554,-0.365875,-0.963379,-0.472168,0.194580,0.091365,-0.017481,0.017298,0.999999,0.001508,0.000541,0.000373,99990.0000,-0.198325,0.058373,0.978396,-0.868425,-0.473280,-0.147796,0.454428,-0.878976,0.144556,,,0.000000,,,,0.00,,,
48051,,,,,,,,,,,,,,9.259513,-0.301543,1.856037,-0.727562,-0.916692,-0.436954,-0.956787,-0.472168,0.184082,0.092640,-0.003200,0.018304,0.999994,0.000188,0.002757,-0.001957,,-0.197441,0.065072,0.978153,-0.869027,-0.473369,-0.143923,0.453662,-0.878457,0.150011,,,0.000000,,,,0.00,,,
48052,,,,,,,,,,,,,,9.283342,0.458689,2.887838,-0.920519,-2.084360,-0.350217,-0.961182,-0.476562,0.181885,0.092904,0.004559,0.028654,0.999997,-0.000442,0.002398,-0.000435,99987.0000,-0.198434,0.074031,0.977314,-0.868688,-0.475048,-0.140394,0.453878,-0.876840,0.158576,,,0.000000,,,,0.00,,,
48053,,,,,,,,,,,,,,9.481246,-0.630370,2.048641,-0.415407,-0.788176,-0.133097,-0.965576,-0.474365,0.179688,0.094841,-0.006237,0.020375,0.999999,0.000404,0.001147,0.000793,,-0.200865,0.075290,0.976721,-0.868002,-0.475876,-0.141824,0.454120,-0.876284,0.160939,,,0.000000,,,,0.00,,,
48054,,,,,,,,,,,,,,9.572351,-0.589246,2.070487,-0.477113,-0.753282,-0.041873,-0.970215,-0.472168,0.175537,0.095768,-0.005847,0.020509,0.999998,-0.000271,0.002067,0.000418,99991.0000,-0.203025,0.082658,0.975678,-0.867210,-0.477866,-0.139971,0.454674,-0.874535,0.168700,,,0.000000,,,,0.00,,,
48055,,,,,,,,,,,,,,9.134778,-0.720052,2.762068,0.007055,-1.302891,-0.331448,-0.968018,-0.472168,0.166992,0.091415,-0.007106,0.027421,0.999997,-0.000787,0.002244,0.000797,,-0.206456,0.085825,0.974685,-0.867595,-0.476625,-0.141803,0.452389,-0.874907,0.172863,,,0.000000,,,,0.00,,,
48056,,,,,,,,,,,,,,9.075189,-1.220180,2.713009,0.405742,-0.962784,-0.319709,-0.963623,-0.467529,0.175537,0.090802,-0.012116,0.027002,0.999999,-0.000290,0.001451,0.000857,99995.0000,-0.208843,0.091469,0.973662,-0.866676,-0.478550,-0.140938,0.453054,-0.873283,0.179216,,,0.000000,,,,0.00,,,
48057,,,,,,,,,,,,,,9.218302,-1.096402,2.674916,0.226349,-0.962190,-0.202418,-0.970215,-0.467529,0.166992,0.092219,-0.010902,0.026651,0.999999,-0.000132,0.001078,0.000638,,-0.210936,0.092744,0.973090,-0.866525,-0.478438,-0.142236,0.452372,-0.873210,0.181284,,,0.000000,,,,0.00,,,
48058,,,,,,,,,,,,,,9.188526,-1.151797,2.658216,0.258338,-0.872012,-0.221307,-0.970215,-0.465332,0.168945,0.091920,-0.011449,0.026490,0.999999,-0.000355,0.001042,0.000643,99991.0000,-0.212653,0.097665,0.972235,-0.865781,-0.480107,-0.141140,0.452992,-0.871756,0.186653,,,0.000000,,,,0.00,,,
48059,,,,,,,,,,,,,,9.093125,-1.335122,2.881701,0.518380,-0.979825,-0.244883,-0.968018,-0.469727,0.166992,0.090962,-0.013288,0.028748,0.999999,-0.000354,0.000805,0.000585,,-0.214407,0.098512,0.971764,-0.865849,-0.479606,-0.142419,0.452034,-0.871937,0.188127,,,0.000000,,,,0.00,,,
48060,,,,,,,,,,,,,,9.191234,-1.522163,2.784370,0.606833,-0.752311,-0.137242,-0.965820,-0.465332,0.164795,0.091926,-0.015180,0.027820,1.000000,-0.000095,0.000271,0.000422,99991.0000,-0.215113,0.102106,0.971237,-0.864992,-0.481582,-0.140953,0.453338,-0.870433,0.191915,,,0.000000,,,,0.00,,,
48061,,,,,,,,,,,,,,9.241668,-1.398565,2.768154,0.475661,-0.793093,-0.108470,-0.968018,-0.467529,0.166992,0.092418,-0.013973,0.027684,1.000000,0.000060,-0.000031,0.000151,,-0.215357,0.101911,0.971203,-0.864870,-0.481719,-0.141231,0.453454,-0.870380,0.191881,,,0.000000,,,,0.00,,,
48062,,,,,,,,,,,,,,9.247140,-1.408155,2.689200,0.451825,-0.684284,-0.114651,-0.972656,-0.463135,0.166992,0.092465,-0.014081,0.026914,1.000000,0.000042,-0.000239,0.000019,99992.0000,-0.214976,0.104822,0.970978,-0.864089,-0.483739,-0.139089,0.455120,-0.868912,0.194568,,,0.000000,,,,0.00,,,
48063,,,,,,,,,,,,,,9.254329,-1.271589,2.636695,0.313476,-0.709462,-0.137456,-0.963867,-0.463135,0.166992,0.092527,-0.012734,0.026416,1.000000,0.000171,-0.000555,-0.000146,,-0.214229,0.104003,0.971231,-0.863994,-0.484008,-0.138746,0.455654,-0.868861,0.193547,,,0.000000,,,,0.00,,,
48064,,,,,,,,,,,,,,9.316374,-1.117805,2.511706,0.123929,-0.641856,-0.121164,-0.963623,-0.467529,0.173340,0.093144,-0.011201,0.025180,1.000000,0.000205,-0.000705,-0.000194,99999.0000,-0.213105,0.106142,0.971247,-0.863185,-0.486152,-0.136266,0.457710,-0.867404,0.195222,,,0.000000,,,,0.00,,,
48065,,,,,,,,,,,,,,9.474636,-1.136835,2.377812,0.056595,-0.509660,0.008317,-0.966064,-0.460938,0.173340,0.094725,-0.011393,0.023853,1.000000,0.000194,-0.000809,-0.000216,,-0.212002,0.104954,0.971617,-0.863096,-0.486446,-0.135778,0.458389,-0.867384,0.193713,,,0.000000,,,,0.00,,,
48066,,,,,,,,,,,,,,9.583991,-1.035599,2.265405,-0.089838,-0.427143,0.080081,-0.968018,-0.467529,0.173340,0.095819,-0.010382,0.022728,1.000000,0.000205,-0.000797,-0.000225,99999.0000,-0.210754,0.106800,0.971687,-0.862331,-0.488471,-0.133346,0.460400,-0.866019,0.195045,,,0.000000,,,,0.00,,,
48067,,,,,,,,,,,,,,9.638076,-1.050353,2.225073,-0.095865,-0.389724,0.126408,-0.972412,-0.465332,0.171143,0.096363,-0.010523,0.022319,1.000000,0.000133,-0.000727,-0.000171,,-0.209800,0.105715,0.972012,-0.862278,-0.488668,-0.132968,0.460935,-0.866041,0.193678,,,0.000000,,,,0.00,,,
48068,,,,,,,,,,,,,,9.724804,-1.011252,2.049352,-0.215388,-0.225530,0.172152,-0.966064,-0.463135,0.173340,0.097232,-0.010133,0.020558,1.000000,0.000193,-0.000679,-0.000170,99991.0000,-0.208755,0.107549,0.972036,-0.861536,-0.490572,-0.130746,0.462792,-0.864738,0.195067,,,0.000000,,,,0.00,,,
48069,,,,,,,,,,,,,,9.829205,-0.921916,1.987747,-0.334050,-0.213011,0.249984,-0.968018,-0.469971,0.175537,0.098281,-0.009234,0.019925,1.000000,0.000165,-0.000499,-0.000113,,-0.208110,0.106804,0.972257,-0.861429,-0.490835,-0.130468,0.463283,-0.864681,0.194152,,,0.000000,,,,0.00,,,
48070,,,,,,,,,,,,,,9.804862,-0.877588,2.013913,-0.347298,-0.235205,0.226505,-0.963623,-0.467529,0.173340,0.098045,-0.008776,0.020157,1.000000,0.000037,-0.000187,0.000008,99997.0000,-0.207813,0.109146,0.972060,-0.860796,-0.492399,-0.128738,0.464590,-0.863499,0.196279,,,0.000000,,,,0.00,,,
48071,,,,,,,,,,,,,,9.759213,-0.867788,1.961596,-0.370590,-0.201952,0.170550,-0.968018,-0.465332,0.175537,0.097593,-0.008668,0.019617,1.000000,-0.000008,-0.000012,0.000102,,-0.207989,0.109033,0.972035,-0.860759,-0.492409,-0.128945,0.464579,-0.863508,0.196267,,,0.000000,,,,0.00,,,
48072,,,,,,,,,,,,,,9.729905,-0.862339,2.038938,-0.333991,-0.246433,0.157251,-0.963623,-0.467529,0.168945,0.097306,-0.008600,0.020367,1.000000,-0.000130,0.000239,0.000212,99990.0000,-0.208421,0.111750,0.971634,-0.860237,-0.493631,-0.127752,0.465353,-0.862462,0.199014,,,0.000000,,,,0.00,,,
48073,,,,,,,,,,,,,,9.622103,-1.088394,2.141066,-0.077488,-0.232418,0.101626,-0.965820,-0.467529,0.171143,0.096233,-0.010852,0.021375,1.000000,-0.000240,0.000400,0.000280,,-0.209286,0.112170,0.971400,-0.860341,-0.493282,-0.128398,0.464772,-0.862607,0.199742,,,0.000000,,,,0.00,,,
48074,,,,,,,,,,,,,,9.616856,-1.033076,2.211892,-0.097069,-0.290970,0.104446,-0.970459,-0.460938,0.171143,0.096181,-0.010303,0.022077,1.000000,-0.000126,0.000444,0.000261,99991.0000,-0.209992,0.115043,0.970911,-0.859828,-0.494439,-0.127380,0.465402,-0.861566,0.202745,,,0.000000,,,,0.00,,,
48075,,,,,,,,,,,,,,9.589641,-1.134361,2.198872,-0.020518,-0.227664,0.088361,-0.972412,-0.465332,0.173340,0.095912,-0.011310,0.021940,1.000000,-0.000224,0.000535,0.000300,,-0.211017,0.115677,0.970613,-0.859908,-0.494125,-0.128060,0.464790,-0.861661,0.203741,,,0.000000,,,,0.00,,,
48076,,,,,,,,,,,,,,9.560783,-1.121606,2.236295,-0.015628,-0.238858,0.067104,-0.959229,-0.469727,0.169189,0.095623,-0.011187,0.022313,1.000000,-0.000174,0.000544,0.000265,99990.0000,-0.211832,0.118579,0.970086,-0.859468,-0.495122,-0.127156,0.465233,-0.860693,0.206798,,,0.000000,,,,0.00,,,
48077,,,,,,,,,,,,,,9.528824,-1.071208,2.332057,-0.018374,-0.343709,0.049664,-0.963623,-0.467529,0.171143,0.095305,-0.010681,0.023268,1.000000,-0.000180,0.000572,0.000284,,-0.212864,0.119293,0.969772,-0.859513,-0.494882,-0.127786,0.464679,-0.860733,0.207876,,,0.000000,,,,0.00,,,
48078,,,,,,,,,,,,,,9.553099,-1.043792,2.301459,-0.069404,-0.298439,0.064257,-0.972656,-0.463135,0.166992,0.095547,-0.010405,0.022964,1.000000,-0.000170,0.000550,0.000303,99988.0000,-0.213761,0.122038,0.969233,-0.859078,-0.495830,-0.127036,0.465071,-0.859802,0.210829,,,0.000000,,,,0.00,,,
48079,,,,,,,,,,,,,,9.575478,-1.141280,2.269176,-0.017182,-0.213249,0.091638,-0.970215,-0.465332,0.171143,0.095772,-0.011377,0.022635,1.000000,-0.000198,0.000618,0.000326,,-0.214907,0.122787,0.968885,-0.859119,-0.495573,-0.127756,0.464466,-0.859844,0.211991,,,0.000000,,,,0.00,,,
48080,,,,,,,,,,,,,,9.502255,-1.041317,2.249480,-0.106079,-0.225706,0.004397,-0.970215,-0.465332,0.168945,0.095041,-0.010379,0.022434,1.000000,-0.000133,0.000655,0.000332,99990.0000,-0.215962,0.125566,0.968294,-0.858664,-0.496524,-0.127122,0.464819,-0.858893,0.215049,,,0.000000,,,,0.00,,,
48081,,,,,,,,,,,,,,9.519177,-1.107396,2.301445,-0.042455,-0.227222,0.040447,-0.977051,-0.460938,0.164795,0.095214,-0.011033,0.022943,1.000000,-0.000242,0.000775,0.000374,,-0.217335,0.126536,0.967860,-0.858724,-0.496206,-0.127956,0.464067,-0.858934,0.216503,,,0.000000,,,,0.00,,,
48082,,,,,,,,,,,,,,9.401448,-1.280234,2.497538,0.210076,-0.294811,-0.007952,-0.968262,-0.460938,0.162598,0.094040,-0.012758,0.024901,1.000000,-0.000340,0.000838,0.000378,99991.0000,-0.218642,0.129470,0.967178,-0.858464,-0.496756,-0.127569,0.463935,-0.858179,0.219757,,,0.000000,,,,0.00,,,
48083,,,,,,,,,,,,,,9.400353,-1.348115,2.446930,0.232363,-0.209624,-0.010975,-0.968262,-0.463135,0.158447,0.094021,-0.013457,0.024417,1.000000,-0.000011,0.000559,0.000250,,-0.219602,0.130190,0.966864,-0.858362,-0.496805,-0.128062,0.463671,-0.858041,0.220850,,,0.000000,,,,0.00,,,
48084,,,,,,,,,,,,,,9.583942,-1.188918,2.281446,-0.027902,-0.095192,0.110045,-0.966064,-0.463135,0.158447,0.095854,-0.011876,0.022761,1.000000,0.000014,0.000552,0.000142,99999.0000,-0.220263,0.132763,0.966363,-0.857894,-0.497848,-0.127143,0.464222,-0.857042,0.223555,,,0.000000,,,,0.00,,,
48085,,,,,,,,,,,,,,9.523097,-1.193343,2.414070,0.041793,-0.205527,0.081613,-0.970459,-0.463135,0.160400,0.095250,-0.011915,0.024075,1.000000,-0.000148,0.000712,0.000153,,-0.221198,0.133843,0.966001,-0.857961,-0.497639,-0.127510,0.463653,-0.856996,0.224909,,,0.000000,,,,0.00,,,
48086,,,,,,,,,,,,,,9.533860,-1.413781,2.505624,0.263650,-0.143680,0.141269,-0.972656,-0.458740,0.156250,0.095357,-0.014125,0.024994,1.000000,-0.000146,0.000676,0.000095,99998.0000,-0.221905,0.136574,0.965456,-0.857685,-0.498336,-0.126639,0.463826,-0.856159,0.227721,,,0.000000,,,,0.00,,,
