// Start Time: Unknown
// Update Rate: 100.0Hz
// Filter Profile: human (46.1)
// Firmware Version: 4.6.0
PacketCounter,SampleTimeFine,Year,Month,Day,Second,UTC_Nano,UTC_Year,UTC_Month,UTC_Day,UTC_Hour,UTC_Minute,UTC_Second,UTC_Valid,Acc_X,Acc_Y,Acc_Z,FreeAcc_X,FreeAcc_Y,FreeAcc_Z,Mag_X,Mag_Y,Mag_Z,VelInc_X,VelInc_Y,VelInc_Z,OriInc_q0,OriInc_q1,OriInc_q2,OriInc_q3,Pressure,Mat[1][1],Mat[2][1],Mat[3][1],Mat[1][2],Mat[2][2],Mat[3][2],Mat[1][3],Mat[2][3],Mat[3][3],Latitude,Longitude,Altitude,Vel_X,Vel_Y,Vel_Z,Temperature,GyrTemp_X,GyrTemp_Y,GyrTemp_Z
47949,,,,,,,,,,,,,,9.074634,0.062315,-2.809721,-0.000000,0.000000,-0.312825,-0.970703,-0.226318,-0.009277,0.090736,0.000660,-0.028130,1.000000,0.000279,0.000364,0.000325,,-0.237373,-0.177154,0.955128,-0.579974,0.814605,0.006953,-0.779284,-0.552300,-0.296110,,,0.000000,,,,0.00,,,
47950,,,,,,,,,,,,,,9.186457,0.367342,-2.771296,-0.328322,0.282903,-0.220077,-0.966309,-0.226318,-0.002686,0.091861,0.003708,-0.027720,1.000000,0.000419,0.000095,0.000251,100135.0000,-0.242480,-0.173510,0.954514,-0.597865,0.801573,-0.006170,-0.764043,-0.572166,-0.298101,,,0.000000,,,,0.00,,,
47951,,,,,,,,,,,,,,9.401893,0.793583,-2.748422,-0.656680,0.579740,-0.024334,-0.968506,-0.224121,-0.007080,0.094018,0.007969,-0.027479,1.000000,0.000544,-0.000010,0.000195,,-0.242729,-0.173209,0.954506,-0.598601,0.801018,-0.006867,-0.763386,-0.573035,-0.298113,,,0.000000,,,,0.00,,,
47952,,,,,,,,,,,,,,9.584215,1.272391,-2.483409,-1.194281,0.783726,0.066732,-0.968750,-0.217773,-0.005127,0.095839,0.012754,-0.024831,1.000000,0.000485,0.000034,0.000193,100137.0000,-0.242909,-0.172945,0.954508,-0.599272,0.800511,-0.007464,-0.762803,-0.573823,-0.298092,,,0.000000,,,,0.00,,,
47953,,,,,,,,,,,,,,9.998286,1.692957,-3.044505,-1.122125,1.376912,0.625022,-0.972900,-0.221924,-0.004883,0.099973,0.016968,-0.030455,1.000000,0.000349,0.000163,0.000276,,-0.242992,-0.172315,0.954601,-0.599671,0.800205,-0.008200,-0.762463,-0.574438,-0.297776,,,0.000000,,,,0.00,,,
47954,,,,,,,,,,,,,,12.530332,2.319531,-6.225056,0.329246,3.373418,3.958613,-0.973389,-0.209473,-0.020752,0.124850,0.023896,-0.062890,0.999965,0.004913,0.006045,0.003144,100128.0000,-0.237530,-0.160292,0.958064,-0.605621,0.795570,-0.017044,-0.759475,-0.584272,-0.286048,,,0.000000,,,,0.00,,,
47955,,,,,,,,,,,,,,9.012900,2.726384,-0.233157,-3.557887,0.924772,-1.140688,-0.962646,-0.213623,-0.038330,0.090052,0.027426,-0.003188,0.999956,-0.001270,0.009121,0.001846,,-0.225853,-0.146684,0.963055,-0.602829,0.797623,-0.019887,-0.765237,-0.585048,-0.268571,,,0.000000,,,,0.00,,,
47956,,,,,,,,,,,,,,8.355691,2.053261,-0.676502,-2.560570,0.852736,-1.614759,-0.967285,-0.207275,-0.047363,0.083480,0.020622,-0.007402,0.999960,-0.006479,0.006030,0.001625,100132.0000,-0.218333,-0.137154,0.966188,-0.592080,0.805645,-0.019430,-0.775740,-0.576303,-0.257105,,,0.000000,,,,0.00,,,
47957,,,,,,,,,,,,,,8.207074,-0.017296,-1.050343,-0.957270,-0.523202,-1.610895,-0.967285,-0.203125,-0.047607,0.082052,-0.000141,-0.010646,0.999986,-0.004796,0.001747,0.001010,,-0.216799,-0.133521,0.967042,-0.584169,0.811411,-0.018931,-0.782141,-0.569020,-0.253912,,,0.000000,,,,0.00,,,
47958,,,,,,,,,,,,,,8.551066,0.914819,-1.057650,-1.565025,0.198114,-1.292848,-0.973633,-0.203125,-0.045410,0.085517,0.009172,-0.010505,0.999999,-0.000796,-0.000923,0.000377,100134.0000,-0.218327,-0.134189,0.966606,-0.582763,0.812423,-0.018844,-0.782764,-0.567417,-0.255574,,,0.000000,,,,0.00,,,
47959,,,,,,,,,,,,,,8.816228,1.527015,-1.317866,-1.800726,0.792672,-0.985269,-0.979980,-0.205078,-0.036377,0.088194,0.015270,-0.012963,0.999996,-0.001230,-0.002660,0.000185,,-0.222706,-0.136900,0.965226,-0.580756,0.813866,-0.018565,-0.783023,-0.564695,-0.260758,,,0.000000,,,,0.00,,,
47960,,,,,,,,,,,,,,8.789780,0.504639,-2.298231,-0.475847,0.475229,-0.738331,-0.973633,-0.207275,-0.034180,0.088000,0.005004,-0.022596,0.999990,-0.000688,-0.004433,-0.000304,100132.0000,-0.228728,-0.142743,0.962968,-0.579840,0.814553,-0.016983,-0.781965,-0.562252,-0.269079,,,0.000000,,,,0.00,,,
47961,,,,,,,,,,,,,,9.100715,0.274348,-2.698883,-0.173084,0.406981,-0.326611,-0.979980,-0.209473,-0.020752,0.091163,0.002708,-0.026460,0.999980,0.002337,-0.005736,-0.001076,,-0.236416,-0.150955,0.959854,-0.583983,0.811605,-0.016197,-0.776577,-0.564367,-0.280032,,,0.000000,,,,0.00,,,
47962,,,,,,,,,,,,,,9.270632,0.761906,-2.797108,-0.506406,0.751690,-0.141797,-0.975586,-0.211426,-0.005127,0.092891,0.007559,-0.027367,0.999969,0.004442,-0.006149,-0.001967,100133.0000,-0.243019,-0.161512,0.956481,-0.591807,0.805953,-0.014270,-0.768574,-0.569520,-0.291446,,,0.000000,,,,0.00,,,
47963,,,,,,,,,,,,,,10.203720,2.760161,-3.596308,-1.390740,2.583761,0.960275,-0.973389,-0.211426,-0.002930,0.102248,0.027517,-0.035424,0.999983,0.003140,-0.004434,-0.001921,,-0.247523,-0.169667,0.953911,-0.597557,0.801729,-0.012456,-0.762665,-0.573100,-0.299832,,,0.000000,,,,0.00,,,
47964,,,,,,,,,,,,,,10.547894,3.020731,-2.937922,-2.171557,2.313618,1.093539,-0.973389,-0.211426,-0.005127,0.105466,0.030268,-0.029362,1.000000,-0.000561,-0.000324,0.000735,100134.0000,-0.248185,-0.169416,0.953783,-0.596303,0.802660,-0.012591,-0.763431,-0.571869,-0.300232,,,0.000000,,,,0.00,,,
47965,,,,,,,,,,,,,,9.134237,0.569685,-2.773129,-0.478854,0.501562,-0.274965,-0.975586,-0.211426,-0.009521,0.091308,0.005680,-0.027848,0.999997,-0.002146,0.001142,0.000473,,-0.246999,-0.167353,0.954455,-0.592785,0.805268,-0.012209,-0.766549,-0.568803,-0.298105,,,0.000000,,,,0.00,,,
47966,,,,,,,,,,,,,,9.054523,1.011945,-2.062951,-1.247683,0.466936,-0.566637,-0.983887,-0.213623,-0.002930,0.090546,0.010135,-0.020618,1.000000,0.000285,-0.000097,0.000109,100140.0000,-0.246360,-0.167960,0.954514,-0.593081,0.805062,-0.011413,-0.766526,-0.568915,-0.297949,,,0.000000,,,,0.00,,,
47967,,,,,,,,,,,,,,9.560234,1.780944,-1.859986,-1.991102,0.884600,-0.154407,-0.977783,-0.209473,-0.000732,0.095609,0.017828,-0.018547,1.000000,-0.000474,-0.000641,0.000288,,-0.247684,-0.168225,0.954124,-0.592212,0.805698,-0.011679,-0.766771,-0.567936,-0.299183,,,0.000000,,,,0.00,,,
47968,,,,,,,,,,,,,,9.455109,1.080939,-2.203620,-1.282701,0.522961,-0.142907,-0.979736,-0.211426,-0.002930,0.094555,0.010823,-0.022012,0.999999,-0.001489,-0.000421,0.000494,100132.0000,-0.247717,-0.168739,0.954025,-0.589602,0.807629,-0.010248,-0.768769,-0.565033,-0.299552,,,0.000000,,,,0.00,,,
47969,,,,,,,,,,,,,,9.372366,0.860016,-2.532478,-0.887113,0.543556,-0.121873,-0.977783,-0.207275,-0.005127,0.093733,0.008627,-0.025280,0.999999,-0.000938,-0.000559,0.000542,,-0.249216,-0.168492,0.953678,-0.587889,0.808870,-0.010719,-0.769596,-0.563329,-0.300638,,,0.000000,,,,0.00,,,
47970,,,,,,,,,,,,,,9.463727,0.974926,-2.606143,-0.917808,0.652830,-0.012890,-0.979980,-0.205078,-0.003174,0.094648,0.009781,-0.026010,0.999999,-0.000876,-0.000637,0.000576,100135.0000,-0.249517,-0.169106,0.953491,-0.586145,0.810148,-0.009704,-0.770828,-0.561305,-0.301266,,,0.000000,,,,0.00,,,
47971,,,,,,,,,,,,,,9.436477,0.935832,-2.789669,-0.757469,0.727986,0.015914,-0.982178,-0.207275,0.005859,0.094374,0.009384,-0.027858,0.999999,-0.000924,-0.000505,0.000544,,-0.250932,-0.168790,0.953175,-0.584448,0.811367,-0.010183,-0.771656,-0.559637,-0.302247,,,0.000000,,,,0.00,,,
47972,,,,,,,,,,,,,,9.384392,1.026265,-2.681037,-0.874572,0.739131,-0.066057,-0.984375,-0.205078,0.005859,0.093850,0.010286,-0.026779,1.000000,-0.000690,-0.000415,0.000448,100137.0000,-0.250650,-0.169473,0.953128,-0.583026,0.812405,-0.008871,-0.772823,-0.557922,-0.302436,,,0.000000,,,,0.00,,,
47973,,,,,,,,,,,,,,9.331362,1.186547,-2.544749,-1.065968,0.802711,-0.159848,-0.982422,-0.198730,0.001221,0.093315,0.011880,-0.025434,1.000000,-0.000672,-0.000228,0.000338,,-0.251396,-0.169179,0.952984,-0.581818,0.813268,-0.009107,-0.773491,-0.556752,-0.302884,,,0.000000,,,,0.00,,,
47974,,,,,,,,,,,,,,9.177809,1.217996,-2.362232,-1.172723,0.743019,-0.359197,-0.982178,-0.203125,0.001221,0.091778,0.012183,-0.023623,1.000000,-0.000522,-0.000061,0.000164,100134.0000,-0.250110,-0.169989,0.953178,-0.580763,0.814041,-0.007214,-0.774700,-0.555375,-0.302323,,,0.000000,,,,0.00,,,
47975,,,,,,,,,,,,,,9.115358,1.137534,-2.214098,-1.223905,0.605757,-0.462763,-0.973877,-0.203125,0.001465,0.091153,0.011365,-0.022150,1.000000,-0.000381,0.000047,-0.000026,,-0.250007,-0.169978,0.953207,-0.580185,0.814455,-0.006935,-0.775166,-0.554770,-0.302238,,,0.000000,,,,0.00,,,
47976,,,,,,,,,,,,,,8.933655,0.923130,-1.983412,-1.211685,0.322886,-0.700946,-0.982178,-0.203125,-0.005371,0.089334,0.009208,-0.019858,1.000000,-0.000160,0.000249,-0.000225,100136.0000,-0.247670,-0.171110,0.953615,-0.579850,0.814711,-0.004411,-0.776166,-0.554046,-0.300998,,,0.000000,,,,0.00,,,
47977,,,,,,,,,,,,,,8.706892,0.741457,-1.861667,-1.136642,0.145419,-0.951964,-0.986572,-0.203125,0.001221,0.087063,0.007385,-0.018654,1.000000,0.000100,0.000438,-0.000364,,-0.246568,-0.171218,0.953881,-0.580185,0.814476,-0.003776,-0.776267,-0.554358,-0.300162,,,0.000000,,,,0.00,,,
47978,,,,,,,,,,,,,,8.668762,0.643168,-1.903910,-1.008244,0.085530,-0.971755,-0.984375,-0.205078,-0.005371,0.086681,0.006404,-0.019081,1.000000,0.000495,0.000518,-0.000434,100134.0000,-0.243207,-0.172365,0.954537,-0.581006,0.813899,-0.001065,-0.776713,-0.554850,-0.298090,,,0.000000,,,,0.00,,,
47979,,,,,,,,,,,,,,8.711377,0.612320,-2.006990,-0.910381,0.111210,-0.899222,-0.979980,-0.209473,-0.002930,0.087105,0.006100,-0.020116,0.999999,0.000793,0.000587,-0.000455,,-0.241766,-0.172452,0.954887,-0.582458,0.812861,-0.000669,-0.776075,-0.556343,-0.296968,,,0.000000,,,,0.00,,,
47980,,,,,,,,,,,,,,8.792999,0.522714,-2.209506,-0.689637,0.129858,-0.758434,-0.971436,-0.205078,-0.005371,0.087918,0.005209,-0.022147,0.999999,0.000958,0.000643,-0.000452,100135.0000,-0.238116,-0.173430,0.955627,-0.583965,0.811777,0.001816,-0.776071,-0.557620,-0.294574,,,0.000000,,,,0.00,,,
47981,,,,,,,,,,,,,,8.823986,0.237906,-2.526011,-0.273453,0.074835,-0.635560,-0.975830,-0.207275,-0.005127,0.088220,0.002371,-0.025329,0.999999,0.001108,0.000805,-0.000409,,-0.236387,-0.173194,0.956099,-0.585878,0.810397,0.001947,-0.775156,-0.559697,-0.293038,,,0.000000,,,,0.00,,,
47982,,,,,,,,,,,,,,8.787717,0.145054,-2.906957,0.114323,0.220714,-0.558845,-0.975586,-0.209473,-0.002930,0.087848,0.001458,-0.029156,0.999998,0.001433,0.001008,-0.000393,100132.0000,-0.232743,-0.173424,0.956951,-0.588010,0.808846,0.003572,-0.774645,-0.561865,-0.290229,,,0.000000,,,,0.00,,,
47983,,,,,,,,,,,,,,8.722485,0.551075,-2.977771,-0.042136,0.612180,-0.599871,-0.981689,-0.215820,-0.011719,0.087199,0.005528,-0.029851,0.999998,0.001831,0.000961,-0.000423,,-0.230756,-0.173025,0.957504,-0.591040,0.806636,0.003323,-0.772932,-0.565156,-0.288400,,,0.000000,,,,0.00,,,
47984,,,,,,,,,,,,,,8.925802,1.233591,-3.092498,-0.380450,1.192385,-0.368710,-0.977539,-0.211426,-0.009521,0.089249,0.012380,-0.030933,0.999998,0.001859,0.000347,-0.000151,100137.0000,-0.228137,-0.173839,0.957984,-0.593678,0.804690,0.004642,-0.771687,-0.567675,-0.286784,,,0.000000,,,,0.00,,,
47985,,,,,,,,,,,,,,9.486728,1.770600,-3.399236,-0.601825,1.704247,0.258120,-0.973389,-0.213623,-0.005127,0.094887,0.017754,-0.033912,0.999999,0.001031,-0.000656,0.000140,,-0.229314,-0.174360,0.957608,-0.595203,0.803566,0.003782,-0.770161,-0.569105,-0.288049,,,0.000000,,,,0.00,,,
47986,,,,,,,,,,,,,,10.109100,2.048754,-3.817905,-0.590212,2.039490,0.978965,-0.973145,-0.215576,-0.007324,0.101127,0.020541,-0.038054,0.999999,-0.000006,-0.001241,0.000527,100139.0000,-0.230185,-0.176039,0.957092,-0.594578,0.804023,0.004886,-0.770384,-0.567941,-0.289743,,,0.000000,,,,0.00,,,
47987,,,,,,,,,,,,,,10.402665,2.087570,-3.830617,-0.696179,2.021293,1.263263,-0.977783,-0.207275,0.001465,0.104051,0.020932,-0.038208,0.999999,-0.000907,-0.001123,0.000876,,-0.232955,-0.175903,0.956447,-0.592774,0.805360,0.003738,-0.770941,-0.566086,-0.291883,,,0.000000,,,,0.00,,,
47988,,,,,,,,,,,,,,10.236356,1.993521,-3.571626,-0.798367,1.811828,1.031366,-0.975830,-0.205078,-0.003174,0.102365,0.019997,-0.035678,0.999998,-0.001309,-0.000632,0.001063,100137.0000,-0.233523,-0.176369,0.956222,-0.589772,0.807555,0.004918,-0.773069,-0.562805,-0.292600,,,0.000000,,,,0.00,,,
47989,,,,,,,,,,,,,,10.004232,2.202653,-3.171486,-1.189365,1.803543,0.690992,-0.982178,-0.203125,0.003662,0.100035,0.022096,-0.031690,0.999999,-0.001091,-0.000493,0.001037,,-0.235505,-0.175248,0.955942,-0.587598,0.809145,0.003576,-0.774122,-0.560868,-0.293533,,,0.000000,,,,0.00,,,
47990,,,,,,,,,,,,,,9.979981,2.284076,-2.956141,-1.388077,1.740297,0.608464,-0.980225,-0.203125,0.001465,0.099796,0.022899,-0.029529,0.999998,-0.001499,-0.000670,0.001029,100137.0000,-0.235951,-0.176086,0.955678,-0.584285,0.811532,0.005270,-0.776491,-0.557145,-0.294366,,,0.000000,,,,0.00,,,
47991,,,,,,,,,,,,,,10.064400,1.885846,-3.148876,-1.035474,1.513220,0.742024,-0.980225,-0.198730,0.001221,0.100648,0.018887,-0.031460,0.999997,-0.002187,-0.000697,0.000964,,-0.238155,-0.175294,0.955277,-0.580426,0.814299,0.004721,-0.778709,-0.553344,-0.295675,,,0.000000,,,,0.00,,,
47992,,,,,,,,,,,,,,10.048587,1.296837,-3.212840,-0.623322,1.048772,0.746184,-0.976074,-0.196777,0.005615,0.100493,0.012982,-0.032100,0.999997,-0.002238,-0.000569,0.000846,100146.0000,-0.238060,-0.176493,0.955080,-0.575941,0.817457,0.007503,-0.782061,-0.548283,-0.296253,,,0.000000,,,,0.00,,,
47993,,,,,,,,,,,,,,9.804764,1.076703,-3.539194,-0.190481,1.089387,0.608231,-0.976318,-0.192383,0.003418,0.098059,0.010784,-0.035356,0.999998,-0.001513,-0.000537,0.000721,,-0.239729,-0.175901,0.954772,-0.573228,0.819366,0.007025,-0.783543,-0.545618,-0.297257,,,0.000000,,,,0.00,,,
47994,,,,,,,,,,,,,,9.732710,1.241593,-3.286432,-0.457981,1.079812,0.467978,-0.985107,-0.186279,0.012207,0.097330,0.012471,-0.032834,0.999999,-0.000692,-0.000405,0.000796,100137.0000,-0.239921,-0.176830,0.954552,-0.570939,0.820947,0.008578,-0.785154,-0.542933,-0.297921,,,0.000000,,,,0.00,,,
47995,,,,,,,,,,,,,,9.294712,0.767342,-3.394169,-0.007604,0.832838,0.077063,-0.985107,-0.188232,0.010010,0.092948,0.007729,-0.033926,0.999999,-0.000826,-0.000240,0.000898,,-0.241321,-0.175615,0.954423,-0.569209,0.822160,0.007357,-0.785980,-0.541491,-0.298366,,,0.000000,,,,0.00,,,
47996,,,,,,,,,,,,,,8.920499,0.384679,-3.141415,0.110619,0.431134,-0.357867,-0.985352,-0.181885,0.007568,0.089206,0.003926,-0.031401,0.999999,-0.000294,-0.000155,0.000988,100137.0000,-0.241031,-0.176458,0.954341,-0.567394,0.823398,0.008944,-0.787381,-0.539331,-0.298586,,,0.000000,,,,0.00,,,
47997,,,,,,,,,,,,,,8.638775,0.256644,-2.901146,0.049709,0.257713,-0.699947,-0.982910,-0.188232,0.003418,0.086392,0.002655,-0.028991,0.999999,0.000263,-0.000233,0.000936,,-0.242461,-0.175168,0.954216,-0.567355,0.823443,0.006999,-0.786969,-0.539683,-0.299035,,,0.000000,,,,0.00,,,
47998,,,,,,,,,,,,,,8.594486,0.322465,-2.756668,-0.088632,0.233910,-0.784632,-0.978760,-0.188232,0.007812,0.085950,0.003309,-0.027542,0.999999,0.000603,-0.000263,0.000788,100140.0000,-0.242266,-0.176044,0.954105,-0.567336,0.823449,0.007879,-0.787043,-0.539389,-0.299369,,,0.000000,,,,0.00,,,
47999,,,,,,,,,,,,,,8.697457,0.558683,-2.834437,-0.201253,0.462196,-0.661854,-0.980957,-0.186279,0.005371,0.086982,0.005669,-0.028304,0.999999,0.000901,-0.000407,0.000648,,-0.243643,-0.175418,0.953869,-0.568439,0.822703,0.006102,-0.785822,-0.540729,-0.300160,,,0.000000,,,,0.00,,,
48000,,,,,,,,,,,,,,8.959205,0.906494,-3.029032,-0.312463,0.798433,-0.350713,-0.978760,-0.184082,0.005371,0.089602,0.009151,-0.030235,0.999999,0.001289,-0.000485,0.000526,100134.0000,-0.243772,-0.176629,0.953613,-0.569349,0.822069,0.006722,-0.785122,-0.541300,-0.300960,,,0.000000,,,,0.00,,,
48001,,,,,,,,,,,,,,9.088063,1.293565,-3.078383,-0.543814,1.129585,-0.212119,-0.978760,-0.186035,0.007812,0.090883,0.013027,-0.030739,0.999998,0.001668,-0.000258,0.000446,,-0.244686,-0.176176,0.953462,-0.571746,0.820416,0.004866,-0.783093,-0.543948,-0.301473,,,0.000000,,,,0.00,,,
48002,,,,,,,,,,,,,,9.037216,1.694903,-2.832114,-0.954372,1.330411,-0.331970,-0.985352,-0.184082,0.005371,0.090360,0.017036,-0.028307,0.999998,0.001757,0.000178,0.000410,100138.0000,-0.243759,-0.176695,0.953604,-0.573551,0.819154,0.005172,-0.782062,-0.545680,-0.301020,,,0.000000,,,,0.00,,,
48003,,,,,,,,,,,,,,8.948005,1.944067,-2.466120,-1.372311,1.363239,-0.529032,-0.978760,-0.184082,0.003174,0.089466,0.019518,-0.024652,0.999998,0.001694,0.000269,0.000398,,-0.243797,-0.175750,0.953769,-0.576004,0.817440,0.003393,-0.780245,-0.548547,-0.300522,,,0.000000,,,,0.00,,,
48004,,,,,,,,,,,,,,9.018212,2.168021,-2.266335,-1.668416,1.419309,-0.519321,-0.976807,-0.181885,0.005371,0.090172,0.021752,-0.022633,0.999998,0.001701,0.000076,0.000364,100144.0000,-0.242538,-0.176626,0.953928,-0.578027,0.816007,0.004125,-0.779141,-0.550396,-0.300007,,,0.000000,,,,0.00,,,
48005,,,,,,,,,,,,,,9.182378,2.059894,-2.350392,-1.594477,1.355714,-0.341508,-0.979004,-0.181885,0.007568,0.091821,0.020670,-0.023453,0.999999,0.001552,-0.000208,0.000376,,-0.243297,-0.176243,0.953806,-0.580260,0.814428,0.002476,-0.777242,-0.552853,-0.300414,,,0.000000,,,,0.00,,,
48006,,,,,,,,,,,,,,9.353560,1.925035,-2.687489,-1.297295,1.393033,-0.076472,-0.982910,-0.186279,0.014404,0.093537,0.019332,-0.026812,0.999998,0.001678,-0.000330,0.000394,100137.0000,-0.242967,-0.177348,0.953685,-0.581901,0.813254,0.002984,-0.776117,-0.554225,-0.300793,,,0.000000,,,,0.00,,,
48007,,,,,,,,,,,,,,9.324326,1.835143,-2.940317,-1.060794,1.473515,-0.032110,-0.976807,-0.179932,0.009766,0.093240,0.018448,-0.029353,0.999998,0.001888,-0.000166,0.000442,,-0.243739,-0.176816,0.953587,-0.584612,0.811312,0.001007,-0.773834,-0.557233,-0.301117,,,0.000000,,,,0.00,,,
48008,,,,,,,,,,,,,,9.211962,1.778244,-2.943084,-0.995426,1.442073,-0.137273,-0.980957,-0.184082,0.010010,0.092107,0.017896,-0.029403,0.999998,0.002019,0.000085,0.000583,100137.0000,-0.242705,-0.177515,0.953720,-0.586343,0.810062,0.001562,-0.772849,-0.558828,-0.300691,,,0.000000,,,,0.00,,,
48009,,,,,,,,,,,,,,9.086265,1.666599,-2.938938,-0.918788,1.388854,-0.262715,-0.980957,-0.181885,0.007568,0.090845,0.016787,-0.029376,0.999998,0.001911,0.000209,0.000714,,-0.243220,-0.176127,0.953847,-0.588945,0.808172,-0.000946,-0.770706,-0.561993,-0.300293,,,0.000000,,,,0.00,,,
48010,,,,,,,,,,,,,,9.039118,1.581330,-2.862431,-0.910931,1.286208,-0.330304,-0.979004,-0.179932,0.007568,0.090374,0.015942,-0.028608,0.999998,0.001921,0.000153,0.000815,100131.0000,-0.242107,-0.176323,0.954094,-0.590719,0.806877,-0.000782,-0.769698,-0.563791,-0.299507,,,0.000000,,,,0.00,,,
48011,,,,,,,,,,,,,,9.069167,1.638396,-2.861165,-0.970723,1.346251,-0.306603,-0.979004,-0.179932,0.009766,0.090673,0.016522,-0.028590,0.999998,0.001980,0.000119,0.000903,,-0.242989,-0.174735,0.954162,-0.593325,0.804955,-0.003687,-0.767413,-0.567024,-0.299269,,,0.000000,,,,0.00,,,
48012,,,,,,,,,,,,,,9.109895,1.756282,-2.897438,-1.022659,1.459014,-0.257833,-0.974854,-0.175537,0.014160,0.091079,0.017711,-0.028947,0.999997,0.002001,0.000091,0.000995,100132.0000,-0.242397,-0.174536,0.954348,-0.595027,0.803695,-0.004149,-0.766281,-0.568869,-0.298667,,,0.000000,,,,0.00,,,
48013,,,,,,,,,,,,,,9.180175,1.836563,-2.987730,-1.040574,1.584729,-0.170029,-0.983643,-0.171387,0.007568,0.091781,0.018528,-0.029841,0.999997,0.002034,0.000011,0.001108,,-0.243695,-0.172747,0.954343,-0.597601,0.801758,-0.007472,-0.763862,-0.572138,-0.298619,,,0.000000,,,,0.00,,,
48014,,,,,,,,,,,,,,9.253243,1.952600,-3.012629,-1.114013,1.685688,-0.095259,-0.981445,-0.173584,0.007568,0.092507,0.019700,-0.030091,0.999997,0.002057,0.000051,0.001215,100132.0000,-0.243614,-0.172282,0.954448,-0.599147,0.800595,-0.008416,-0.762676,-0.573905,-0.298259,,,0.000000,,,,0.00,,,
48015,,,,,,,,,,,,,,9.244170,2.023183,-2.891974,-1.270159,1.700701,-0.148026,-0.981445,-0.173584,0.007568,0.092408,0.020412,-0.028899,0.999997,0.001945,0.000203,0.001346,,-0.244914,-0.169899,0.954543,-0.601452,0.798817,-0.012138,-0.760442,-0.577084,-0.297827,,,0.000000,,,,0.00,,,
48016,,,,,,,,,,,,,,9.219742,1.971227,-2.786045,-1.313363,1.613559,-0.204211,-0.983887,-0.165039,0.002930,0.092161,0.019895,-0.027850,0.999997,0.001714,0.000253,0.001466,100132.0000,-0.244344,-0.168860,0.954873,-0.602631,0.797912,-0.013105,-0.759692,-0.578638,-0.296725,,,0.000000,,,,0.00,,,
48017,,,,,,,,,,,,,,9.080129,1.785813,-2.648634,-1.293178,1.438407,-0.383387,-0.979736,-0.162842,0.011719,0.090769,0.018035,-0.026478,0.999998,0.001428,0.000192,0.001527,,-0.245884,-0.166205,0.954943,-0.604050,0.796768,-0.016859,-0.758066,-0.580979,-0.296309,,,0.000000,,,,0.00,,,
48018,,,,,,,,,,,,,,8.984101,1.629487,-2.691166,-1.144577,1.366017,-0.461991,-0.986328,-0.160889,0.013916,0.089814,0.016465,-0.026898,0.999998,0.001198,0.000071,0.001539,100133.0000,-0.245908,-0.165187,0.955114,-0.604469,0.796428,-0.017887,-0.757725,-0.581735,-0.295698,,,0.000000,,,,0.00,,,
48019,,,,,,,,,,,,,,8.872353,1.533755,-2.878427,-0.939054,1.443078,-0.517957,-0.986328,-0.156738,0.007080,0.088701,0.015507,-0.028764,0.999998,0.001091,-0.000041,0.001554,,-0.247836,-0.162763,0.955032,-0.605354,0.795666,-0.021490,-0.756389,-0.583458,-0.295723,,,0.000000,,,,0.00,,,
48020,,,,,,,,,,,,,,8.724422,1.362741,-2.774284,-0.877063,1.276366,-0.687403,-0.988770,-0.152344,0.007080,0.087222,0.013795,-0.027730,0.999998,0.000954,0.000001,0.001613,100133.0000,-0.247769,-0.162069,0.955167,-0.605179,0.795787,-0.021957,-0.756551,-0.583487,-0.295252,,,0.000000,,,,0.00,,,
48021,,,,,,,,,,,,,,8.681581,1.243842,-2.741980,-0.840813,1.195241,-0.740765,-0.984375,-0.152344,0.009277,0.086798,0.012608,-0.027398,0.999998,0.001032,-0.000103,0.001629,,-0.249881,-0.159600,0.955033,-0.605929,0.795105,-0.025665,-0.755255,-0.585095,-0.295388,,,0.000000,,,,0.00,,,
48022,,,,,,,,,,,,,,8.862739,1.308000,-3.144009,-0.626057,1.458426,-0.451879,-0.984619,-0.148193,0.015869,0.088620,0.013257,-0.031386,0.999998,0.001019,-0.000461,0.001640,100131.0000,-0.250614,-0.159193,0.954908,-0.606088,0.794955,-0.026539,-0.754884,-0.585409,-0.295712,,,0.000000,,,,0.00,,,
48023,,,,,,,,,,,,,,9.352478,1.228253,-3.489321,-0.471836,1.541637,0.114718,-0.989014,-0.145996,0.013672,0.093526,0.012480,-0.034820,0.999998,0.000816,-0.000678,0.001811,,-0.253814,-0.157112,0.954408,-0.606406,0.794572,-0.030467,-0.753559,-0.586491,-0.296947,,,0.000000,,,,0.00,,,
48024,,,,,,,,,,,,,,9.603163,0.919897,-3.614258,-0.266232,1.332713,0.399200,-0.984863,-0.141846,0.013672,0.096034,0.009417,-0.036081,0.999998,0.000693,-0.000577,0.002006,100135.0000,-0.255363,-0.156365,0.954117,-0.605214,0.795434,-0.031622,-0.753993,-0.585520,-0.297759,,,0.000000,,,,0.00,,,
48025,,,,,,,,,,,,,,9.771239,0.668490,-3.615970,-0.191398,1.138366,0.563560,-0.989258,-0.137695,0.018066,0.097710,0.006932,-0.036118,0.999997,0.000947,-0.000356,0.002180,,-0.258518,-0.153318,0.953762,-0.605521,0.795000,-0.036330,-0.752670,-0.586915,-0.298359,,,0.000000,,,,0.00,,,
48026,,,,,,,,,,,,,,9.994675,0.603275,-3.566575,-0.263818,1.040413,0.762073,-0.989746,-0.131348,0.017822,0.099942,0.006333,-0.035627,0.999996,0.001419,-0.000299,0.002493,100128.0000,-0.260379,-0.151308,0.953577,-0.605213,0.795103,-0.039094,-0.752276,-0.587297,-0.298602,,,0.000000,,,,0.00,,,
48027,,,,,,,,,,,,,,10.121378,0.386728,-3.815640,-0.023245,1.042317,0.960594,-0.989990,-0.125000,0.015625,0.101215,0.004216,-0.038116,0.999995,0.001519,-0.000339,0.002877,,-0.264349,-0.147138,0.953137,-0.605987,0.794174,-0.045470,-0.750266,-0.589608,-0.299103,,,0.000000,,,,0.00,,,
48028,,,,,,,,,,,,,,10.262960,0.072107,-3.965125,0.211805,0.891228,1.151623,-0.987793,-0.122803,0.020020,0.102642,0.001112,-0.039609,0.999993,0.001742,-0.000393,0.003132,100137.0000,-0.267177,-0.144215,0.952795,-0.606055,0.793863,-0.049787,-0.749209,-0.590748,-0.299504,,,0.000000,,,,0.00,,,
48029,,,,,,,,,,,,,,10.322708,-0.011681,-3.818798,0.082671,0.788811,1.165109,-0.990479,-0.112305,0.019775,0.103237,0.000296,-0.038158,0.999993,0.001993,-0.000285,0.003258,,-0.271529,-0.139389,0.952283,-0.607283,0.792426,-0.057167,-0.746645,-0.593828,-0.299816,,,0.000000,,,,0.00,,,
48030,,,,,,,,,,,,,,10.067604,0.152716,-3.717560,-0.054076,0.938326,0.879193,-0.988525,-0.110107,0.019775,0.100658,0.001926,-0.037204,0.999992,0.002265,0.000323,0.003127,100139.0000,-0.273561,-0.135439,0.952271,-0.607735,0.791718,-0.061981,-0.745535,-0.595684,-0.298895,,,0.000000,,,,0.00,,,
48031,,,,,,,,,,,,,,9.466920,0.551222,-3.664332,-0.210834,1.370488,0.258587,-0.992676,-0.108154,0.015137,0.094626,0.005889,-0.036694,0.999992,0.002765,0.000708,0.002914,,-0.276026,-0.129990,0.952319,-0.610250,0.789184,-0.069157,-0.742566,-0.600242,-0.297162,,,0.000000,,,,0.00,,,
48032,,,,,,,,,,,,,,8.981142,1.219125,-3.723899,-0.459779,2.042109,-0.240199,-0.997314,-0.104004,0.017334,0.089764,0.012555,-0.037232,0.999991,0.003156,0.000357,0.002740,100134.0000,-0.277397,-0.126548,0.952385,-0.612318,0.787164,-0.073753,-0.740350,-0.603621,-0.295844,,,0.000000,,,,0.00,,,
48033,,,,,,,,,,,,,,8.866110,1.894099,-3.970230,-0.703511,2.788786,-0.342440,-0.995361,-0.095459,0.010498,0.088616,0.019276,-0.039642,0.999993,0.003004,-0.000026,0.002430,,-0.280384,-0.122767,0.952005,-0.615402,0.784129,-0.080130,-0.736658,-0.608333,-0.295408,,,0.000000,,,,0.00,,,
48034,,,,,,,,,,,,,,8.972587,2.394703,-4.136198,-0.942298,3.297237,-0.242422,-0.991211,-0.095459,0.012695,0.089665,0.024272,-0.041304,0.999993,0.002819,0.000112,0.002326,100134.0000,-0.281178,-0.120608,0.952046,-0.617723,0.781963,-0.083378,-0.734409,-0.611545,-0.294374,,,0.000000,,,,0.00,,,
48035,,,,,,,,,,,,,,9.095650,2.622025,-4.211399,-1.103541,3.551441,-0.142586,-0.991211,-0.093262,0.014893,0.090883,0.026525,-0.042080,0.999994,0.002810,0.000447,0.002052,,-0.283025,-0.116861,0.951967,-0.620687,0.779002,-0.088905,-0.731194,-0.616036,-0.293011,,,0.000000,,,,0.00,,,
48036,,,,,,,,,,,,,,9.390966,2.753947,-4.184045,-1.299048,3.630851,0.107484,-0.995605,-0.089111,0.012695,0.093831,0.027816,-0.041834,0.999994,0.002882,0.000784,0.001666,100134.0000,-0.282392,-0.114633,0.952425,-0.622759,0.777090,-0.091116,-0.729675,-0.618862,-0.290833,,,0.000000,,,,0.00,,,
48037,,,,,,,,,,,,,,9.660910,2.733181,-3.953285,-1.555470,3.484128,0.280532,-0.993652,-0.089111,0.014893,0.096529,0.027565,-0.039566,0.999995,0.002729,0.001125,0.001298,,-0.282327,-0.111230,0.952848,-0.626006,0.773994,-0.095133,-0.726917,-0.623347,-0.288150,,,0.000000,,,,0.00,,,
48038,,,,,,,,,,,,,,9.887430,2.594901,-3.650461,-1.738396,3.182716,0.418090,-0.997803,-0.091309,0.008301,0.098800,0.026139,-0.036571,0.999996,0.002466,0.001321,0.001006,100139.0000,-0.279831,-0.109737,0.953757,-0.627513,0.772765,-0.095199,-0.726583,-0.625134,-0.285104,,,0.000000,,,,0.00,,,
48039,,,,,,,,,,,,,,10.029390,2.583122,-3.339004,-2.001477,3.002662,0.453183,-0.996094,-0.080566,0.005859,0.100217,0.025990,-0.033497,0.999996,0.002197,0.001633,0.000851,,-0.278479,-0.106385,0.954532,-0.630231,0.770195,-0.098026,-0.724747,-0.628874,-0.281530,,,0.000000,,,,0.00,,,
48040,,,,,,,,,,,,,,10.110565,2.600966,-3.097872,-2.175922,2.874459,0.462919,-0.989502,-0.084961,0.003662,0.101029,0.026145,-0.031113,0.999996,0.002111,0.001876,0.000687,100134.0000,-0.274502,-0.104784,0.955860,-0.631592,0.769202,-0.097057,-0.725079,-0.630356,-0.277328,,,0.000000,,,,0.00,,,
48041,,,,,,,,,,,,,,10.234419,2.724196,-2.995705,-2.352701,2.929629,0.532397,-0.991455,-0.086914,-0.005127,0.102273,0.027354,-0.030098,0.999996,0.002108,0.001940,0.000472,,-0.272229,-0.101616,0.956852,-0.634393,0.766636,-0.099072,-0.723490,-0.633990,-0.273165,,,0.000000,,,,0.00,,,
48042,,,,,,,,,,,,,,10.231988,2.932541,-2.878735,-2.522977,3.035680,0.482923,-0.993652,-0.084961,-0.005127,0.102250,0.029398,-0.028959,0.999995,0.002110,0.002287,0.000113,100134.0000,-0.267252,-0.099858,0.958439,-0.635431,0.765993,-0.097377,-0.724433,-0.635046,-0.268166,,,0.000000,,,,0.00,,,
48043,,,,,,,,,,,,,,10.126663,3.409369,-2.623523,-2.959011,3.281121,0.263738,-1.000000,-0.086914,-0.018555,0.101208,0.034123,-0.026422,0.999994,0.002367,0.002644,-0.000322,,-0.262947,-0.096994,0.959922,-0.639035,0.762914,-0.097960,-0.722837,-0.639182,-0.262589,,,0.000000,,,,0.00,,,
48044,,,,,,,,,,,,,,10.183605,4.088790,-2.379997,-3.518742,3.648270,0.207135,-0.993652,-0.086914,-0.020752,0.101800,0.040866,-0.023990,0.999993,0.002266,0.002775,-0.000747,100133.0000,-0.255493,-0.096257,0.962007,-0.641270,0.761522,-0.094114,-0.723531,-0.640951,-0.256290,,,0.000000,,,,0.00,,,
48045,,,,,,,,,,,,,,10.423596,4.597497,-2.291890,-3.930869,3.976803,0.374274,-0.989014,-0.093262,-0.025146,0.104214,0.045904,-0.023157,0.999994,0.001491,0.002937,-0.001008,,-0.249872,-0.094031,0.963702,-0.643943,0.759417,-0.092866,-0.723120,-0.643774,-0.250307,,,0.000000,,,,0.00,,,
48046,,,,,,,,,,,,,,10.467773,4.683974,-2.172032,-3.994802,3.960448,0.414120,-0.991455,-0.089111,-0.031738,0.104663,0.046717,-0.022051,0.999994,0.000395,0.003337,-0.001251,100137.0000,-0.241001,-0.094061,0.965956,-0.643925,0.760168,-0.086633,-0.726140,-0.642882,-0.243769,,,0.000000,,,,0.00,,,
48047,,,,,,,,,,,,,,10.242259,4.702323,-1.960756,-4.031350,3.884891,0.163056,-0.984863,-0.091309,-0.042725,0.102423,0.046848,-0.020020,0.999991,-0.000481,0.003804,-0.001615,,-0.233299,-0.091642,0.968077,-0.643998,0.760489,-0.083208,-0.728586,-0.642852,-0.236439,,,0.000000,,,,0.00,,,
48048,,,,,,,,,,,,,,9.934459,4.662178,-1.694183,-4.010305,3.714880,-0.147498,-0.988770,-0.099609,-0.047119,0.099370,0.046399,-0.017398,0.999989,-0.001438,0.003922,-0.001992,100131.0000,-0.222770,-0.092096,0.970511,-0.641823,0.763186,-0.074901,-0.733783,-0.639582,-0.229124,,,0.000000,,,,0.00,,,
48049,,,,,,,,,,,,,,9.709549,4.525993,-1.605698,-3.835442,3.596756,-0.342216,-0.995117,-0.099609,-0.056152,0.097144,0.044973,-0.016560,0.999986,-0.002498,0.004015,-0.002530,,-0.213521,-0.090858,0.972704,-0.639255,0.765913,-0.068783,-0.738757,-0.636493,-0.221620,,,0.000000,,,,0.00,,,
48050,,,,,,,,,,,,,,9.393832,4.328618,-1.521348,-3.553726,3.410647,-0.591376,-0.988770,-0.101807,-0.062744,0.094012,0.042925,-0.015763,0.999980,-0.003327,0.004324,-0.003288,100135.0000,-0.200023,-0.093491,0.975321,-0.634649,0.770749,-0.056274,-0.746466,-0.630242,-0.213501,,,0.000000,,,,0.00,,,
48051,,,,,,,,,,,,,,9.109889,3.975916,-1.437810,-3.204820,3.118771,-0.820136,-0.988281,-0.110107,-0.071289,0.091201,0.039317,-0.014932,0.999974,-0.003991,0.004349,-0.004207,,-0.188076,-0.094554,0.977592,-0.630300,0.774969,-0.046305,-0.753226,-0.624886,-0.205350,,,0.000000,,,,0.00,,,
48052,,,,,,,,,,,,,,8.830270,3.715615,-1.557917,-2.728045,2.981022,-0.987959,-0.983887,-0.114502,-0.075684,0.088437,0.036603,-0.016109,0.999967,-0.004150,0.004268,-0.005511,100131.0000,-0.172186,-0.100967,0.979876,-0.624633,0.780367,-0.029352,-0.761699,-0.617117,-0.197435,,,0.000000,,,,0.00,,,
48053,,,,,,,,,,,,,,8.504229,3.709520,-1.277391,-2.732323,2.805423,-1.305289,-0.979248,-0.125000,-0.088867,0.085234,0.036462,-0.013297,0.999959,-0.004228,0.004324,-0.006778,,-0.157024,-0.106279,0.981860,-0.620397,0.784157,-0.014338,-0.768408,-0.611394,-0.189066,,,0.000000,,,,0.00,,,
48054,,,,,,,,,,,,,,8.352522,3.795155,-1.022907,-2.776901,2.664694,-1.422239,-0.985107,-0.137695,-0.097656,0.083778,0.037242,-0.010740,0.999950,-0.004687,0.004009,-0.007884,100134.0000,-0.139269,-0.116863,0.983335,-0.613514,0.789653,0.006954,-0.777306,-0.602321,-0.181671,,,0.000000,,,,0.00,,,
48055,,,,,,,,,,,,,,8.862118,4.051118,-1.066873,-2.802995,2.765332,-0.836082,-0.982178,-0.152344,-0.106201,0.088942,0.039657,-0.011176,0.999941,-0.004965,0.003480,-0.008994,,-0.122738,-0.126955,0.984285,-0.608115,0.793406,0.026504,-0.784303,-0.595306,-0.174584,,,0.000000,,,,0.00,,,
48056,,,,,,,,,,,,,,9.978734,4.169698,-1.269936,-2.636716,2.704469,0.400183,-0.975342,-0.165039,-0.108154,0.100158,0.040631,-0.013209,0.999931,-0.005527,0.002826,-0.009938,100123.0000,-0.103995,-0.142899,0.984259,-0.600585,0.797843,0.052378,-0.792769,-0.585684,-0.168795,,,0.000000,,,,0.00,,,
48057,,,,,,,,,,,,,,11.226203,3.737960,-2.048470,-1.672873,2.494115,1.813571,-0.974609,-0.179932,-0.112305,0.112608,0.036036,-0.020970,0.999918,-0.006585,0.002179,-0.010727,,-0.087617,-0.157553,0.983616,-0.592139,0.802267,0.075760,-0.801059,-0.575799,-0.163586,,,0.000000,,,,0.00,,,
48058,,,,,,,,,,,,,,12.180803,2.689923,-3.027206,-0.084363,1.833248,2.891439,-0.967529,-0.196777,-0.120850,0.122026,0.025343,-0.030719,0.999913,-0.006818,0.002222,-0.011048,100132.0000,-0.069734,-0.176245,0.981873,-0.580986,0.807287,0.103645,-0.810920,-0.563227,-0.158691,,,0.000000,,,,0.00,,,
48059,,,,,,,,,,,,,,12.712522,1.557789,-3.403260,1.101162,0.832640,3.366916,-0.960205,-0.217773,-0.129395,0.127172,0.013984,-0.034534,0.999918,-0.005729,0.003289,-0.010984,,-0.051595,-0.190345,0.980360,-0.572976,0.809665,0.127048,-0.817946,-0.555168,-0.150838,,,0.000000,,,,0.00,,,
48060,,,,,,,,,,,,,,12.554845,0.962954,-2.884465,1.303029,-0.142143,3.038192,-0.957764,-0.228271,-0.133789,0.125524,0.008145,-0.029390,0.999923,-0.004744,0.004015,-0.010724,100128.0000,-0.032067,-0.206376,0.977947,-0.564260,0.811350,0.152717,-0.824974,-0.546919,-0.142467,,,0.000000,,,,0.00,,,
48061,,,,,,,,,,,,,,11.972983,0.254743,-2.473358,1.626147,-0.997646,2.265729,-0.954590,-0.249512,-0.144531,0.119658,0.001176,-0.025167,0.999925,-0.005491,0.003544,-0.010313,,-0.014547,-0.219290,0.975551,-0.555632,0.812921,0.174447,-0.831301,-0.539510,-0.133670,,,0.000000,,,,0.00,,,
48062,,,,,,,,,,,,,,11.515907,-0.177354,-2.830764,2.380382,-1.281576,1.734857,-0.951904,-0.261963,-0.146484,0.115076,-0.003134,-0.028516,0.999925,-0.006531,0.001963,-0.010202,100128.0000,0.000025,-0.236880,0.971539,-0.542936,0.815870,0.198938,-0.839774,-0.527488,-0.128590,,,0.000000,,,,0.00,,,
48063,,,,,,,,,,,,,,11.787349,-0.056047,-3.540854,3.082921,-1.084239,2.053049,-0.951416,-0.274658,-0.152832,0.117849,-0.001979,-0.035429,0.999926,-0.007057,0.000260,-0.009913,,0.011199,-0.252816,0.967450,-0.530902,0.818377,0.220006,-0.847359,-0.516085,-0.125055,,,0.000000,,,,0.00,,,
48064,,,,,,,,,,,,,,12.134590,0.359759,-3.741389,3.183834,-1.002712,2.444034,-0.938232,-0.285156,-0.152588,0.121391,0.002230,-0.037365,0.999934,-0.006901,-0.000557,-0.009139,100130.0000,0.019583,-0.271442,0.962255,-0.517303,0.820850,0.242081,-0.855578,-0.502519,-0.124343,,,0.000000,,,,0.00,,,
48065,,,,,,,,,,,,,,11.701990,0.426945,-2.905984,2.571515,-1.464163,1.883537,-0.943848,-0.300049,-0.154785,0.117025,0.002993,-0.029187,0.999930,-0.007600,0.000865,-0.009012,,0.030355,-0.285402,0.957927,-0.503772,0.823376,0.261278,-0.863303,-0.490508,-0.118784,,,0.000000,,,,0.00,,,
48066,,,,,,,,,,,,,,11.317597,0.054570,-2.533903,2.566569,-2.072394,1.305978,-0.943359,-0.312744,-0.158936,0.113153,-0.000653,-0.025428,0.999932,-0.007398,0.000803,-0.008933,100133.0000,0.039995,-0.302073,0.952445,-0.488481,0.825625,0.282364,-0.871658,-0.476545,-0.114536,,,0.000000,,,,0.00,,,
48067,,,,,,,,,,,,,,11.410337,-0.459440,-2.723435,3.112496,-2.627380,1.197685,-0.940918,-0.319092,-0.163330,0.114049,-0.005807,-0.027221,0.999939,-0.006281,0.000176,-0.009130,,0.049189,-0.316981,0.947155,-0.476660,0.825895,0.301154,-0.877711,-0.466284,-0.110467,,,0.000000,,,,0.00,,,
48068,,,,,,,,,,,,,,11.594184,-0.248833,-3.232037,3.593813,-2.506414,1.400274,-0.936035,-0.335938,-0.162842,0.115901,-0.003711,-0.032344,0.999947,-0.004041,0.000316,-0.009421,100130.0000,0.059224,-0.334768,0.940438,-0.467091,0.823303,0.322486,-0.882224,-0.458369,-0.107608,,,0.000000,,,,0.00,,,
48069,,,,,,,,,,,,,,11.294026,0.880577,-2.646244,2.656168,-1.931323,1.347220,-0.931152,-0.348633,-0.162598,0.112991,0.007682,-0.026590,0.999953,-0.002614,0.000940,-0.009335,,0.069622,-0.349236,0.934445,-0.461252,0.819304,0.340570,-0.884534,-0.454725,-0.104044,,,0.000000,,,,0.00,,,
48070,,,,,,,,,,,,,,10.479994,1.391149,-2.004953,1.927859,-1.713961,0.633734,-0.922119,-0.361084,-0.166992,0.104903,0.012917,-0.020165,0.999955,-0.003455,0.000668,-0.008825,100135.0000,0.079558,-0.365224,0.927514,-0.452462,0.815861,0.360069,-0.888228,-0.448311,-0.100341,,,0.000000,,,,0.00,,,
48071,,,,,,,,,,,,,,9.883924,0.907625,-1.734108,1.954689,-2.164676,-0.168322,-0.921387,-0.375977,-0.168945,0.098914,0.008221,-0.017335,0.999958,-0.004702,-0.000467,-0.007820,,0.085799,-0.378380,0.921665,-0.442776,0.814222,0.375489,-0.892518,-0.440308,-0.097678,,,0.000000,,,,0.00,,,
48072,,,,,,,,,,,,,,9.567904,0.756092,-1.523466,1.876005,-2.427673,-0.591938,-0.925293,-0.386475,-0.164307,0.095759,0.006765,-0.015101,0.999958,-0.004804,-0.001749,-0.007549,100128.0000,0.089810,-0.394080,0.914677,-0.431657,0.812248,0.392333,-0.897556,-0.430062,-0.097159,,,0.000000,,,,0.00,,,
48073,,,,,,,,,,,,,,9.379208,1.344911,-1.413358,1.549814,-2.069054,-0.588211,-0.927246,-0.392822,-0.161865,0.093920,0.012695,-0.013975,0.999956,-0.005424,-0.002441,-0.007223,,0.091644,-0.407874,0.908427,-0.420561,0.811060,0.406584,-0.902624,-0.419310,-0.097207,,,0.000000,,,,0.00,,,
48074,,,,,,,,,,,,,,9.242893,1.815799,-1.161051,1.155323,-1.894408,-0.584958,-0.922607,-0.399170,-0.157227,0.092576,0.017472,-0.011480,0.999955,-0.006179,-0.002595,-0.006647,100129.0000,0.092860,-0.422426,0.901628,-0.407100,0.810283,0.421558,-0.908651,-0.406199,-0.096727,,,0.000000,,,,0.00,,,
48075,,,,,,,,,,,,,,8.797649,1.785953,-1.251227,1.243469,-1.820612,-1.021121,-0.917969,-0.407715,-0.159424,0.088113,0.017247,-0.012407,0.999956,-0.006720,-0.002523,-0.006003,,0.093139,-0.434170,0.896003,-0.393711,0.810508,0.433668,-0.914504,-0.393158,-0.095447,,,0.000000,,,,0.00,,,
48076,,,,,,,,,,,,,,8.550481,1.651009,-0.937619,1.020430,-2.068427,-1.363126,-0.921875,-0.416016,-0.156982,0.085611,0.016002,-0.009284,0.999962,-0.006533,-0.002308,-0.005221,100135.0000,0.093275,-0.445831,0.890244,-0.379830,0.810586,0.445735,-0.920342,-0.379717,-0.093732,,,0.000000,,,,0.00,,,
48077,,,,,,,,,,,,,,8.104104,1.251046,-0.915923,1.133317,-2.294006,-1.968393,-0.921875,-0.414062,-0.156982,0.081118,0.012065,-0.009072,0.999965,-0.006642,-0.002073,-0.004745,,0.093065,-0.455073,0.885577,-0.366663,0.811266,0.455419,-0.925687,-0.367092,-0.091358,,,0.000000,,,,0.00,,,
48078,,,,,,,,,,,,,,7.833954,1.038033,-0.794845,1.094013,-2.478243,-2.346695,-0.925781,-0.422363,-0.156982,0.078397,0.009996,-0.007868,0.999969,-0.006342,-0.001851,-0.004269,100134.0000,0.092978,-0.464533,0.880661,-0.353295,0.811546,0.465377,-0.930880,-0.354403,-0.088661,,,0.000000,,,,0.00,,,
48079,,,,,,,,,,,,,,7.502984,0.784746,-0.638731,1.018346,-2.652469,-2.795167,-0.926025,-0.420410,-0.156982,0.075069,0.007534,-0.006301,0.999976,-0.005688,-0.001729,-0.003695,,0.092394,-0.471740,0.876883,-0.341974,0.812050,0.472894,-0.935156,-0.343564,-0.086295,,,0.000000,,,,0.00,,,
48080,,,,,,,,,,,,,,7.128221,0.501983,-0.505700,0.960400,-2.813614,-3.295003,-0.932373,-0.422363,-0.161377,0.071306,0.004771,-0.004952,0.999980,-0.005093,-0.001813,-0.003128,100131.0000,0.091340,-0.479024,0.873036,-0.331179,0.812186,0.480286,-0.939137,-0.333000,-0.084458,,,0.000000,,,,0.00,,,
48081,,,,,,,,,,,,,,6.907544,0.391225,-0.620741,1.078882,-2.806266,-3.550640,-0.927734,-0.426758,-0.147949,0.069098,0.003711,-0.006076,0.999986,-0.004207,-0.002131,-0.002546,,0.089070,-0.484563,0.870210,-0.322782,0.812490,0.485461,-0.942273,-0.324128,-0.084040,,,0.000000,,,,0.00,,,
48082,,,,,,,,,,,,,,6.694209,0.390547,-0.773032,1.190941,-2.699909,-3.741893,-0.928223,-0.418213,-0.156982,0.066968,0.003753,-0.007581,0.999990,-0.003258,-0.002413,-0.001904,100132.0000,0.085943,-0.489966,0.867495,-0.315752,0.812437,0.490151,-0.944942,-0.316038,-0.084885,,,0.000000,,,,0.00,,,
48083,,,,,,,,,,,,,,6.561492,0.410779,-0.638432,1.026284,-2.692802,-3.869206,-0.936523,-0.424561,-0.154785,0.065635,0.004014,-0.006233,0.999992,-0.002817,-0.002485,-0.001156,,0.082038,-0.493402,0.865924,-0.310205,0.813052,0.492665,-0.947123,-0.309031,-0.086354,,,0.000000,,,,0.00,,,
48084,,,,,,,,,,,,,,6.403237,0.439347,-0.504051,0.856342,-2.658523,-4.012049,-0.945068,-0.424561,-0.145752,0.064045,0.004351,-0.004909,0.999994,-0.002633,-0.002236,-0.000465,100133.0000,0.078270,-0.496100,0.864730,-0.304707,0.813978,0.494564,-0.949225,-0.302199,-0.087455,,,0.000000,,,,0.00,,,
48085,,,,,,,,,,,,,,6.242832,0.748035,-0.309310,0.544222,-2.397871,-4.017674,-0.943115,-0.418213,-0.141602,0.062433,0.007484,-0.002988,0.999995,-0.002359,-0.001973,0.000167,,0.074494,-0.497014,0.864539,-0.300228,0.815547,0.494719,-0.950954,-0.296412,-0.088464,,,0.000000,,,,0.00,,,
