// Start Time: Unknown
// Update Rate: 100.0Hz
// Filter Profile: human (46.1)
// Firmware Version: 4.6.0
PacketCounter,SampleTimeFine,Year,Month,Day,Second,UTC_Nano,UTC_Year,UTC_Month,UTC_Day,UTC_Hour,UTC_Minute,UTC_Second,UTC_Valid,Acc_X,Acc_Y,Acc_Z,FreeAcc_X,FreeAcc_Y,FreeAcc_Z,Mag_X,Mag_Y,Mag_Z,VelInc_X,VelInc_Y,VelInc_Z,OriInc_q0,OriInc_q1,OriInc_q2,OriInc_q3,Pressure,Mat[1][1],Mat[2][1],Mat[3][1],Mat[1][2],Mat[2][2],Mat[3][2],Mat[1][3],Mat[2][3],Mat[3][3],Latitude,Longitude,Altitude,Vel_X,Vel_Y,Vel_Z,Temperature,GyrTemp_X,GyrTemp_Y,GyrTemp_Z
45946,,,,,,,,,,,,,,9.662317,0.019333,1.647300,-0.018572,-0.017699,-0.010969,-0.249268,-0.084229,-1.497314,0.096623,0.000190,0.016477,1.000000,-0.000012,-0.000041,-0.000039,100139.0000,0.166106,0.002664,0.986104,-0.038233,0.999262,0.003741,-0.985366,-0.038323,0.166086,,,0.000000,,,,0.00,,,
45947,,,,,,,,,,,,,,9.672535,0.042288,1.646428,-0.017516,0.004541,-0.000954,-0.251465,-0.084229,-1.499512,0.096725,0.000419,0.016467,1.000000,0.000042,-0.000025,-0.000032,,0.166059,0.002598,0.986112,-0.038304,0.999259,0.003818,-0.985372,-0.038406,0.166036,,,0.000000,,,,0.00,,,
45948,,,,,,,,,,,,,,9.704607,0.055143,1.641576,-0.008390,0.017015,0.029917,-0.249268,-0.084229,-1.499512,0.097046,0.000549,0.016418,1.000000,-0.000013,-0.000024,-0.000029,100141.0000,0.166011,0.002540,0.986121,-0.038266,0.999260,0.003868,-0.985381,-0.038377,0.165985,,,0.000000,,,,0.00,,,
45949,,,,,,,,,,,,,,9.682820,0.065678,1.645119,-0.016485,0.026791,0.009061,-0.253662,-0.079834,-1.501953,0.096828,0.000654,0.016455,1.000000,-0.000005,-0.000037,-0.000030,,0.165940,0.002477,0.986133,-0.038246,0.999261,0.003926,-0.985394,-0.038367,0.165912,,,0.000000,,,,0.00,,,
45950,,,,,,,,,,,,,,9.654949,0.024911,1.597031,0.027428,-0.012862,-0.026562,-0.253662,-0.082031,-1.499756,0.096549,0.000245,0.015971,1.000000,0.000012,-0.000008,-0.000038,100142.0000,0.165928,0.002400,0.986135,-0.038256,0.999260,0.004005,-0.985395,-0.038391,0.165897,,,0.000000,,,,0.00,,,
45951,,,,,,,,,,,,,,9.683121,0.039523,1.568299,0.059587,0.002021,-0.003488,-0.249512,-0.079834,-1.497559,0.096831,0.000390,0.015685,1.000000,0.000058,-0.000023,-0.000042,,0.165886,0.002315,0.986142,-0.038357,0.999256,0.004107,-0.985399,-0.038506,0.165851,,,0.000000,,,,0.00,,,
45952,,,,,,,,,,,,,,9.696980,0.089016,1.667706,-0.038461,0.046598,0.026873,-0.249268,-0.084229,-1.497314,0.096969,0.000885,0.016680,1.000000,0.000006,-0.000028,-0.000057,100141.0000,0.165832,0.002197,0.986152,-0.038349,0.999256,0.004222,-0.985408,-0.038518,0.165793,,,0.000000,,,,0.00,,,
45953,,,,,,,,,,,,,,9.658973,0.026152,1.620095,0.004390,-0.015286,-0.018765,-0.253418,-0.084229,-1.501709,0.096590,0.000259,0.016200,1.000000,-0.000006,0.000007,-0.000026,,0.165848,0.002145,0.986149,-0.038328,0.999256,0.004272,-0.985406,-0.038505,0.165807,,,0.000000,,,,0.00,,,
45954,,,,,,,,,,,,,,9.675345,0.072677,1.595299,0.029501,0.031590,-0.006532,-0.249268,-0.082031,-1.501953,0.096753,0.000724,0.015956,1.000000,0.000057,-0.000034,-0.000024,100147.0000,0.165782,0.002092,0.986160,-0.038432,0.999252,0.004341,-0.985413,-0.038620,0.165738,,,0.000000,,,,0.00,,,
45955,,,,,,,,,,,,,,9.683171,0.070298,1.642863,-0.016517,0.026753,0.009061,-0.249268,-0.083984,-1.501709,0.096831,0.000700,0.016431,1.000000,0.000004,-0.000023,-0.000029,,0.165740,0.002031,0.986167,-0.038429,0.999252,0.004401,-0.985420,-0.038627,0.165694,,,0.000000,,,,0.00,,,
45956,,,,,,,,,,,,,,9.669250,0.049950,1.618757,0.005418,0.006865,-0.008750,-0.251221,-0.086182,-1.501709,0.096692,0.000499,0.016188,1.000000,-0.000042,-0.000007,-0.000016,100139.0000,0.165725,0.001991,0.986170,-0.038341,0.999255,0.004426,-0.985426,-0.038545,0.165678,,,0.000000,,,,0.00,,,
45957,,,,,,,,,,,,,,9.695066,0.038635,1.638331,-0.009496,-0.005330,0.019902,-0.249268,-0.084229,-1.499512,0.096950,0.000386,0.016386,1.000000,0.000027,-0.000028,-0.000004,,0.165670,0.001981,0.986179,-0.038393,0.999253,0.004442,-0.985434,-0.038598,0.165622,,,0.000000,,,,0.00,,,
45958,,,,,,,,,,,,,,9.693463,0.092920,1.641448,-0.015494,0.048860,0.019077,-0.244873,-0.086182,-1.503906,0.096934,0.000932,0.016417,1.000000,0.000002,-0.000028,0.000025,100141.0000,0.165611,0.002022,0.986189,-0.038404,0.999253,0.004400,-0.985443,-0.038603,0.165565,,,0.000000,,,,0.00,,,
45959,,,,,,,,,,,,,,9.679581,0.071690,1.617135,0.006460,0.029039,0.001265,-0.251465,-0.084229,-1.499512,0.096795,0.000720,0.016174,1.000000,-0.000048,-0.000023,0.000019,,0.165564,0.002059,0.986197,-0.038317,0.999256,0.004347,-0.985454,-0.038507,0.165519,,,0.000000,,,,0.00,,,
45960,,,,,,,,,,,,,,9.697684,0.062640,1.588407,0.037558,0.021537,0.014325,-0.251465,-0.084229,-1.503906,0.096976,0.000629,0.015887,1.000000,0.000013,-0.000031,0.000033,100143.0000,0.165500,0.002108,0.986208,-0.038353,0.999255,0.004300,-0.985464,-0.038535,0.165457,,,0.000000,,,,0.00,,,
45961,,,,,,,,,,,,,,9.721871,0.105029,1.611329,0.016661,0.063598,0.042153,-0.253662,-0.082031,-1.506348,0.097218,0.001053,0.016117,1.000000,-0.000011,-0.000037,0.000025,,0.165425,0.002155,0.986220,-0.038339,0.999256,0.004247,-0.985477,-0.038513,0.165385,,,0.000000,,,,0.00,,,
45962,,,,,,,,,,,,,,9.626027,0.067412,1.623861,-0.010857,0.025971,-0.050460,-0.251465,-0.082031,-1.501953,0.096260,0.000681,0.016241,1.000000,-0.000068,-0.000030,0.000056,100147.0000,0.165355,0.002241,0.986232,-0.038223,0.999261,0.004138,-0.985493,-0.038381,0.165318,,,0.000000,,,,0.00,,,
45963,,,,,,,,,,,,,,9.669909,0.046231,1.614927,0.005332,0.006417,-0.008750,-0.249268,-0.083984,-1.501709,0.096698,0.000468,0.016153,1.000000,-0.000020,-0.000035,0.000053,,0.165281,0.002344,0.986244,-0.038202,0.999262,0.004027,-0.985506,-0.038342,0.165249,,,0.000000,,,,0.00,,,
45964,,,,,,,,,,,,,,9.691916,0.035224,1.610053,0.013371,-0.003630,0.012105,-0.249268,-0.082031,-1.499512,0.096919,0.000357,0.016104,1.000000,-0.000027,-0.000039,0.000044,100138.0000,0.165195,0.002402,0.986258,-0.038163,0.999264,0.003959,-0.985522,-0.038293,0.165165,,,0.000000,,,,0.00,,,
45965,,,,,,,,,,,,,,9.662255,0.074930,1.641542,-0.024771,0.035745,-0.011792,-0.251465,-0.084229,-1.503906,0.096622,0.000755,0.016418,1.000000,-0.000052,-0.000028,0.000046,,0.165136,0.002492,0.986268,-0.038076,0.999267,0.003850,-0.985536,-0.038189,0.165110,,,0.000000,,,,0.00,,,
45966,,,,,,,,,,,,,,9.684271,0.063761,1.636629,-0.016714,0.025664,0.009064,-0.253662,-0.082031,-1.499756,0.096842,0.000644,0.016371,1.000000,-0.000028,-0.000050,0.000061,100146.0000,0.165029,0.002580,0.986285,-0.038041,0.999269,0.003751,-0.985555,-0.038139,0.165006,,,0.000000,,,,0.00,,,
45967,,,,,,,,,,,,,,9.662550,0.072594,1.639906,-0.024808,0.035442,-0.011791,-0.251221,-0.086182,-1.497314,0.096625,0.000731,0.016403,1.000000,-0.000016,-0.000042,0.000052,,0.164943,0.002681,0.986300,-0.038028,0.999270,0.003643,-0.985570,-0.038108,0.164924,,,0.000000,,,,0.00,,,
45968,,,,,,,,,,,,,,9.678383,0.037471,1.659010,-0.040768,0.000622,0.006842,-0.247070,-0.086182,-1.501709,0.096783,0.000383,0.016596,1.000000,-0.000091,-0.000064,0.000073,100141.0000,0.164811,0.002784,0.986321,-0.037874,0.999276,0.003508,-0.985598,-0.037934,0.164797,,,0.000000,,,,0.00,,,
45969,,,,,,,,,,,,,,9.642719,0.025020,1.638105,-0.026909,-0.009418,-0.031827,-0.247070,-0.082031,-1.497314,0.096426,0.000259,0.016387,1.000000,-0.000034,-0.000066,0.000088,,0.164675,0.002954,0.986343,-0.037835,0.999278,0.003324,-0.985622,-0.037866,0.164668,,,0.000000,,,,0.00,,,
45970,,,,,,,,,,,,,,9.642954,0.023331,1.636747,-0.026728,-0.009756,-0.031826,-0.253662,-0.082031,-1.504150,0.096428,0.000241,0.016375,1.000000,-0.000066,-0.000075,0.000071,100141.0000,0.164539,0.003055,0.986366,-0.037728,0.999283,0.003199,-0.985649,-0.037740,0.164537,,,0.000000,,,,0.00,,,
45971,,,,,,,,,,,,,,9.631491,0.053879,1.639062,-0.033765,0.022262,-0.042661,-0.255615,-0.084229,-1.499512,0.096313,0.000548,0.016400,1.000000,-0.000080,-0.000094,0.000079,,0.164347,0.003206,0.986397,-0.037596,0.999288,0.003017,-0.985686,-0.037581,0.164351,,,0.000000,,,,0.00,,,
45972,,,,,,,,,,,,,,9.661515,0.011668,1.605041,0.004531,-0.017479,-0.018769,-0.255859,-0.082031,-1.504150,0.096614,0.000123,0.016060,1.000000,-0.000072,-0.000096,0.000051,100141.0000,0.164170,0.003264,0.986427,-0.037474,0.999293,0.002930,-0.985720,-0.037447,0.164176,,,0.000000,,,,0.00,,,
45973,,,,,,,,,,,,,,9.667293,-0.045062,1.623767,-0.012495,-0.074157,-0.010160,-0.251465,-0.082031,-1.501953,0.096672,-0.000449,0.016244,1.000000,-0.000093,-0.000069,-0.000000,,0.164035,0.003259,0.986449,-0.037292,0.999300,0.002900,-0.985749,-0.037262,0.164041,,,0.000000,,,,0.00,,,
45974,,,,,,,,,,,,,,9.621479,-0.077926,1.603046,0.000503,-0.106616,-0.058851,-0.255859,-0.082031,-1.501953,0.096214,-0.000781,0.016037,1.000000,0.000006,-0.000068,-0.000015,100138.0000,0.163922,0.003205,0.986468,-0.037300,0.999300,0.002952,-0.985768,-0.037279,0.163927,,,0.000000,,,,0.00,,,
45975,,,,,,,,,,,,,,9.675518,-0.074788,1.593404,0.017748,-0.103940,-0.007125,-0.251465,-0.079834,-1.497559,0.096755,-0.000756,0.015938,1.000000,0.000029,-0.000038,-0.000078,,0.163852,0.003046,0.986480,-0.037332,0.999298,0.003115,-0.985778,-0.037337,0.163851,,,0.000000,,,,0.00,,,
45976,,,,,,,,,,,,,,9.648266,0.020947,1.652562,-0.049266,-0.012537,-0.024028,-0.253418,-0.086182,-1.506104,0.096482,0.000196,0.016530,1.000000,0.000106,-0.000049,-0.000120,100141.0000,0.163776,0.002822,0.986494,-0.037498,0.999291,0.003367,-0.985785,-0.037543,0.163766,,,0.000000,,,,0.00,,,
45977,,,,,,,,,,,,,,9.676578,0.037451,1.622616,-0.017108,0.002341,-0.000952,-0.253662,-0.079834,-1.497559,0.096764,0.000360,0.016236,1.000000,0.000094,-0.000102,-0.000133,,0.163585,0.002549,0.986526,-0.037639,0.999285,0.003659,-0.985811,-0.037730,0.163564,,,0.000000,,,,0.00,,,
45978,,,,,,,,,,,,,,9.668982,0.070757,1.649118,-0.046877,0.032112,-0.003988,-0.253418,-0.084229,-1.506348,0.096689,0.000696,0.016496,1.000000,0.000073,-0.000053,-0.000109,100135.0000,0.163517,0.002345,0.986538,-0.037749,0.999280,0.003882,-0.985818,-0.037875,0.163488,,,0.000000,,,,0.00,,,
45979,,,,,,,,,,,,,,9.623158,0.040096,1.628552,-0.034080,-0.000164,-0.052678,-0.253418,-0.084229,-1.499512,0.096230,0.000390,0.016292,1.000000,0.000030,-0.000072,-0.000108,,0.163383,0.002124,0.986560,-0.037773,0.999278,0.004105,-0.985839,-0.037936,0.163346,,,0.000000,,,,0.00,,,
45980,,,,,,,,,,,,,,9.665487,0.076623,1.622322,-0.023428,0.034626,-0.011785,-0.249268,-0.083984,-1.508301,0.096654,0.000756,0.016232,1.000000,0.000096,-0.000086,-0.000086,100141.0000,0.163265,0.001956,0.986580,-0.037938,0.999271,0.004297,-0.985853,-0.038130,0.163220,,,0.000000,,,,0.00,,,
45981,,,,,,,,,,,,,,9.711739,0.083817,1.563852,0.039838,0.042145,0.024343,-0.249268,-0.083984,-1.503906,0.097116,0.000829,0.015647,1.000000,0.000034,-0.000089,-0.000091,,0.163096,0.001766,0.986609,-0.037974,0.999269,0.004489,-0.985879,-0.038198,0.163044,,,0.000000,,,,0.00,,,
45982,,,,,,,,,,,,,,9.665988,0.080402,1.619155,-0.022706,0.034604,-0.011783,-0.253418,-0.086182,-1.506104,0.096659,0.000795,0.016198,1.000000,0.000034,-0.000062,-0.000089,100137.0000,0.163055,0.001581,0.986616,-0.038011,0.999266,0.004681,-0.985884,-0.038266,0.162996,,,0.000000,,,,0.00,,,
45983,,,,,,,,,,,,,,9.678035,0.049806,1.613569,-0.015655,0.002586,-0.000950,-0.249268,-0.083984,-1.503906,0.096779,0.000491,0.016146,1.000000,0.000037,-0.000107,-0.000066,,0.162850,0.001441,0.986650,-0.038064,0.999264,0.004823,-0.985916,-0.038341,0.162785,,,0.000000,,,,0.00,,,
45984,,,,,,,,,,,,,,9.660382,0.059727,1.640118,-0.046101,0.009834,-0.013998,-0.257812,-0.084229,-1.508545,0.096603,0.000590,0.016408,1.000000,-0.000005,-0.000070,-0.000078,100142.0000,0.162786,0.001268,0.986661,-0.038032,0.999264,0.004990,-0.985928,-0.038337,0.162714,,,0.000000,,,,0.00,,,
45985,,,,,,,,,,,,,,9.656759,0.062354,1.614086,-0.023078,0.012254,-0.021800,-0.249268,-0.083984,-1.515137,0.096565,0.000620,0.016154,1.000000,0.000040,-0.000136,-0.000032,,0.162522,0.001194,0.986704,-0.038100,0.999261,0.005066,-0.985969,-0.038417,0.162448,,,0.000000,,,,0.00,,,
45986,,,,,,,,,,,,,,9.750747,0.047089,1.570761,0.034326,-0.002297,0.063820,-0.247070,-0.086182,-1.503906,0.097506,0.000466,0.015716,1.000000,0.000050,-0.000082,-0.000046,100130.0000,0.162458,0.001085,0.986715,-0.038179,0.999257,0.005187,-0.985977,-0.038514,0.162379,,,0.000000,,,,0.00,,,
45987,,,,,,,,,,,,,,9.681337,0.079686,1.558179,0.033048,0.029464,-0.006536,-0.249268,-0.082031,-1.504150,0.096813,0.000790,0.015586,1.000000,-0.000004,-0.000043,-0.000067,,0.162381,0.000948,0.986728,-0.038149,0.999258,0.005318,-0.985990,-0.038506,0.162297,,,0.000000,,,,0.00,,,
45988,,,,,,,,,,,,,,9.673791,0.139054,1.660985,-0.072202,0.083701,0.003026,-0.255859,-0.082031,-1.499756,0.096736,0.001387,0.016618,1.000000,0.000028,-0.000089,-0.000027,100141.0000,0.162296,0.000873,0.986742,-0.038189,0.999256,0.005397,-0.986003,-0.038558,0.162209,,,0.000000,,,,0.00,,,
45989,,,,,,,,,,,,,,9.673946,0.111482,1.583376,0.003897,0.058944,-0.009563,-0.249268,-0.079834,-1.508545,0.096738,0.001117,0.015840,1.000000,-0.000064,-0.000069,0.000007,,0.162163,0.000883,0.986764,-0.038064,0.999261,0.005362,-0.986030,-0.038430,0.162077,,,0.000000,,,,0.00,,,
45990,,,,,,,,,,,,,,9.600328,0.091610,1.667238,-0.090925,0.036395,-0.068726,-0.253662,-0.082031,-1.510742,0.096002,0.000922,0.016681,1.000000,-0.000121,-0.000091,0.000045,100144.0000,0.162044,0.000945,0.986783,-0.037805,0.999271,0.005251,-0.986059,-0.038156,0.161962,,,0.000000,,,,0.00,,,
45991,,,,,,,,,,,,,,9.654353,0.065479,1.580552,0.002449,0.014314,-0.029602,-0.257812,-0.084229,-1.512939,0.096542,0.000656,0.015815,1.000000,-0.000044,-0.000101,0.000003,,0.161849,0.000944,0.986815,-0.037718,0.999275,0.005230,-0.986094,-0.038067,0.161767,,,0.000000,,,,0.00,,,
45992,,,,,,,,,,,,,,9.586958,0.069290,1.639557,-0.067946,0.016229,-0.086546,-0.253418,-0.084229,-1.508545,0.095868,0.000700,0.016407,1.000000,-0.000103,-0.000117,0.000060,100135.0000,0.161714,0.001018,0.986837,-0.037520,0.999283,0.005118,-0.986124,-0.037854,0.161636,,,0.000000,,,,0.00,,,
45993,,,,,,,,,,,,,,9.595152,0.037097,1.609291,-0.037852,-0.013366,-0.083529,-0.255859,-0.079834,-1.510742,0.095950,0.000379,0.016104,1.000000,-0.000148,-0.000118,0.000054,,0.161482,0.001117,0.986875,-0.037243,0.999294,0.004963,-0.986173,-0.037556,0.161409,,,0.000000,,,,0.00,,,
45994,,,,,,,,,,,,,,9.671311,0.028089,1.593517,-0.011323,-0.020777,-0.010964,-0.251221,-0.086182,-1.508301,0.096710,0.000287,0.015951,1.000000,-0.000037,-0.000165,0.000052,100140.0000,0.161269,0.001176,0.986910,-0.037170,0.999297,0.004883,-0.986210,-0.037471,0.161200,,,0.000000,,,,0.00,,,
45995,,,,,,,,,,,,,,9.648203,0.091118,1.598817,-0.025358,0.043268,-0.032614,-0.255859,-0.079834,-1.506348,0.096480,0.000919,0.015999,1.000000,-0.000057,-0.000116,0.000076,,0.161040,0.001319,0.986947,-0.037079,0.999301,0.004715,-0.986251,-0.037355,0.160976,,,0.000000,,,,0.00,,,
45996,,,,,,,,,,,,,,9.668750,0.133807,1.596202,-0.022035,0.087327,-0.012565,-0.258057,-0.079834,-1.508545,0.096686,0.001348,0.015972,1.000000,-0.000149,-0.000102,0.000073,100142.0000,0.160955,0.001415,0.986961,-0.036806,0.999312,0.004569,-0.986275,-0.037061,0.160897,,,0.000000,,,,0.00,,,
45997,,,,,,,,,,,,,,9.762789,0.115220,1.551905,0.034546,0.072852,0.073021,-0.251465,-0.079834,-1.510742,0.097625,0.001167,0.015538,1.000000,-0.000102,-0.000196,0.000135,,0.160566,0.001672,0.987024,-0.036646,0.999319,0.004269,-0.986345,-0.036855,0.160518,,,0.000000,,,,0.00,,,
45998,,,,,,,,,,,,,,9.759793,-0.075543,1.414217,0.175801,-0.110264,0.047141,-0.258057,-0.077881,-1.506348,0.097598,-0.000741,0.014145,1.000000,-0.000211,-0.000028,0.000120,100134.0000,0.160630,0.001863,0.987013,-0.036236,0.999335,0.004011,-0.986349,-0.036409,0.160590,,,0.000000,,,,0.00,,,
45999,,,,,,,,,,,,,,9.557193,-0.036331,1.673707,-0.114416,-0.078653,-0.110972,-0.258057,-0.075684,-1.515381,0.095572,-0.000355,0.016737,1.000000,-0.000308,-0.000000,0.000028,,0.160635,0.001920,0.987012,-0.035635,0.999357,0.003855,-0.986370,-0.035791,0.160600,,,0.000000,,,,0.00,,,
46000,,,,,,,,,,,,,,9.691864,-0.153686,1.518830,0.064239,-0.189256,-0.003368,-0.255859,-0.077637,-1.515381,0.096917,-0.001536,0.015196,1.000000,0.000023,-0.000077,0.000010,100151.0000,0.160571,0.001934,0.987022,-0.035638,0.999357,0.003840,-0.986381,-0.035792,0.160536,,,0.000000,,,,0.00,,,
46001,,,,,,,,,,,,,,9.600436,-0.163496,1.631961,-0.062292,-0.204248,-0.075500,-0.253662,-0.077637,-1.513184,0.096004,-0.001645,0.016319,1.000000,-0.000093,0.000005,-0.000121,,0.160597,0.001692,0.987019,-0.035412,0.999365,0.004048,-0.986385,-0.035602,0.160555,,,0.000000,,,,0.00,,,
46002,,,,,,,,,,,,,,9.613592,-0.274489,1.548056,0.028315,-0.314818,-0.076514,-0.260254,-0.077637,-1.517578,0.096136,-0.002766,0.015479,1.000000,-0.000023,0.000014,-0.000225,100135.0000,0.160799,0.001285,0.986986,-0.035252,0.999369,0.004442,-0.986357,-0.035508,0.160743,,,0.000000,,,,0.00,,,
46003,,,,,,,,,,,,,,9.582357,-0.173510,1.584746,-0.015731,-0.221157,-0.101151,-0.253662,-0.079834,-1.515137,0.095823,-0.001773,0.015844,1.000000,0.000279,0.000028,-0.000352,,0.160888,0.000584,0.986972,-0.035685,0.999349,0.005225,-0.986327,-0.036060,0.160805,,,0.000000,,,,0.00,,,
46004,,,,,,,,,,,,,,9.679050,0.058573,1.558787,0.019437,0.004753,-0.008767,-0.251465,-0.082031,-1.512939,0.096791,0.000542,0.015585,1.000000,0.000432,0.000028,-0.000380,100139.0000,0.161117,-0.000065,0.986935,-0.036378,0.999320,0.006005,-0.986265,-0.036870,0.161005,,,0.000000,,,,0.00,,,
46005,,,,,,,,,,,,,,9.627801,0.224401,1.627499,-0.061690,0.160041,-0.047226,-0.258057,-0.077637,-1.521973,0.096279,0.002208,0.016272,1.000000,0.000204,0.000033,-0.000338,,0.161216,-0.000738,0.986919,-0.036665,0.999305,0.006736,-0.986238,-0.037272,0.161077,,,0.000000,,,,0.00,,,
46006,,,,,,,,,,,,,,9.706639,0.086877,1.531553,0.053513,0.020563,0.014253,-0.253662,-0.079834,-1.517334,0.097067,0.000839,0.015310,1.000000,0.000029,0.000053,-0.000298,100135.0000,0.161523,-0.001246,0.986868,-0.036567,0.999305,0.007246,-0.986191,-0.037257,0.161365,,,0.000000,,,,0.00,,,
46007,,,,,,,,,,,,,,9.691017,0.261222,1.620356,-0.041387,0.185901,0.014485,-0.253418,-0.083984,-1.517334,0.096912,0.002585,0.016197,1.000000,0.000262,0.000080,-0.000238,,0.161710,-0.001714,0.986837,-0.037000,0.999285,0.007798,-0.986145,-0.037774,0.161531,,,0.000000,,,,0.00,,,
46008,,,,,,,,,,,,,,9.704882,0.365734,1.600533,-0.020401,0.287529,0.025865,-0.255615,-0.083984,-1.521729,0.097050,0.003644,0.016002,1.000000,0.000138,0.000044,-0.000114,100136.0000,0.161985,-0.001899,0.986791,-0.037178,0.999276,0.008026,-0.986093,-0.037987,0.161797,,,0.000000,,,,0.00,,,
46009,,,,,,,,,,,,,,9.736274,0.272213,1.565742,0.023875,0.193904,0.050502,-0.253662,-0.082031,-1.515137,0.097364,0.002720,0.015649,1.000000,-0.000136,0.000080,-0.000039,,0.162159,-0.001971,0.986763,-0.036890,0.999287,0.008058,-0.986075,-0.037708,0.161971,,,0.000000,,,,0.00,,,
46010,,,,,,,,,,,,,,9.791789,0.219819,1.554364,0.048848,0.142178,0.103002,-0.251465,-0.079834,-1.524170,0.097918,0.002204,0.015540,1.000000,-0.000010,0.000035,0.000058,100132.0000,0.162389,-0.001876,0.986725,-0.036828,0.999290,0.007961,-0.986039,-0.037632,0.162205,,,0.000000,,,,0.00,,,
46011,,,,,,,,,,,,,,9.785431,0.166604,1.504146,0.100951,0.092761,0.088125,-0.249268,-0.077637,-1.521973,0.097856,0.001678,0.015029,1.000000,-0.000136,0.000122,0.000101,,0.162638,-0.001664,0.986684,-0.036583,0.999301,0.007716,-0.986007,-0.037351,0.162463,,,0.000000,,,,0.00,,,
46012,,,,,,,,,,,,,,9.761067,0.069285,1.603408,0.006970,-0.005892,0.079433,-0.251465,-0.082031,-1.519531,0.097612,0.000703,0.016026,1.000000,-0.000248,0.000080,0.000068,100141.0000,0.163028,-0.001543,0.986620,-0.036020,0.999323,0.007515,-0.985964,-0.036763,0.162862,,,0.000000,,,,0.00,,,
46013,,,,,,,,,,,,,,9.796618,0.050655,1.548416,0.069412,-0.020611,0.105410,-0.249512,-0.077637,-1.519775,0.097967,0.000514,0.015476,1.000000,0.000042,0.000084,0.000087,,0.163205,-0.001363,0.986591,-0.036121,0.999320,0.007356,-0.985931,-0.036838,0.163045,,,0.000000,,,,0.00,,,
46014,,,,,,,,,,,,,,9.738588,0.075796,1.611341,0.000657,0.003682,0.058597,-0.255859,-0.077637,-1.521973,0.097388,0.000766,0.016101,1.000000,-0.000151,0.000126,0.000056,100142.0000,0.163615,-0.001276,0.986523,-0.035771,0.999334,0.007225,-0.985875,-0.036471,0.163461,,,0.000000,,,,0.00,,,
46015,,,,,,,,,,,,,,9.726426,0.106477,1.617214,-0.006179,0.035738,0.047777,-0.255859,-0.075684,-1.521973,0.097265,0.001072,0.016166,1.000000,-0.000092,0.000063,0.000057,,0.163757,-0.001156,0.986500,-0.035596,0.999341,0.007080,-0.985858,-0.036275,0.163608,,,0.000000,,,,0.00,,,
46016,,,,,,,,,,,,,,9.812099,0.119370,1.604581,0.021551,0.051062,0.130308,-0.258057,-0.079834,-1.519775,0.098121,0.001205,0.016046,1.000000,-0.000040,0.000001,0.000112,100143.0000,0.163863,-0.000922,0.986483,-0.035492,0.999347,0.006830,-0.985844,-0.036131,0.163723,,,0.000000,,,,0.00,,,
46017,,,,,,,,,,,,,,9.808055,0.118224,1.581115,0.044751,0.053508,0.122451,-0.255615,-0.082031,-1.523926,0.098081,0.001197,0.015806,1.000000,-0.000182,0.000054,0.000125,,0.163982,-0.000666,0.986463,-0.035160,0.999360,0.006520,-0.985837,-0.035753,0.163853,,,0.000000,,,,0.00,,,
46018,,,,,,,,,,,,,,9.750361,0.141744,1.642122,-0.024836,0.077603,0.075667,-0.253662,-0.077637,-1.521973,0.097503,0.001434,0.016425,1.000000,-0.000163,-0.000044,0.000143,100143.0000,0.163964,-0.000439,0.986466,-0.034818,0.999374,0.006232,-0.985852,-0.035369,0.163846,,,0.000000,,,,0.00,,,
46019,,,,,,,,,,,,,,9.780692,0.177111,1.563889,0.054676,0.119543,0.092956,-0.253418,-0.082031,-1.528320,0.097805,0.001793,0.015649,1.000000,-0.000103,-0.000103,0.000207,,0.163768,-0.000030,0.986499,-0.034669,0.999382,0.005786,-0.985890,-0.035148,0.163665,,,0.000000,,,,0.00,,,
46020,,,,,,,,,,,,,,9.765366,0.233092,1.618585,-0.003978,0.178105,0.087050,-0.253662,-0.075439,-1.526367,0.097652,0.002362,0.016191,1.000000,-0.000248,-0.000056,0.000275,100138.0000,0.163779,0.000432,0.986497,-0.034174,0.999402,0.005236,-0.985905,-0.034570,0.163696,,,0.000000,,,,0.00,,,
46021,,,,,,,,,,,,,,9.747874,0.234210,1.645571,-0.034899,0.185534,0.074080,-0.258057,-0.075684,-1.524170,0.097476,0.002384,0.016464,1.000000,-0.000353,-0.000095,0.000369,,0.163587,0.001164,0.986528,-0.033585,0.999426,0.004390,-0.985957,-0.033850,0.163533,,,0.000000,,,,0.00,,,
46022,,,,,,,,,,,,,,9.815938,0.193063,1.506085,0.113715,0.157711,0.118093,-0.256104,-0.073486,-1.517578,0.098156,0.001981,0.015074,1.000000,-0.000428,-0.000141,0.000451,100141.0000,0.163386,0.001979,0.986560,-0.032816,0.999456,0.003430,-0.986016,-0.032936,0.163362,,,0.000000,,,,0.00,,,
46023,,,,,,,,,,,,,,9.734920,0.193525,1.617559,-0.011717,0.165081,0.056214,-0.256104,-0.071289,-1.522217,0.097347,0.001992,0.016183,1.000000,-0.000405,-0.000086,0.000518,,0.163203,0.003011,0.986588,-0.032173,0.999480,0.002272,-0.986068,-0.032112,0.163215,,,0.000000,,,,0.00,,,
46024,,,,,,,,,,,,,,9.744744,0.096336,1.583333,0.024551,0.080254,0.059962,-0.256348,-0.064941,-1.522217,0.097445,0.001028,0.015846,1.000000,-0.000595,-0.000140,0.000570,100146.0000,0.162921,0.004043,0.986631,-0.031154,0.999514,0.001048,-0.986147,-0.030908,0.162968,,,0.000000,,,,0.00,,,
46025,,,,,,,,,,,,,,9.754341,-0.001802,1.549008,0.060722,-0.003590,0.063692,-0.258789,-0.060791,-1.524658,0.097542,0.000049,0.015498,1.000000,-0.000579,-0.000078,0.000592,,0.162753,0.005225,0.986653,-0.030190,0.999544,-0.000313,-0.986205,-0.029736,0.162837,,,0.000000,,,,0.00,,,
46026,,,,,,,,,,,,,,9.679300,0.020080,1.637118,-0.040516,0.027974,0.003980,-0.258789,-0.060791,-1.524658,0.096792,0.000266,0.016377,1.000000,-0.000488,-0.000064,0.000588,100134.0000,0.162623,0.006362,0.986668,-0.029456,0.999565,-0.001591,-0.986249,-0.028805,0.162740,,,0.000000,,,,0.00,,,
46027,,,,,,,,,,,,,,9.748077,-0.078514,1.494091,0.113158,-0.053403,0.048742,-0.256836,-0.056396,-1.518066,0.097480,-0.000724,0.014948,1.000000,-0.000497,-0.000067,0.000551,,0.162480,0.007463,0.986684,-0.028636,0.999586,-0.002845,-0.986296,-0.027792,0.162626,,,0.000000,,,,0.00,,,
46028,,,,,,,,,,,,,,9.763580,-0.124394,1.513488,0.097200,-0.088203,0.067412,-0.258789,-0.056396,-1.518066,0.097637,-0.001186,0.015131,1.000000,-0.000442,0.000043,0.000521,100137.0000,0.162533,0.008482,0.986667,-0.028003,0.999600,-0.003980,-0.986306,-0.026983,0.162706,,,0.000000,,,,0.00,,,
46029,,,,,,,,,,,,,,9.773543,-0.113228,1.514450,0.098516,-0.065901,0.077432,-0.256836,-0.054199,-1.518311,0.097737,-0.001080,0.015138,1.000000,-0.000390,0.000072,0.000475,,0.162669,0.009438,0.986635,-0.027366,0.999613,-0.005050,-0.986301,-0.026178,0.162865,,,0.000000,,,,0.00,,,
46030,,,,,,,,,,,,,,9.746107,-0.056612,1.501329,0.106919,0.000301,0.047959,-0.256836,-0.056396,-1.511475,0.097464,-0.000521,0.014998,1.000000,-0.000259,0.000160,0.000420,100133.0000,0.162911,0.010273,0.986587,-0.027062,0.999616,-0.005940,-0.986269,-0.025731,0.163127,,,0.000000,,,,0.00,,,
46031,,,,,,,,,,,,,,9.702535,-0.018779,1.589558,0.014820,0.044782,0.019097,-0.263428,-0.052246,-1.516113,0.097028,-0.000140,0.015881,1.000000,-0.000337,0.000155,0.000433,,0.163214,0.011151,0.986528,-0.026514,0.999625,-0.006913,-0.986234,-0.025028,0.163449,,,0.000000,,,,0.00,,,
46032,,,,,,,,,,,,,,9.781059,-0.065109,1.527347,0.092155,0.010060,0.086683,-0.254883,-0.047852,-1.511719,0.097814,-0.000604,0.015255,1.000000,-0.000289,0.000194,0.000434,100144.0000,0.163449,0.011998,0.986479,-0.026117,0.999628,-0.007831,-0.986206,-0.024484,0.163702,,,0.000000,,,,0.00,,,
46033,,,,,,,,,,,,,,9.804991,-0.032016,1.555568,0.071564,0.052208,0.114589,-0.259277,-0.050049,-1.511719,0.098054,-0.000274,0.015533,1.000000,-0.000180,0.000236,0.000440,,0.163911,0.012894,0.986391,-0.025880,0.999627,-0.008766,-0.986136,-0.024091,0.164183,,,0.000000,,,,0.00,,,
46034,,,,,,,,,,,,,,9.924243,-0.016586,1.418697,0.229329,0.081792,0.209502,-0.261230,-0.052246,-1.511719,0.099246,-0.000118,0.014159,1.000000,-0.000141,0.000277,0.000460,100139.0000,0.164312,0.013812,0.986312,-0.025763,0.999621,-0.009707,-0.986072,-0.023815,0.164605,,,0.000000,,,,0.00,,,
46035,,,,,,,,,,,,,,9.797085,0.059304,1.552660,0.081640,0.163058,0.105169,-0.254883,-0.052246,-1.502686,0.097978,0.000646,0.015481,1.000000,-0.000263,0.000459,0.000501,,0.165209,0.014840,0.986147,-0.025380,0.999620,-0.010791,-0.985932,-0.023246,0.165523,,,0.000000,,,,0.00,,,
46036,,,,,,,,,,,,,,9.748761,0.096883,1.622645,0.010441,0.209240,0.068446,-0.261475,-0.050049,-1.505127,0.097494,0.001029,0.016183,1.000000,-0.000165,0.000440,0.000593,100145.0000,0.165856,0.015972,0.986021,-0.025176,0.999612,-0.011958,-0.985829,-0.022841,0.166194,,,0.000000,,,,0.00,,,
46037,,,,,,,,,,,,,,9.800089,0.113120,1.550870,0.098058,0.241412,0.106578,-0.252930,-0.047852,-1.502930,0.098007,0.001202,0.015463,1.000000,-0.000235,0.000460,0.000689,,0.166743,0.017376,0.985847,-0.024912,0.999600,-0.013404,-0.985686,-0.022325,0.167109,,,0.000000,,,,0.00,,,
46038,,,,,,,,,,,,,,9.749752,0.066827,1.665221,-0.014638,0.206168,0.076314,-0.261475,-0.050049,-1.498535,0.097506,0.000747,0.016600,1.000000,-0.000352,0.000535,0.000747,100141.0000,0.167533,0.018803,0.985687,-0.024382,0.999591,-0.014924,-0.985565,-0.021533,0.167923,,,0.000000,,,,0.00,,,
46039,,,,,,,,,,,,,,9.677740,-0.051699,1.702947,-0.051169,0.102501,0.013206,-0.250977,-0.043701,-1.500732,0.096786,-0.000429,0.016982,0.999999,-0.000438,0.000491,0.000829,,0.168473,0.020485,0.985493,-0.023767,0.999578,-0.016715,-0.985420,-0.020607,0.168889,,,0.000000,,,,0.00,,,
46040,,,,,,,,,,,,,,9.648437,-0.218179,1.655152,0.001938,-0.046608,-0.020994,-0.248779,-0.041504,-1.494141,0.096495,-0.002094,0.016501,0.999999,-0.000434,0.000529,0.000840,100139.0000,0.169220,0.022079,0.985331,-0.023096,0.999563,-0.018431,-0.985308,-0.019638,0.169656,,,0.000000,,,,0.00,,,
46041,,,,,,,,,,,,,,9.628476,-0.226672,1.693110,-0.029112,-0.039103,-0.033979,-0.248535,-0.045898,-1.491699,0.096295,-0.002186,0.016885,1.000000,-0.000248,0.000487,0.000790,,0.170153,0.023682,0.985133,-0.022845,0.999537,-0.020082,-0.985153,-0.019088,0.170615,,,0.000000,,,,0.00,,,
46042,,,,,,,,,,,,,,9.622280,-0.186426,1.682870,-0.013738,0.016760,-0.042601,-0.255371,-0.037354,-1.494385,0.096232,-0.001783,0.016784,1.000000,-0.000155,0.000471,0.000819,100135.0000,0.170873,0.025230,0.984970,-0.022657,0.999508,-0.021672,-0.985033,-0.018614,0.171360,,,0.000000,,,,0.00,,,
46043,,,,,,,,,,,,,,9.563939,-0.338432,1.738631,-0.066327,-0.121308,-0.087094,-0.257812,-0.033203,-1.489990,0.095650,-0.003305,0.017342,1.000000,-0.000380,0.000479,0.000759,,0.171789,0.026769,0.984770,-0.022138,0.999483,-0.023307,-0.984885,-0.017797,0.172293,,,0.000000,,,,0.00,,,
46044,,,,,,,,,,,,,,9.652560,-0.531880,1.668369,0.027172,-0.296451,-0.007095,-0.260010,-0.031006,-1.483398,0.096537,-0.005253,0.016641,1.000000,-0.000213,0.000449,0.000648,100137.0000,0.172262,0.028048,0.984652,-0.021828,0.999458,-0.024651,-0.984809,-0.017247,0.172781,,,0.000000,,,,0.00,,,
46045,,,,,,,,,,,,,,9.510416,-0.584858,1.769396,-0.086849,-0.343410,-0.127887,-0.251465,-0.032959,-1.485596,0.095116,-0.005801,0.017648,1.000000,-0.000073,0.000488,0.000490,,0.173201,0.029050,0.984458,-0.021819,0.999433,-0.025653,-0.984645,-0.017037,0.173736,,,0.000000,,,,0.00,,,
46046,,,,,,,,,,,,,,9.579587,-0.463165,1.679811,0.015854,-0.209889,-0.078189,-0.255615,-0.035156,-1.481201,0.095805,-0.004602,0.016752,1.000000,0.000137,0.000471,0.000334,100141.0000,0.173706,0.029744,0.984348,-0.022024,0.999411,-0.026312,-0.984551,-0.017109,0.174258,,,0.000000,,,,0.00,,,
46047,,,,,,,,,,,,,,9.401752,-0.546734,1.832320,-0.154518,-0.296246,-0.224278,-0.249023,-0.039551,-1.476562,0.094027,-0.005450,0.018281,1.000000,-0.000013,0.000454,0.000186,,0.174584,0.030137,0.984181,-0.022028,0.999401,-0.026695,-0.984396,-0.017019,0.175143,,,0.000000,,,,0.00,,,
46048,,,,,,,,,,,,,,9.508754,-0.735920,1.733028,-0.029262,-0.478391,-0.131177,-0.251465,-0.033203,-1.479004,0.095093,-0.007362,0.017297,1.000000,0.000006,0.000349,-0.000023,100136.0000,0.174958,0.030131,0.984115,-0.022017,0.999401,-0.026685,-0.984330,-0.016998,0.175517,,,0.000000,,,,0.00,,,
46049,,,,,,,,,,,,,,9.550868,-0.754099,1.732322,-0.013225,-0.497876,-0.089488,-0.246826,-0.037354,-1.474365,0.095514,-0.007568,0.017281,1.000000,0.000428,0.000412,-0.000200,,0.175765,0.029752,0.983983,-0.022754,0.999399,-0.026153,-0.984169,-0.017793,0.176336,,,0.000000,,,,0.00,,,
46050,,,,,,,,,,,,,,9.552519,-0.531117,1.784004,-0.061556,-0.282400,-0.084799,-0.250977,-0.041748,-1.471924,0.095531,-0.005359,0.017794,1.000000,0.000443,0.000459,-0.000423,100135.0000,0.176509,0.028986,0.983872,-0.023378,0.999408,-0.025250,-0.984021,-0.018544,0.177082,,,0.000000,,,,0.00,,,
46051,,,,,,,,,,,,,,9.634642,-0.560526,1.751897,-0.006364,-0.319106,-0.009230,-0.248779,-0.045898,-1.471924,0.096350,-0.005663,0.017482,1.000000,0.000428,0.000359,-0.000522,,0.177224,0.027963,0.983773,-0.023999,0.999422,-0.024085,-0.983878,-0.019342,0.177793,,,0.000000,,,,0.00,,,
46052,,,,,,,,,,,,,,9.912990,-0.193043,1.600610,0.191074,0.047198,0.228618,-0.242188,-0.045898,-1.471924,0.099137,-0.002000,0.015956,0.999999,0.000804,0.000490,-0.000574,100135.0000,0.178120,0.026924,0.983640,-0.025398,0.999418,-0.022757,-0.983681,-0.020929,0.178701,,,0.000000,,,,0.00,,,
46053,,,,,,,,,,,,,,10.128775,0.148789,1.630620,0.201742,0.381077,0.438518,-0.237793,-0.052246,-1.462646,0.101297,0.001424,0.016255,0.999999,0.000925,0.000521,-0.000478,,0.179154,0.025998,0.983477,-0.027010,0.999404,-0.021499,-0.983450,-0.022712,0.179750,,,0.000000,,,,0.00,,,
46054,,,,,,,,,,,,,,10.299847,0.157486,1.544516,0.330176,0.386835,0.591085,-0.239502,-0.058594,-1.469238,0.103011,0.001536,0.015362,1.000000,0.000291,0.000807,-0.000334,100135.0000,0.180710,0.025413,0.983208,-0.027429,0.999408,-0.020790,-0.983154,-0.023211,0.181300,,,0.000000,,,,0.00,,,
46055,,,,,,,,,,,,,,10.351179,0.082338,1.623122,0.283016,0.305962,0.657005,-0.233154,-0.058594,-1.458008,0.103528,0.000803,0.016128,0.999999,-0.000247,0.000994,-0.000231,,0.182661,0.025004,0.982858,-0.026824,0.999431,-0.020440,-0.982810,-0.022631,0.183228,,,0.000000,,,,0.00,,,
46056,,,,,,,,,,,,,,10.575406,-0.130068,1.350220,0.620951,0.103686,0.830754,-0.235352,-0.060791,-1.458008,0.105771,-0.001306,0.013368,0.999999,0.000170,0.001266,-0.000029,100138.0000,0.185065,0.025011,0.982408,-0.027118,0.999425,-0.020336,-0.982352,-0.022878,0.185637,,,0.000000,,,,0.00,,,
46057,,,,,,,,,,,,,,10.750815,0.051150,1.593038,0.440895,0.285183,1.042938,-0.226318,-0.069336,-1.448975,0.107534,0.000523,0.015756,0.999999,0.000041,0.001625,0.000114,,0.188234,0.025319,0.981798,-0.027205,0.999418,-0.020557,-0.981747,-0.022841,0.188813,,,0.000000,,,,0.00,,,
46058,,,,,,,,,,,,,,11.304962,-0.195285,1.414086,0.765650,0.064368,1.556104,-0.219971,-0.064941,-1.437988,0.113078,-0.001900,0.013921,0.999998,-0.000277,0.001951,0.000432,100141.0000,0.191906,0.026256,0.981062,-0.026790,0.999410,-0.021507,-0.981048,-0.022155,0.192496,,,0.000000,,,,0.00,,,
46059,,,,,,,,,,,,,,11.369566,-0.432816,1.389931,0.860278,-0.155011,1.616303,-0.208984,-0.073486,-1.433105,0.113736,-0.004238,0.013595,0.999996,-0.000023,0.002677,0.000793,,0.197096,0.027965,0.979985,-0.027018,0.999368,-0.023084,-0.980012,-0.021927,0.197727,,,0.000000,,,,0.00,,,
46060,,,,,,,,,,,,,,11.921203,-0.530271,1.253806,1.166398,-0.212978,2.127247,-0.204346,-0.079834,-1.413086,0.119251,-0.005199,0.012202,0.999996,-0.000012,0.002822,0.000871,100130.0000,0.202374,0.029821,0.978854,-0.027303,0.999320,-0.024800,-0.978928,-0.021707,0.203050,,,0.000000,,,,0.00,,,
46061,,,,,,,,,,,,,,12.806484,-0.540426,1.078862,1.596445,-0.176125,2.949822,-0.195557,-0.088379,-1.399414,0.128105,-0.005361,0.010324,0.999993,0.000538,0.003601,0.000381,,0.209380,0.030749,0.977351,-0.028478,0.999273,-0.025338,-0.977420,-0.022527,0.210104,,,0.000000,,,,0.00,,,
46062,,,,,,,,,,,,,,13.075530,-0.529348,0.810367,2.016804,-0.149193,3.141671,-0.182373,-0.092529,-1.383789,0.130789,-0.005349,0.007498,0.999989,-0.000016,0.004631,-0.000428,100134.0000,0.218130,0.030113,0.975455,-0.028223,0.999300,-0.024538,-0.975512,-0.022178,0.218827,,,0.000000,,,,0.00,,,
46063,,,,,,,,,,,,,,12.272329,-0.498195,1.467831,1.329808,-0.167131,2.484254,-0.164795,-0.105225,-1.365479,0.122802,-0.005063,0.013974,0.999983,-0.000972,0.005779,-0.000771,,0.229415,0.028820,0.972902,-0.025949,0.999387,-0.023486,-0.972983,-0.019858,0.230023,,,0.000000,,,,0.00,,,
46064,,,,,,,,,,,,,,12.005296,-0.841136,1.433145,1.449378,-0.530799,2.208305,-0.151611,-0.113770,-1.332031,0.120130,-0.008508,0.013601,0.999980,-0.001089,0.006158,-0.000929,100135.0000,0.240981,0.027220,0.970148,-0.023354,0.999480,-0.022242,-0.970249,-0.017297,0.241491,,,0.000000,,,,0.00,,,
46065,,,,,,,,,,,,,,11.985749,-0.570025,1.486116,1.541924,-0.279521,2.176210,-0.133789,-0.130859,-1.304688,0.119950,-0.005820,0.014040,0.999976,0.000027,0.006846,-0.000999,,0.254273,0.025464,0.966797,-0.022877,0.999532,-0.020310,-0.966862,-0.016953,0.254736,,,0.000000,,,,0.00,,,
46066,,,,,,,,,,,,,,12.075145,0.254515,1.420584,1.773033,0.527174,2.206784,-0.113770,-0.149902,-1.270996,0.120854,0.002414,0.013320,0.999972,0.000837,0.007347,-0.000988,100138.0000,0.267957,0.023809,0.963137,-0.023935,0.999551,-0.018051,-0.963134,-0.018215,0.268406,,,0.000000,,,,0.00,,,
46067,,,,,,,,,,,,,,12.533884,0.828547,1.701978,1.799875,1.086657,2.687619,-0.108887,-0.164795,-1.246094,0.125477,0.008175,0.016018,0.999968,0.000379,0.008008,-0.000835,,0.283370,0.022441,0.958748,-0.024169,0.999576,-0.016253,-0.958706,-0.018566,0.283792,,,0.000000,,,,0.00,,,
46068,,,,,,,,,,,,,,12.971188,0.162570,1.159221,2.664415,0.426487,2.928448,-0.091309,-0.175537,-1.216797,0.129808,0.001549,0.010449,0.999960,-0.001532,0.008788,-0.000720,100135.0000,0.299561,0.021287,0.953840,-0.020780,0.999659,-0.015783,-0.953851,-0.015093,0.299901,,,0.000000,,,,0.00,,,
46069,,,,,,,,,,,,,,12.382941,-0.270972,1.860999,2.063940,-0.039348,2.540745,-0.075928,-0.184082,-1.185547,0.124006,-0.002772,0.017367,0.999946,-0.002511,0.010083,-0.000863,,0.318750,0.019817,0.947632,-0.015437,0.999757,-0.015715,-0.947713,-0.009620,0.318978,,,0.000000,,,,0.00,,,
46070,,,,,,,,,,,,,,12.737361,-0.982964,1.242024,3.013234,-0.747479,2.641443,-0.055908,-0.200928,-1.153809,0.127485,-0.009892,0.011137,0.999947,-0.001605,0.010193,-0.000638,100132.0000,0.337235,0.018677,0.941235,-0.011946,0.999808,-0.015559,-0.941345,-0.005997,0.337394,,,0.000000,,,,0.00,,,
46071,,,,,,,,,,,,,,12.821041,-0.489870,1.638227,2.933497,-0.270517,2.781627,-0.044678,-0.218018,-1.113525,0.128384,-0.005015,0.014894,0.999932,-0.000030,0.011596,-0.000907,,0.358979,0.017003,0.933191,-0.011225,0.999840,-0.013899,-0.933278,-0.005486,0.359113,,,0.000000,,,,0.00,,,
46072,,,,,,,,,,,,,,13.411165,0.139037,1.664762,3.404491,0.349353,3.261277,-0.039795,-0.235352,-1.079834,0.134301,0.001291,0.015023,0.999926,-0.000211,0.012100,-0.000764,100141.0000,0.380530,0.015615,0.924637,-0.010229,0.999867,-0.012676,-0.924712,-0.004634,0.380639,,,0.000000,,,,0.00,,,
46073,,,,,,,,,,,,,,14.585193,0.066220,1.358571,4.478049,0.280832,4.131258,-0.023926,-0.254395,-1.052490,0.146015,0.000582,0.011654,0.999912,-0.000410,0.013232,-0.000582,,0.404861,0.014564,0.914262,-0.008986,0.999888,-0.011949,-0.914334,-0.003378,0.404947,,,0.000000,,,,0.00,,,
46074,,,,,,,,,,,,,,15.607021,-0.133613,0.875635,5.714272,0.084572,4.736752,-0.010498,-0.269287,-1.014404,0.156175,-0.001405,0.006472,0.999893,-0.000543,0.014633,-0.000469,100136.0000,0.430310,0.013699,0.902577,-0.007570,0.999904,-0.011567,-0.902650,-0.001855,0.430372,,,0.000000,,,,0.00,,,
46075,,,,,,,,,,,,,,16.701312,-0.559260,0.459205,7.022225,-0.336079,5.353345,-0.001221,-0.288574,-0.984863,0.167056,-0.005646,0.001891,0.999869,0.000052,0.016170,-0.000321,,0.459261,0.013118,0.888205,-0.007347,0.999913,-0.010969,-0.888271,-0.001488,0.459317,,,0.000000,,,,0.00,,,
46076,,,,,,,,,,,,,,17.160174,-0.976413,0.785627,7.453359,-0.765183,5.675047,0.022949,-0.301270,-0.948975,0.171701,-0.009898,0.004659,0.999824,-0.001086,0.018686,-0.000818,100138.0000,0.490684,0.011496,0.871262,-0.004624,0.999933,-0.010590,-0.871326,0.001168,0.490704,,,0.000000,,,,0.00,,,
46077,,,,,,,,,,,,,,18.266591,-1.918284,0.426275,8.923131,-1.719728,6.153049,0.036133,-0.312012,-0.919678,0.182690,-0.019300,0.000575,0.999792,-0.001443,0.020337,-0.000653,,0.525700,0.010081,0.850611,-0.001446,0.999939,-0.010957,-0.850669,0.004530,0.525682,,,0.000000,,,,0.00,,,
46078,,,,,,,,,,,,,,18.841715,-1.187224,0.408868,9.896065,-1.015705,6.235977,0.060059,-0.320312,-0.884033,0.188432,-0.012072,-0.000271,0.999733,0.001687,0.023028,-0.001051,100141.0000,0.562516,0.007928,0.826749,-0.003100,0.999967,-0.007480,-0.826781,0.001645,0.562522,,,0.000000,,,,0.00,,,
46079,,,,,,,,,,,,,,18.935310,-0.320627,1.721130,9.639324,-0.191906,6.575807,0.088135,-0.324463,-0.854980,0.189699,-0.003444,0.012490,0.999689,0.001282,0.024878,-0.001157,,0.602938,0.005593,0.797769,-0.003807,0.999984,-0.004133,-0.797779,-0.000545,0.602949,,,0.000000,,,,0.00,,,
46080,,,,,,,,,,,,,,19.026853,-1.174870,2.081952,10.207089,-1.082789,6.382710,0.115967,-0.320312,-0.810547,0.190726,-0.011909,0.015705,0.999637,-0.001169,0.026905,-0.000950,100135.0000,0.642881,0.003771,0.765957,-0.000780,0.999991,-0.004269,-0.765965,0.002147,0.642878,,,0.000000,,,,0.00,,,
46081,,,,,,,,,,,,,,19.302955,-2.162312,2.666911,10.828412,-2.080985,6.395533,0.132568,-0.307373,-0.777588,0.193683,-0.021586,0.021213,0.999598,-0.001199,0.028332,0.000049,,0.685221,0.003679,0.728326,0.000971,0.999982,-0.005965,-0.728335,0.004794,0.685205,,,0.000000,,,,0.00,,,
46082,,,,,,,,,,,,,,19.657068,-3.267496,2.440876,12.101411,-3.173974,5.884548,0.159668,-0.292480,-0.733398,0.197188,-0.032595,0.018613,0.999563,-0.000805,0.029551,0.000322,100132.0000,0.724773,0.004171,0.688975,0.001677,0.999968,-0.007818,-0.688986,0.006822,0.724742,,,0.000000,,,,0.00,,,
46083,,,,,,,,,,,,,,18.655452,-3.125164,2.785012,12.046331,-3.046248,4.714609,0.167236,-0.269287,-0.689941,0.187271,-0.031395,0.022080,0.999535,0.002852,0.030364,-0.000402,,0.765246,0.003125,0.643731,-0.001507,0.999994,-0.003064,-0.643737,0.001375,0.765246,,,0.000000,,,,0.00,,,
46084,,,,,,,,,,,,,,20.550262,-2.128301,0.296914,15.902831,-2.099380,3.205750,0.178955,-0.243652,-0.644043,0.205415,-0.021693,-0.003589,0.999490,0.006059,0.031277,-0.002035,100138.0000,0.801667,-0.000365,0.597771,-0.005866,0.999947,0.008477,-0.597743,-0.010302,0.801622,,,0.000000,,,,0.00,,,
