// Start Time: Unknown
// Update Rate: 100.0Hz
// Filter Profile: human (46.1)
// Firmware Version: 4.6.0
PacketCounter,SampleTimeFine,Year,Month,Day,Second,UTC_Nano,UTC_Year,UTC_Month,UTC_Day,UTC_Hour,UTC_Minute,UTC_Second,UTC_Valid,Acc_X,Acc_Y,Acc_Z,FreeAcc_X,FreeAcc_Y,FreeAcc_Z,Mag_X,Mag_Y,Mag_Z,VelInc_X,VelInc_Y,VelInc_Z,OriInc_q0,OriInc_q1,OriInc_q2,OriInc_q3,Pressure,Mat[1][1],Mat[2][1],Mat[3][1],Mat[1][2],Mat[2][2],Mat[3][2],Mat[1][3],Mat[2][3],Mat[3][3],Latitude,Longitude,Altitude,Vel_X,Vel_Y,Vel_Z,Temperature,GyrTemp_X,GyrTemp_Y,GyrTemp_Z
45946,,,,,,,,,,,,,,9.537859,-1.070199,2.188686,0.051110,0.020472,0.031265,-0.259277,-1.116699,-0.315430,0.095379,-0.010698,0.021888,1.000000,0.000038,-0.000018,0.000055,99997.0000,-0.047323,0.243913,0.968642,-0.968562,0.225898,-0.104203,-0.244231,-0.943121,0.225555,,,0.000000,,,,0.00,,,
45947,,,,,,,,,,,,,,9.485212,-0.956899,2.250792,-0.072212,-0.025136,-0.017530,-0.254639,-1.118896,-0.315186,0.094853,-0.009564,0.022507,1.000000,0.000017,0.000009,0.000055,,-0.047425,0.243955,0.968626,-0.968565,0.225838,-0.104301,-0.244198,-0.943124,0.225576,,,0.000000,,,,0.00,,,
45948,,,,,,,,,,,,,,9.527841,-1.077699,2.210419,0.052026,-0.003575,0.027253,-0.261475,-1.116699,-0.313232,0.095279,-0.010774,0.022104,1.000000,0.000011,0.000004,0.000031,99996.0000,-0.047470,0.243980,0.968618,-0.968565,0.225816,-0.104347,-0.244188,-0.943123,0.225591,,,0.000000,,,,0.00,,,
45949,,,,,,,,,,,,,,9.512522,-1.003783,2.223258,-0.022631,-0.002847,0.007598,-0.263428,-1.118896,-0.315430,0.095125,-0.010034,0.022236,1.000000,0.000086,-0.000043,0.000056,,-0.047599,0.243924,0.968625,-0.968602,0.225627,-0.104417,-0.244018,-0.943183,0.225526,,,0.000000,,,,0.00,,,
45950,,,,,,,,,,,,,,9.502605,-1.010744,2.244848,-0.021816,-0.026913,0.003587,-0.261230,-1.121094,-0.313232,0.095028,-0.010099,0.022445,1.000000,-0.000056,0.000039,0.000072,100001.0000,-0.047721,0.244031,0.968593,-0.968567,0.225698,-0.104583,-0.244131,-0.943138,0.225590,,,0.000000,,,,0.00,,,
45951,,,,,,,,,,,,,,9.475511,-1.053608,2.221792,0.025261,-0.020814,-0.023373,-0.254639,-1.118896,-0.313232,0.094756,-0.010530,0.022218,1.000000,0.000066,-0.000012,0.000084,,-0.047889,0.244046,0.968580,-0.968591,0.225533,-0.104716,-0.244002,-0.943174,0.225580,,,0.000000,,,,0.00,,,
45952,,,,,,,,,,,,,,9.479971,-1.008691,2.236439,-0.023440,-0.022941,-0.020451,-0.263428,-1.118896,-0.311035,0.094801,-0.010079,0.022363,1.000000,0.000011,0.000012,0.000088,99996.0000,-0.048054,0.244111,0.968556,-0.968588,0.225469,-0.104882,-0.243982,-0.943172,0.225608,,,0.000000,,,,0.00,,,
45953,,,,,,,,,,,,,,9.519571,-1.066748,2.239576,0.028487,-0.028694,0.024703,-0.259277,-1.116699,-0.315430,0.095197,-0.010658,0.022395,1.000000,-0.000023,0.000010,0.000091,,-0.048226,0.244170,0.968532,-0.968568,0.225469,-0.105070,-0.244028,-0.943157,0.225622,,,0.000000,,,,0.00,,,
45954,,,,,,,,,,,,,,9.502371,-1.103779,2.194418,0.074731,0.001525,0.001754,-0.263672,-1.116699,-0.313232,0.095024,-0.011033,0.021947,1.000000,0.000045,-0.000038,0.000065,100001.0000,-0.048372,0.244134,0.968534,-0.968584,0.225351,-0.105177,-0.243938,-0.943194,0.225563,,,0.000000,,,,0.00,,,
45955,,,,,,,,,,,,,,9.546118,-0.987904,2.217329,-0.046206,0.016271,0.037108,-0.259033,-1.121094,-0.313232,0.095461,-0.009876,0.022177,1.000000,0.000064,-0.000043,0.000051,,-0.048493,0.244075,0.968543,-0.968610,0.225205,-0.105248,-0.243809,-0.943244,0.225493,,,0.000000,,,,0.00,,,
45956,,,,,,,,,,,,,,9.499458,-1.042071,2.237327,0.002482,-0.025730,0.002126,-0.263672,-1.116699,-0.313232,0.094997,-0.010412,0.022369,1.000000,-0.000077,0.000057,0.000071,100001.0000,-0.048605,0.244219,0.968501,-0.968566,0.225315,-0.105424,-0.243964,-0.943181,0.225590,,,0.000000,,,,0.00,,,
45957,,,,,,,,,,,,,,9.464857,-1.067450,2.243187,0.026033,-0.044773,-0.027383,-0.261475,-1.114502,-0.315430,0.094649,-0.010669,0.022433,1.000000,0.000025,-0.000020,0.000063,,-0.048737,0.244210,0.968497,-0.968571,0.225237,-0.105535,-0.243914,-0.943202,0.225557,,,0.000000,,,,0.00,,,
45958,,,,,,,,,,,,,,9.499272,-1.044503,2.236983,0.002426,-0.025631,0.002127,-0.263428,-1.123291,-0.311035,0.094992,-0.010440,0.022375,1.000000,0.000044,-0.000056,0.000062,99999.0000,-0.048891,0.244143,0.968506,-0.968586,0.225122,-0.105644,-0.243825,-0.943247,0.225467,,,0.000000,,,,0.00,,,
45959,,,,,,,,,,,,,,9.481760,-0.994177,2.242144,-0.047884,-0.023829,-0.018990,-0.261475,-1.114502,-0.315430,0.094818,-0.009936,0.022423,1.000000,0.000025,-0.000020,0.000063,,-0.049023,0.244134,0.968502,-0.968592,0.225045,-0.105756,-0.243775,-0.943267,0.225434,,,0.000000,,,,0.00,,,
45960,,,,,,,,,,,,,,9.509041,-1.041160,2.214375,0.001597,-0.001415,0.006137,-0.257080,-1.114502,-0.317383,0.095091,-0.010403,0.022146,1.000000,0.000039,-0.000026,0.000099,99995.0000,-0.049229,0.244145,0.968488,-0.968601,0.224921,-0.105934,-0.243697,-0.943294,0.225406,,,0.000000,,,,0.00,,,
45961,,,,,,,,,,,,,,9.467026,-1.049708,2.248644,0.001623,-0.045602,-0.025921,-0.254883,-1.114502,-0.317383,0.094672,-0.010486,0.022486,1.000000,-0.000028,0.000006,0.000112,,-0.049443,0.244206,0.968462,-0.968577,0.224919,-0.106164,-0.243751,-0.943279,0.225411,,,0.000000,,,,0.00,,,
45962,,,,,,,,,,,,,,9.412887,-1.087270,2.297057,0.026807,-0.112588,-0.063448,-0.265625,-1.121094,-0.313232,0.094129,-0.010864,0.022974,1.000000,-0.000032,-0.000037,0.000089,100001.0000,-0.049634,0.244196,0.968455,-0.968552,0.224934,-0.106356,-0.243810,-0.943278,0.225352,,,0.000000,,,,0.00,,,
45963,,,,,,,,,,,,,,9.508944,-1.046706,2.212173,0.001587,-0.001218,0.006137,-0.261230,-1.118896,-0.313232,0.095087,-0.010461,0.022135,1.000000,0.000136,-0.000150,0.000095,,-0.049891,0.243956,0.968502,-0.968609,0.224631,-0.106479,-0.243532,-0.943412,0.225091,,,0.000000,,,,0.00,,,
45964,,,,,,,,,,,,,,9.523736,-0.996237,2.203218,-0.047980,0.021035,0.013067,-0.263428,-1.121094,-0.321777,0.095237,-0.009952,0.022038,1.000000,0.000026,-0.000067,0.000118,100002.0000,-0.050159,0.243916,0.968498,-0.968609,0.224520,-0.106710,-0.243475,-0.943449,0.224997,,,0.000000,,,,0.00,,,
45965,,,,,,,,,,,,,,9.477099,-1.051760,2.222198,0.000740,-0.021005,-0.021910,-0.261230,-1.121094,-0.321777,0.094772,-0.010502,0.022225,1.000000,-0.000045,-0.000031,0.000154,,-0.050472,0.243927,0.968479,-0.968572,0.224529,-0.107028,-0.243559,-0.943444,0.224928,,,0.000000,,,,0.00,,,
45966,,,,,,,,,,,,,,9.457465,-1.066148,2.264256,0.002406,-0.068821,-0.029925,-0.267822,-1.118896,-0.319580,0.094574,-0.010649,0.022651,1.000000,0.000036,-0.000090,0.000145,100001.0000,-0.050793,0.243854,0.968481,-0.968575,0.224389,-0.107297,-0.243482,-0.943496,0.224793,,,0.000000,,,,0.00,,,
45967,,,,,,,,,,,,,,9.489569,-1.068009,2.249840,0.003201,-0.048700,-0.001879,-0.261230,-1.118896,-0.311035,0.094895,-0.010667,0.022506,1.000000,0.000036,-0.000081,0.000146,,-0.051116,0.243766,0.968486,-0.968577,0.224250,-0.107565,-0.243403,-0.943552,0.224644,,,0.000000,,,,0.00,,,
45968,,,,,,,,,,,,,,9.509233,-1.059290,2.204928,0.001558,-0.000090,0.006137,-0.261230,-1.121094,-0.315186,0.095092,-0.010578,0.022059,1.000000,0.000020,-0.000103,0.000162,99995.0000,-0.051481,0.243691,0.968486,-0.968571,0.224126,-0.107880,-0.243352,-0.943601,0.224493,,,0.000000,,,,0.00,,,
45969,,,,,,,,,,,,,,9.435807,-1.108994,2.295000,0.028395,-0.115414,-0.039396,-0.263428,-1.121094,-0.315186,0.094357,-0.011077,0.022960,1.000000,-0.000008,-0.000109,0.000133,,-0.051793,0.243545,0.968506,-0.968553,0.224076,-0.108143,-0.243356,-0.943650,0.224281,,,0.000000,,,,0.00,,,
45970,,,,,,,,,,,,,,9.510053,-1.103821,2.244878,0.029148,-0.050479,0.020705,-0.267822,-1.121094,-0.315430,0.095097,-0.011031,0.022466,1.000000,0.000104,-0.000190,0.000100,99995.0000,-0.052081,0.243293,0.968554,-0.968594,0.223822,-0.108305,-0.243134,-0.943775,0.223996,,,0.000000,,,,0.00,,,
45971,,,,,,,,,,,,,,9.503088,-1.048187,2.225550,-0.021982,-0.024612,0.003593,-0.265625,-1.125488,-0.315186,0.095027,-0.010474,0.022274,1.000000,0.000079,-0.000201,0.000105,,-0.052381,0.242961,0.968621,-0.968621,0.223622,-0.108472,-0.242959,-0.943909,0.223624,,,0.000000,,,,0.00,,,
45972,,,,,,,,,,,,,,9.521085,-1.101295,2.216300,0.028259,-0.025697,0.024712,-0.261230,-1.125488,-0.319580,0.095208,-0.011004,0.022179,1.000000,0.000038,-0.000174,0.000100,99999.0000,-0.052666,0.242746,0.968659,-0.968629,0.223492,-0.108672,-0.242868,-0.943994,0.223361,,,0.000000,,,,0.00,,,
45973,,,,,,,,,,,,,,9.521459,-1.062972,2.168063,0.000653,0.025312,0.010141,-0.267822,-1.125488,-0.317383,0.095211,-0.010624,0.021700,1.000000,0.000111,-0.000214,0.000081,,-0.052927,0.242379,0.968737,-0.968674,0.223243,-0.108780,-0.242630,-0.944148,0.222971,,,0.000000,,,,0.00,,,
45974,,,,,,,,,,,,,,9.544415,-1.069154,2.173088,0.002230,0.022045,0.034179,-0.261230,-1.123291,-0.317383,0.095441,-0.010686,0.021748,1.000000,0.000037,-0.000187,0.000070,99998.0000,-0.053157,0.242123,0.968788,-0.968683,0.223136,-0.108918,-0.242543,-0.944239,0.222680,,,0.000000,,,,0.00,,,
45975,,,,,,,,,,,,,,9.545138,-1.070124,2.169431,0.002231,0.022045,0.034179,-0.258789,-1.127686,-0.321533,0.095447,-0.010697,0.021713,1.000000,0.000098,-0.000211,0.000062,,-0.053380,0.241753,0.968869,-0.968724,0.222920,-0.108995,-0.242330,-0.944385,0.222292,,,0.000000,,,,0.00,,,
45976,,,,,,,,,,,,,,9.499269,-1.036904,2.236666,-0.045524,-0.047820,0.001058,-0.263428,-1.123291,-0.325928,0.094990,-0.010362,0.022383,1.000000,0.000032,-0.000171,0.000077,99997.0000,-0.053601,0.241520,0.968914,-0.968731,0.222822,-0.109133,-0.242253,-0.944467,0.222024,,,0.000000,,,,0.00,,,
45977,,,,,,,,,,,,,,9.492203,-1.067932,2.166900,-0.000084,0.006408,-0.017903,-0.259033,-1.125488,-0.323730,0.094919,-0.010674,0.021686,1.000000,0.000097,-0.000195,0.000075,,-0.053841,0.241185,0.968984,-0.968770,0.222603,-0.109236,-0.242045,-0.944605,0.221668,,,0.000000,,,,0.00,,,
45978,,,,,,,,,,,,,,9.534914,-1.102268,2.173565,0.027682,0.000227,0.028715,-0.261230,-1.123291,-0.317383,0.095346,-0.011018,0.021752,1.000000,0.000008,-0.000177,0.000055,99998.0000,-0.054007,0.240939,0.969037,-0.968764,0.222581,-0.109334,-0.242032,-0.944672,0.221392,,,0.000000,,,,0.00,,,
45979,,,,,,,,,,,,,,9.513808,-1.137284,2.205950,0.053678,-0.046839,0.019256,-0.267822,-1.125488,-0.319580,0.095133,-0.011374,0.022080,1.000000,0.000070,-0.000220,0.000005,,-0.054122,0.240525,0.969133,-0.968797,0.222448,-0.109312,-0.241874,-0.944809,0.220980,,,0.000000,,,,0.00,,,
45980,,,,,,,,,,,,,,9.588510,-1.129713,2.153964,0.054354,0.018136,0.079332,-0.267822,-1.125488,-0.319580,0.095879,-0.011302,0.021562,1.000000,0.000107,-0.000250,-0.000025,99998.0000,-0.054202,0.240105,0.969233,-0.968849,0.222258,-0.109240,-0.241649,-0.944961,0.220578,,,0.000000,,,,0.00,,,
45981,,,,,,,,,,,,,,9.594519,-1.082305,2.164254,0.005671,0.015993,0.082255,-0.265381,-1.127686,-0.319580,0.095940,-0.010829,0.021661,1.000000,0.000064,-0.000202,-0.000044,,-0.054214,0.239703,0.969331,-0.968884,0.222158,-0.109126,-0.241503,-0.945086,0.220201,,,0.000000,,,,0.00,,,
45982,,,,,,,,,,,,,,9.597724,-1.144725,2.117418,0.077651,0.043842,0.081867,-0.267578,-1.127686,-0.315186,0.095973,-0.011456,0.021191,1.000000,0.000046,-0.000177,-0.000083,99995.0000,-0.054159,0.239387,0.969412,-0.968909,0.222121,-0.108982,-0.241416,-0.945175,0.219915,,,0.000000,,,,0.00,,,
45983,,,,,,,,,,,,,,9.544688,-1.050988,2.169230,-0.021319,-0.000712,0.031638,-0.263428,-1.118896,-0.317383,0.095442,-0.010524,0.021707,1.000000,0.000094,-0.000168,-0.000122,,-0.054003,0.239017,0.969513,-0.968968,0.222003,-0.108703,-0.241217,-0.945297,0.219610,,,0.000000,,,,0.00,,,
45984,,,,,,,,,,,,,,9.486441,-1.090594,2.156338,0.024641,-0.014349,-0.023360,-0.267822,-1.123291,-0.319580,0.094860,-0.010916,0.021578,1.000000,0.000045,-0.000156,-0.000097,99994.0000,-0.053923,0.238720,0.969590,-0.968996,0.221960,-0.108538,-0.241121,-0.945382,0.219350,,,0.000000,,,,0.00,,,
45985,,,,,,,,,,,,,,9.473522,-1.092876,2.255843,0.005198,-0.115637,-0.013839,-0.260986,-1.129883,-0.317383,0.094730,-0.010942,0.022574,1.000000,0.000072,-0.000177,-0.000128,,-0.053760,0.238328,0.969696,-0.969044,0.221886,-0.108258,-0.240963,-0.945498,0.219022,,,0.000000,,,,0.00,,,
45986,,,,,,,,,,,,,,9.450028,-1.108288,2.236070,0.027658,-0.110025,-0.039332,-0.263184,-1.129883,-0.321533,0.094493,-0.011097,0.022384,1.000000,0.000076,-0.000261,-0.000127,100001.0000,-0.053661,0.237840,0.969821,-0.969088,0.221813,-0.108018,-0.240810,-0.945638,0.218585,,,0.000000,,,,0.00,,,
45987,,,,,,,,,,,,,,9.470957,-1.093549,2.187301,0.026028,-0.061879,-0.031345,-0.263184,-1.129883,-0.317383,0.094700,-0.010955,0.021903,1.000000,0.000130,-0.000332,-0.000177,,-0.053477,0.237134,0.970004,-0.969169,0.221652,-0.107617,-0.240523,-0.945853,0.217969,,,0.000000,,,,0.00,,,
45988,,,,,,,,,,,,,,9.580766,-1.058338,2.126962,0.002986,0.022376,0.058210,-0.261230,-1.123291,-0.315186,0.095797,-0.010607,0.021304,1.000000,0.000203,-0.000381,-0.000197,99999.0000,-0.053296,0.236410,0.970191,-0.969279,0.221380,-0.107190,-0.240122,-0.946098,0.217348,,,0.000000,,,,0.00,,,
45989,,,,,,,,,,,,,,9.597156,-1.002024,2.113228,-0.046513,0.044311,0.065119,-0.263184,-1.127686,-0.319580,0.095963,-0.010039,0.021162,1.000000,0.000093,-0.000316,-0.000176,,-0.053104,0.235734,0.970366,-0.969341,0.221291,-0.106807,-0.239911,-0.946287,0.216755,,,0.000000,,,,0.00,,,
45990,,,,,,,,,,,,,,9.653506,-1.129679,2.097020,0.079927,0.038532,0.129946,-0.265381,-1.129883,-0.321533,0.096527,-0.011312,0.021001,1.000000,-0.000006,-0.000315,-0.000157,99994.0000,-0.052958,0.235134,0.970519,-0.969348,0.221392,-0.106533,-0.239915,-0.946413,0.216202,,,0.000000,,,,0.00,,,
45991,,,,,,,,,,,,,,9.727093,-1.125631,1.902479,0.122090,0.233252,0.158947,-0.265381,-1.127686,-0.315186,0.097260,-0.011290,0.019058,1.000000,0.000278,-0.000378,-0.000293,,-0.052569,0.234289,0.970745,-0.969512,0.221007,-0.105842,-0.239339,-0.946713,0.215528,,,0.000000,,,,0.00,,,
45992,,,,,,,,,,,,,,9.697609,-0.858818,2.061299,-0.169122,0.128304,0.136437,-0.265381,-1.130127,-0.313232,0.096969,-0.008615,0.020634,1.000000,0.000146,-0.000227,-0.000242,99994.0000,-0.052267,0.233777,0.970884,-0.969590,0.220885,-0.105384,-0.239090,-0.946867,0.215123,,,0.000000,,,,0.00,,,
45993,,,,,,,,,,,,,,9.630439,-1.029279,2.065797,0.002162,0.067503,0.090228,-0.258789,-1.129883,-0.317383,0.096303,-0.010308,0.020659,1.000000,-0.000189,0.000008,-0.000197,,-0.051878,0.233707,0.970922,-0.969519,0.221339,-0.105080,-0.239460,-0.946779,0.215100,,,0.000000,,,,0.00,,,
45994,,,,,,,,,,,,,,9.602335,-1.129630,2.079510,0.100982,0.023476,0.076423,-0.260986,-1.127686,-0.315186,0.096018,-0.011320,0.020805,1.000000,0.000039,-0.000112,-0.000242,99998.0000,-0.051478,0.233374,0.971024,-0.969557,0.221397,-0.104610,-0.239395,-0.946847,0.214872,,,0.000000,,,,0.00,,,
45995,,,,,,,,,,,,,,9.680834,-1.030581,1.998003,0.025483,0.136709,0.124782,-0.258789,-1.130127,-0.315186,0.096801,-0.010340,0.019997,1.000000,0.000212,-0.000202,-0.000310,,-0.050972,0.232855,0.971175,-0.969689,0.221144,-0.103917,-0.238967,-0.947034,0.214525,,,0.000000,,,,0.00,,,
45996,,,,,,,,,,,,,,9.729011,-1.010652,2.020309,0.004104,0.127386,0.174328,-0.263184,-1.127686,-0.311035,0.097287,-0.010138,0.020204,1.000000,-0.000025,-0.000006,-0.000329,99997.0000,-0.050357,0.232660,0.971253,-0.969703,0.221368,-0.103305,-0.239039,-0.947030,0.214464,,,0.000000,,,,0.00,,,
45997,,,,,,,,,,,,,,9.665905,-1.092712,1.996696,0.099111,0.115452,0.116430,-0.261230,-1.123291,-0.311035,0.096656,-0.010963,0.019964,1.000000,-0.000008,0.000030,-0.000370,,-0.049621,0.232555,0.971317,-0.969736,0.221560,-0.102587,-0.239062,-0.947011,0.214523,,,0.000000,,,,0.00,,,
45998,,,,,,,,,,,,,,9.758585,-1.080909,2.038016,0.080452,0.097959,0.214066,-0.265381,-1.132324,-0.311035,0.097581,-0.010855,0.020381,1.000000,0.000130,-0.000023,-0.000445,99996.0000,-0.048849,0.232243,0.971430,-0.969841,0.221497,-0.101723,-0.238793,-0.947102,0.214419,,,0.000000,,,,0.00,,,
45999,,,,,,,,,,,,,,9.809100,-1.121790,2.019443,0.131562,0.116308,0.263232,-0.256592,-1.127930,-0.308838,0.098086,-0.011268,0.020189,1.000000,-0.000001,0.000056,-0.000510,,-0.047831,0.232124,0.971509,-0.969889,0.221739,-0.100732,-0.238804,-0.947075,0.214528,,,0.000000,,,,0.00,,,
46000,,,,,,,,,,,,,,9.847913,-1.189562,2.016515,0.206762,0.110679,0.306985,-0.256836,-1.125488,-0.306641,0.098473,-0.011962,0.020156,1.000000,0.000075,0.000087,-0.000658,100001.0000,-0.046628,0.231899,0.971622,-0.969988,0.221861,-0.099501,-0.238640,-0.947101,0.214595,,,0.000000,,,,0.00,,,
46001,,,,,,,,,,,,,,9.894614,-1.270866,1.984721,0.306557,0.131162,0.353255,-0.254395,-1.127930,-0.306641,0.098936,-0.012798,0.019842,1.000000,0.000082,0.000044,-0.000885,,-0.044888,0.231591,0.971777,-0.970108,0.222118,-0.097746,-0.238486,-0.947116,0.214698,,,0.000000,,,,0.00,,,
46002,,,,,,,,,,,,,,9.899917,-1.179062,2.087936,0.211885,0.049481,0.371154,-0.252441,-1.121094,-0.306885,0.098986,-0.011910,0.020875,0.999999,0.000202,0.000017,-0.001166,99992.0000,-0.042768,0.230979,0.972018,-0.970314,0.222198,-0.095493,-0.238038,-0.947247,0.214620,,,0.000000,,,,0.00,,,
46003,,,,,,,,,,,,,,10.025472,-1.257334,2.057729,0.315661,0.082223,0.493561,-0.250000,-1.125488,-0.304688,0.100234,-0.012722,0.020589,0.999999,0.000115,-0.000131,-0.001459,,-0.039996,0.230082,0.972349,-0.970489,0.222655,-0.092606,-0.237805,-0.947358,0.214386,,,0.000000,,,,0.00,,,
46004,,,,,,,,,,,,,,10.556387,-1.457654,2.082042,0.515124,0.122091,1.032428,-0.241699,-1.116699,-0.293945,0.105528,-0.014788,0.020851,0.999998,0.000104,-0.000300,-0.001985,99995.0000,-0.036494,0.228499,0.972860,-0.970691,0.223301,-0.088861,-0.237546,-0.947589,0.213652,,,0.000000,,,,0.00,,,
46005,,,,,,,,,,,,,,11.998554,-1.820906,1.780954,0.941182,0.627383,2.400945,-0.241699,-1.112305,-0.285645,0.119912,-0.018588,0.017914,0.999995,0.000173,-0.000897,-0.003135,,-0.030833,0.225394,0.973780,-0.970984,0.224395,-0.082684,-0.237148,-0.948074,0.211936,,,0.000000,,,,0.00,,,
46006,,,,,,,,,,,,,,14.215049,-2.170838,0.811130,1.536260,1.901246,4.381017,-0.230713,-1.114502,-0.277100,0.142023,-0.022424,0.008376,0.999985,0.001082,-0.002032,-0.004974,99992.0000,-0.022470,0.219084,0.975447,-0.971812,0.224250,-0.072753,-0.234683,-0.949586,0.207870,,,0.000000,,,,0.00,,,
46007,,,,,,,,,,,,,,16.322048,-2.208728,0.123397,1.847865,2.931670,6.289803,-0.217773,-1.101318,-0.251465,0.163079,-0.023099,0.001297,0.999980,0.001379,-0.000578,-0.006188,,-0.010708,0.215209,0.976509,-0.972663,0.224310,-0.060101,-0.231975,-0.950458,0.206924,,,0.000000,,,,0.00,,,
46008,,,,,,,,,,,,,,16.921293,-2.483474,0.831551,2.151506,2.315106,7.015718,-0.194092,-1.088135,-0.243164,0.169078,-0.025923,0.007683,0.999971,-0.000881,0.003872,-0.006477,99995.0000,0.003012,0.218852,0.975753,-0.972432,0.228155,-0.048171,-0.233165,-0.948709,0.213506,,,0.000000,,,,0.00,,,
46009,,,,,,,,,,,,,,15.974907,-2.786233,0.959222,2.674661,1.993845,6.085240,-0.181396,-1.065918,-0.217773,0.159569,-0.029118,0.008791,0.999954,-0.001274,0.005249,-0.007941,,0.020906,0.225123,0.974106,-0.971649,0.234078,-0.033244,-0.235501,-0.945795,0.223634,,,0.000000,,,,0.00,,,
46010,,,,,,,,,,,,,,16.245646,-2.960669,0.829291,3.168931,2.185826,6.266623,-0.157959,-1.046143,-0.183838,0.162196,-0.031169,0.007571,0.999944,0.000419,0.004372,-0.009605,99990.0000,0.040385,0.227641,0.972907,-0.971232,0.237642,-0.015288,-0.234684,-0.944302,0.230690,,,0.000000,,,,0.00,,,
46011,,,,,,,,,,,,,,17.439999,-2.537035,0.923779,3.167366,2.521145,7.364004,-0.138916,-1.015137,-0.149902,0.174132,-0.027397,0.008384,0.999921,0.000463,0.004828,-0.011610,,0.065182,0.231176,0.970726,-0.970227,0.242080,0.007498,-0.233260,-0.942314,0.240072,,,0.000000,,,,0.00,,,
46012,,,,,,,,,,,,,,16.503061,-2.058890,1.199092,2.990168,2.206807,6.441447,-0.115723,-0.988525,-0.118164,0.164809,-0.022783,0.010942,0.999889,-0.000995,0.006494,-0.013372,99998.0000,0.091413,0.235269,0.967622,-0.968597,0.246628,0.031540,-0.231222,-0.940119,0.250426,,,0.000000,,,,0.00,,,
46013,,,,,,,,,,,,,,14.912316,-2.199560,1.583454,3.354529,1.519152,4.889118,-0.103516,-0.950928,-0.086426,0.148898,-0.024108,0.014779,0.999866,-0.002157,0.007425,-0.014400,,0.122701,0.241932,0.962504,-0.964514,0.257530,0.058225,-0.233787,-0.935493,0.264946,,,0.000000,,,,0.00,,,
46014,,,,,,,,,,,,,,13.892279,-2.154674,1.306810,3.659248,1.597515,3.729296,-0.089111,-0.920166,-0.048340,0.138652,-0.023683,0.012140,0.999856,-0.000961,0.006845,-0.015479,99996.0000,0.151961,0.245210,0.957486,-0.961422,0.261409,0.085639,-0.229296,-0.933562,0.275474,,,0.000000,,,,0.00,,,
46015,,,,,,,,,,,,,,13.169700,-0.763474,1.172199,2.695936,1.951364,3.005410,-0.081299,-0.884766,-0.012207,0.131613,-0.009841,0.010912,0.999841,0.000255,0.006137,-0.016736,,0.186848,0.247768,0.950631,-0.955871,0.269168,0.117723,-0.226712,-0.930677,0.287128,,,0.000000,,,,0.00,,,
46016,,,,,,,,,,,,,,11.551765,0.963126,-0.124078,1.446454,3.222804,1.227794,-0.078125,-0.847168,0.021484,0.115654,0.007591,-0.001896,0.999828,-0.000296,0.005647,-0.017638,99998.0000,0.220265,0.246584,0.943758,-0.948937,0.278172,0.148793,-0.225837,-0.928341,0.295264,,,0.000000,,,,0.00,,,
46017,,,,,,,,,,,,,,10.410595,2.359503,-1.276416,0.535485,4.417194,-0.026671,-0.078857,-0.824951,0.044678,0.104428,0.021767,-0.013321,0.999836,-0.001278,0.005066,-0.017362,,0.255351,0.246122,0.934997,-0.940105,0.289080,0.180650,-0.225827,-0.925125,0.305197,,,0.000000,,,,0.00,,,
46018,,,,,,,,,,,,,,8.599957,2.048655,-2.911284,1.056336,5.392928,-2.301063,-0.093018,-0.791748,0.059326,0.086142,0.019059,-0.029644,0.999863,-0.004334,0.005187,-0.015098,99995.0000,0.283342,0.244175,0.927414,-0.930524,0.303978,0.204259,-0.232038,-0.920856,0.313340,,,0.000000,,,,0.00,,,
46019,,,,,,,,,,,,,,4.168412,0.481123,-5.488307,2.085545,6.212658,-7.626636,-0.104980,-0.765137,0.061279,0.041353,0.003944,-0.055199,0.999892,-0.007963,0.006809,-0.010339,,0.305710,0.250167,0.918672,-0.920658,0.323673,0.218231,-0.242755,-0.912498,0.329268,,,0.000000,,,,0.00,,,
46020,,,,,,,,,,,,,,1.151326,-0.012943,-4.768457,1.557382,4.619053,-10.361597,-0.129639,-0.745117,0.048340,0.011066,-0.000622,-0.047785,0.999905,-0.009413,0.009327,-0.003814,99989.0000,0.314728,0.261175,0.912543,-0.914219,0.341939,0.217441,-0.255244,-0.902699,0.346389,,,0.000000,,,,0.00,,,
46021,,,,,,,,,,,,,,3.796906,-2.273333,-3.403711,4.155184,3.276544,-8.032698,-0.161621,-0.713867,0.035400,0.037878,-0.022913,-0.034017,0.999903,-0.011233,0.006254,0.005334,,0.308277,0.276134,0.910338,-0.911628,0.359211,0.199754,-0.271845,-0.891469,0.362468,,,0.000000,,,,0.00,,,
46022,,,,,,,,,,,,,,2.586816,-5.828624,-7.310809,8.130133,5.114936,-11.172591,-0.199707,-0.689453,0.022461,0.026353,-0.058529,-0.072739,0.999910,-0.007298,0.002190,0.011024,99995.0000,0.286479,0.284239,0.914953,-0.914697,0.365278,0.172922,-0.285061,-0.886443,0.364637,,,0.000000,,,,0.00,,,
46023,,,,,,,,,,,,,,3.299541,-5.922083,-6.641815,8.268523,4.642685,-10.197353,-0.236084,-0.656250,0.003174,0.033364,-0.059338,-0.066128,0.999951,-0.005734,0.001491,0.007887,,0.272899,0.292676,0.916442,-0.915790,0.370848,0.154271,-0.294710,-0.881370,0.369234,,,0.000000,,,,0.00,,,
46024,,,,,,,,,,,,,,3.781427,-3.344014,-5.988943,5.861678,5.130045,-8.992904,-0.267822,-0.625000,-0.020508,0.038087,-0.033482,-0.059692,0.999951,-0.005824,-0.000054,0.008059,99994.0000,0.254038,0.294292,0.921334,-0.917148,0.375747,0.132863,-0.307088,-0.878753,0.365364,,,0.000000,,,,0.00,,,
46025,,,,,,,,,,,,,,3.031898,-4.186375,-6.017295,6.478171,4.577076,-9.721596,-0.304199,-0.587158,-0.044189,0.030766,-0.042095,-0.059782,0.999919,-0.008607,-0.000954,0.009284,,0.236406,0.299684,0.924285,-0.916282,0.385293,0.109434,-0.323325,-0.872777,0.365680,,,0.000000,,,,0.00,,,
46026,,,,,,,,,,,,,,3.083885,-5.259551,-5.749831,7.426444,3.871849,-9.515580,-0.333984,-0.549316,-0.070068,0.031377,-0.052870,-0.056951,0.999916,-0.009546,-0.001401,0.008685,99994.0000,0.214812,0.299259,0.929677,-0.914310,0.396271,0.083703,-0.343355,-0.867994,0.358739,,,0.000000,,,,0.00,,,
46027,,,,,,,,,,,,,,3.483585,-5.693895,-4.554746,7.518558,2.701922,-8.600427,-0.359619,-0.502686,-0.089600,0.035507,-0.057021,-0.044919,0.999920,-0.008408,-0.004228,0.008421,,0.196449,0.298686,0.933913,-0.911862,0.405782,0.062033,-0.360437,-0.863787,0.352076,,,0.000000,,,,0.00,,,
46028,,,,,,,,,,,,,,4.569922,-6.364113,-4.408401,8.257726,2.539720,-7.327545,-0.389648,-0.458252,-0.106934,0.046498,-0.063568,-0.043343,0.999924,-0.006626,-0.006904,0.007828,99996.0000,0.171476,0.288221,0.942085,-0.910131,0.412435,0.039480,-0.377170,-0.864191,0.333042,,,0.000000,,,,0.00,,,
46029,,,,,,,,,,,,,,5.779538,-6.117632,-3.704086,7.916609,2.305103,-5.743508,-0.426514,-0.409424,-0.124268,0.058554,-0.060938,-0.036227,0.999923,-0.005385,-0.008315,0.007459,,0.151525,0.280034,0.947956,-0.908418,0.417490,0.021875,-0.389636,-0.864456,0.317648,,,0.000000,,,,0.00,,,
46030,,,,,,,,,,,,,,6.874902,-6.154094,-3.187895,7.778348,2.040168,-4.278274,-0.454346,-0.358398,-0.135254,0.069495,-0.061164,-0.030966,0.999920,-0.004582,-0.009128,0.007510,99997.0000,0.124154,0.265571,0.956064,-0.906904,0.421336,0.000734,-0.402629,-0.867149,0.293158,,,0.000000,,,,0.00,,,
46031,,,,,,,,,,,,,,7.717899,-6.049924,-2.562407,7.402031,1.677998,-3.095376,-0.482422,-0.307373,-0.148193,0.077868,-0.060010,-0.024661,0.999919,-0.003129,-0.009978,0.007307,,0.102781,0.254406,0.961620,-0.906026,0.422955,-0.015058,-0.410553,-0.869705,0.273970,,,0.000000,,,,0.00,,,
46032,,,,,,,,,,,,,,8.681341,-5.547222,-2.257520,6.696390,1.735002,-1.851798,-0.499268,-0.260742,-0.148682,0.087445,-0.054888,-0.021529,0.999911,-0.001084,-0.011306,0.006972,99992.0000,0.073575,0.235688,0.969040,-0.906144,0.421621,-0.033746,-0.416521,-0.875606,0.244588,,,0.000000,,,,0.00,,,
46033,,,,,,,,,,,,,,9.686205,-4.756050,-2.024191,5.763032,1.988728,-0.682215,-0.524902,-0.220703,-0.155273,0.097405,-0.046918,-0.019086,0.999902,0.001005,-0.012379,0.006410,,0.051625,0.219298,0.974291,-0.907790,0.416923,-0.045742,-0.416235,-0.882091,0.220600,,,0.000000,,,,0.00,,,
46034,,,,,,,,,,,,,,11.037773,-3.890005,-1.576699,4.561146,2.056349,0.883577,-0.546143,-0.174316,-0.149170,0.110785,-0.038241,-0.014440,0.999901,0.002066,-0.012707,0.005680,99994.0000,0.023097,0.196697,0.980192,-0.909484,0.411227,-0.061090,-0.415097,-0.890058,0.188390,,,0.000000,,,,0.00,,,
46035,,,,,,,,,,,,,,12.651091,-3.186625,-1.121011,3.533769,2.075820,2.623374,-0.562744,-0.134277,-0.147461,0.126797,-0.031200,-0.009716,0.999906,0.002695,-0.012458,0.005041,,0.003616,0.178539,0.983926,-0.911850,0.404503,-0.070048,-0.410507,-0.896940,0.164263,,,0.000000,,,,0.00,,,
46036,,,,,,,,,,,,,,13.845179,-2.390543,-0.629782,2.260464,1.893631,3.938506,-0.579346,-0.096680,-0.145508,0.138618,-0.023271,-0.004749,0.999915,0.003387,-0.011753,0.004453,99992.0000,-0.021760,0.156219,0.987483,-0.913911,0.397339,-0.082998,-0.405332,-0.904277,0.134124,,,0.000000,,,,0.00,,,
46037,,,,,,,,,,,,,,14.031505,-1.315579,0.001738,0.785549,1.557913,4.171642,-0.591309,-0.061035,-0.145752,0.140356,-0.012596,0.001484,0.999927,0.003597,-0.010781,0.004016,,-0.037788,0.139810,0.989457,-0.916567,0.389608,-0.090055,-0.398091,-0.910307,0.113423,,,0.000000,,,,0.00,,,
46038,,,,,,,,,,,,,,13.799110,-0.273279,0.531722,-0.689121,1.168050,3.932349,-0.607666,-0.032227,-0.141602,0.137937,-0.002185,0.006720,0.999933,0.003450,-0.010230,0.004126,100001.0000,-0.060699,0.119727,0.990950,-0.918156,0.382735,-0.102483,-0.391541,-0.916067,0.086697,,,0.000000,,,,0.00,,,
46039,,,,,,,,,,,,,,13.328578,0.505269,0.970358,-1.761231,0.793582,3.420168,-0.608398,-0.007812,-0.135498,0.133150,0.005647,0.011099,0.999930,0.003228,-0.010341,0.004718,,-0.077408,0.104302,0.991529,-0.920014,0.375732,-0.111350,-0.384163,-0.920840,0.066875,,,0.000000,,,,0.00,,,
46040,,,,,,,,,,,,,,13.229566,0.925458,1.255965,-2.559692,0.402676,3.253775,-0.611572,0.020996,-0.127197,0.132097,0.009925,0.014019,0.999923,0.002869,-0.010833,0.005367,99994.0000,-0.102030,0.083961,0.991232,-0.920441,0.369988,-0.126083,-0.377330,-0.925235,0.039532,,,0.000000,,,,0.00,,,
46041,,,,,,,,,,,,,,13.671564,1.180746,1.411129,-3.141405,0.158920,3.618357,-0.625732,0.052002,-0.125244,0.136471,0.012569,0.015693,0.999915,0.002743,-0.011332,0.005878,,-0.121337,0.067255,0.990330,-0.921182,0.363998,-0.137585,-0.369732,-0.928968,0.017787,,,0.000000,,,,0.00,,,
46042,,,,,,,,,,,,,,13.800406,1.554633,1.679346,-3.931719,-0.242812,3.609679,-0.626465,0.078613,-0.121094,0.137703,0.016340,0.018401,0.999914,0.002484,-0.011378,0.006081,99992.0000,-0.146424,0.046464,0.988130,-0.920541,0.359307,-0.153304,-0.362165,-0.932062,-0.009839,,,0.000000,,,,0.00,,,
46043,,,,,,,,,,,,,,13.053356,2.241356,1.989232,-4.817941,-0.556803,2.670819,-0.635986,0.096436,-0.114746,0.130149,0.023213,0.021410,0.999913,0.001855,-0.011325,0.006433,,-0.166404,0.029915,0.985604,-0.919863,0.355338,-0.166090,-0.355191,-0.934259,-0.031612,,,0.000000,,,,0.00,,,
46044,,,,,,,,,,,,,,12.584447,2.564045,2.517346,-5.529191,-1.216763,1.986300,-0.636719,0.118652,-0.110596,0.125342,0.026548,0.026673,0.999903,0.000784,-0.011783,0.007393,99994.0000,-0.192795,0.009522,0.981193,-0.916949,0.354249,-0.183609,-0.349335,-0.935103,-0.059566,,,0.000000,,,,0.00,,,
46045,,,,,,,,,,,,,,12.650070,1.811194,2.441649,-5.092666,-1.631091,2.047255,-0.639648,0.145020,-0.098145,0.126032,0.019143,0.025978,0.999890,-0.000062,-0.012386,0.008158,,-0.216339,-0.007871,0.976287,-0.913570,0.354339,-0.199585,-0.344365,-0.935084,-0.083848,,,0.000000,,,,0.00,,,
46046,,,,,,,,,,,,,,12.933996,1.383062,2.654529,-5.158812,-2.243396,2.211816,-0.640137,0.162842,-0.096191,0.128882,0.014878,0.028136,0.999891,-0.000133,-0.012339,0.008092,99987.0000,-0.242959,-0.028301,0.969624,-0.909017,0.355566,-0.217395,-0.338613,-0.934222,-0.112114,,,0.000000,,,,0.00,,,
46047,,,,,,,,,,,,,,12.934590,1.189467,3.103891,-5.407578,-2.946935,2.036968,-0.638428,0.176270,-0.085449,0.128869,0.012917,0.032557,0.999900,-0.000355,-0.011796,0.007834,,-0.265113,-0.044758,0.963178,-0.904799,0.356789,-0.232465,-0.333246,-0.933112,-0.135086,,,0.000000,,,,0.00,,,
46048,,,,,,,,,,,,,,12.438884,0.492862,4.130474,-5.265162,-4.349601,1.384600,-0.636719,0.193848,-0.077148,0.123905,0.005873,0.042603,0.999918,-0.001833,-0.010550,0.006988,100001.0000,-0.287223,-0.061910,0.955861,-0.899093,0.361593,-0.246745,-0.330357,-0.930278,-0.159521,,,0.000000,,,,0.00,,,
46049,,,,,,,,,,,,,,12.241610,0.013957,4.335768,-5.054553,-4.874270,1.111659,-0.641602,0.207275,-0.064453,0.121957,0.000865,0.044616,0.999931,-0.001910,-0.010312,0.005248,,-0.303440,-0.077259,0.949713,-0.894737,0.365859,-0.256112,-0.327674,-0.927458,-0.180143,,,0.000000,,,,0.00,,,
46050,,,,,,,,,,,,,,12.551716,0.461198,4.570455,-5.816725,-5.160644,1.058042,-0.641846,0.218262,-0.066650,0.124992,0.005171,0.047054,0.999931,0.000364,-0.010765,0.004605,100000.0000,-0.320336,-0.095598,0.942468,-0.891629,0.366476,-0.265883,-0.319974,-0.925503,-0.202633,,,0.000000,,,,0.00,,,
46051,,,,,,,,,,,,,,13.054189,1.174445,4.474045,-6.733613,-5.049783,1.185464,-0.631348,0.231445,-0.053955,0.130052,0.012290,0.045996,0.999944,0.000741,-0.009571,0.004452,,-0.334333,-0.110050,0.936008,-0.889183,0.366008,-0.274575,-0.312370,-0.924082,-0.220223,,,0.000000,,,,0.00,,,
46052,,,,,,,,,,,,,,12.706947,1.545657,4.851581,-7.212065,-5.382060,0.502777,-0.635986,0.240479,-0.045410,0.126663,0.016029,0.049382,0.999967,-0.000866,-0.006937,0.004177,99995.0000,-0.346928,-0.120840,0.930075,-0.885538,0.368890,-0.282387,-0.308971,-0.921585,-0.234987,,,0.000000,,,,0.00,,,
46053,,,,,,,,,,,,,,11.507395,1.225032,5.301378,-6.766379,-5.851204,-0.757145,-0.631836,0.247070,-0.052002,0.114768,0.012763,0.053551,0.999980,-0.002032,-0.004896,0.003516,,-0.356185,-0.127250,0.925710,-0.881809,0.373491,-0.287953,-0.309103,-0.918865,-0.245242,,,0.000000,,,,0.00,,,
46054,,,,,,,,,,,,,,10.472798,1.187626,5.980101,-6.661168,-6.407046,-1.975025,-0.636475,0.258057,-0.043457,0.104456,0.012238,0.060202,0.999987,-0.001597,-0.004018,0.002543,99996.0000,-0.363227,-0.133106,0.922144,-0.878969,0.377202,-0.291774,-0.308998,-0.916516,-0.254005,,,0.000000,,,,0.00,,,
46055,,,,,,,,,,,,,,9.977515,1.494083,6.656223,-7.016845,-6.887353,-2.783060,-0.634521,0.260254,-0.037109,0.099478,0.015186,0.066950,0.999990,-0.000764,-0.004009,0.001950,,-0.369139,-0.138982,0.918924,-0.877070,0.379121,-0.294986,-0.307385,-0.914851,-0.261845,,,0.000000,,,,0.00,,,
46056,,,,,,,,,,,,,,9.761629,1.520244,7.074006,-7.121118,-7.272820,-3.176644,-0.634766,0.269287,-0.039307,0.097328,0.015361,0.071101,0.999992,-0.000001,-0.003704,0.001626,99999.0000,-0.373660,-0.144229,0.916284,-0.876059,0.379472,-0.297525,-0.304793,-0.913892,-0.268146,,,0.000000,,,,0.00,,,
46057,,,,,,,,,,,,,,9.655959,1.648373,7.524784,-7.355401,-7.661117,-3.505396,-0.643799,0.275879,-0.037354,0.096326,0.016600,0.075520,0.999995,0.000456,-0.002748,0.001564,,-0.378082,-0.148072,0.913854,-0.875160,0.379085,-0.300650,-0.301910,-0.913438,-0.272912,,,0.000000,,,,0.00,,,
46058,,,,,,,,,,,,,,9.503784,1.628798,7.932705,-7.411470,-8.039494,-3.784492,-0.630615,0.278076,-0.041504,0.094883,0.016368,0.079495,0.999997,0.000988,-0.001604,0.001665,100000.0000,-0.380723,-0.148768,0.912644,-0.874909,0.377422,-0.303458,-0.299307,-0.914013,-0.273852,,,0.000000,,,,0.00,,,
46059,,,,,,,,,,,,,,9.174946,1.883106,8.306193,-7.623741,-8.256138,-4.296054,-0.632812,0.275879,-0.043701,0.091655,0.018800,0.083173,0.999996,0.002084,-0.000786,0.001547,,-0.383913,-0.149052,0.911260,-0.874964,0.374059,-0.307437,-0.295041,-0.915349,-0.274021,,,0.000000,,,,0.00,,,
46060,,,,,,,,,,,,,,8.944138,2.405833,8.338532,-7.973808,-8.073676,-4.659947,-0.628418,0.282471,-0.050049,0.089374,0.023880,0.083508,0.999993,0.003505,-0.000438,0.001278,99998.0000,-0.384574,-0.147264,0.911272,-0.876665,0.367409,-0.310595,-0.289070,-0.918327,-0.270397,,,0.000000,,,,0.00,,,
46061,,,,,,,,,,,,,,9.340634,3.108591,8.249183,-8.678566,-7.832260,-4.493136,-0.635010,0.282471,-0.056396,0.093385,0.030783,0.082629,0.999989,0.004651,0.000069,0.000872,,-0.386080,-0.146511,0.910756,-0.878643,0.359096,-0.314701,-0.280942,-0.921729,-0.267371,,,0.000000,,,,0.00,,,
46062,,,,,,,,,,,,,,10.226009,3.693289,8.265363,-9.470628,-7.797757,-3.810224,-0.630859,0.289307,-0.064941,0.102334,0.036555,0.082730,0.999986,0.005232,0.001127,0.000535,99997.0000,-0.383959,-0.141824,0.912393,-0.881993,0.348753,-0.316955,-0.273248,-0.926422,-0.258995,,,0.000000,,,,0.00,,,
46063,,,,,,,,,,,,,,10.792706,4.138935,8.270719,-10.026037,-7.758659,-3.386242,-0.626465,0.284912,-0.067139,0.108134,0.041001,0.082630,0.999982,0.005277,0.002726,0.000447,,-0.383293,-0.136463,0.913490,-0.884495,0.339064,-0.320476,-0.265999,-0.930813,-0.250662,,,0.000000,,,,0.00,,,
46064,,,,,,,,,,,,,,11.902834,4.242389,8.158726,-10.429333,-7.748599,-2.234614,-0.628418,0.280273,-0.071289,0.119365,0.042033,0.081297,0.999978,0.005102,0.004239,0.000206,99996.0000,-0.378310,-0.125670,0.917109,-0.888137,0.328565,-0.321336,-0.260948,-0.936083,-0.235911,,,0.000000,,,,0.00,,,
46065,,,,,,,,,,,,,,35.674312,-0.758866,2.236245,-13.341889,-6.966987,22.616933,-0.630371,0.273682,-0.086182,0.356644,-0.008605,0.023527,0.999890,0.014267,-0.003596,-0.001924,,-0.376665,-0.133651,0.916657,-0.896633,0.301225,-0.324518,-0.232748,-0.944140,-0.233297,,,0.000000,,,,0.00,,,
46066,,,,,,,,,,,,,,1.998322,-4.258269,-25.171887,8.713814,22.256360,-0.623695,-0.628174,0.273682,-0.081787,0.022901,-0.041035,-0.251720,0.999916,0.005818,-0.010967,0.003770,99996.0000,-0.384460,-0.148988,0.911040,-0.897776,0.290100,-0.331421,-0.214915,-0.945328,-0.245289,,,0.000000,,,,0.00,,,
46067,,,,,,,,,,,,,,24.236268,-7.600594,-15.244769,1.062095,9.319431,18.283013,-0.624023,0.276123,-0.120117,0.237995,-0.075614,-0.159298,0.999623,0.006993,0.026388,-0.002951,,-0.367618,-0.100479,0.924533,-0.903054,0.276050,-0.329076,-0.222152,-0.955877,-0.192219,,,0.000000,,,,0.00,,,
46068,,,,,,,,,,,,,,10.174339,0.112922,1.514030,-4.044420,-2.029939,-0.577791,-0.604248,0.280518,-0.145752,0.102257,0.000836,0.010907,0.999041,-0.013739,0.041322,-0.004531,99996.0000,-0.335526,-0.022415,0.941764,-0.900508,0.301169,-0.313659,-0.276600,-0.953307,-0.121235,,,0.000000,,,,0.00,,,
46069,,,,,,,,,,,,,,4.197607,-4.248695,6.986161,0.258967,-7.950720,-5.211749,-0.591553,0.291748,-0.149902,0.044243,-0.040708,0.069501,0.999141,-0.025592,0.032604,-0.000093,,-0.315136,0.039173,0.948238,-0.884686,0.349552,-0.308455,-0.343541,-0.936098,-0.075501,,,0.000000,,,,0.00,,,
46070,,,,,,,,,,,,,,4.848744,-16.169258,-4.063443,14.265238,-1.482992,-0.026974,-0.586670,0.278320,-0.173340,0.047789,-0.161487,-0.042236,0.999865,0.005285,0.015573,-0.000300,100001.0000,-0.300635,0.070182,0.951153,-0.889564,0.339011,-0.306183,-0.343940,-0.938161,-0.039487,,,0.000000,,,,0.00,,,
46071,,,,,,,,,,,,,,4.742041,-4.110551,5.551134,0.526215,-6.216923,-4.221959,-0.596924,0.254150,-0.192383,0.047231,-0.042875,0.054307,0.999666,0.022942,0.004943,-0.010868,,-0.277865,0.072605,0.957872,-0.910758,0.297169,-0.286722,-0.305467,-0.952061,-0.016447,,,0.000000,,,,0.00,,,
46072,,,,,,,,,,,,,,10.476149,0.409640,1.917755,-3.690635,-0.972842,0.138111,-0.607178,0.234131,-0.209229,0.104806,0.002392,0.019197,0.999716,0.020248,0.000382,-0.012557,99994.0000,-0.252051,0.068553,0.965283,-0.929761,0.259458,-0.261202,-0.268356,-0.963318,-0.001659,,,0.000000,,,,0.00,,,
46073,,,,,,,,,,,,,,12.589605,4.842332,1.898710,-8.081705,0.265795,1.149114,-0.600098,0.218750,-0.221924,0.126365,0.047198,0.018945,0.999867,0.013305,0.005349,-0.007712,,-0.234887,0.075071,0.969119,-0.940363,0.234834,-0.246108,-0.246058,-0.969132,0.015434,,,0.000000,,,,0.00,,,
46074,,,,,,,,,,,,,,11.119215,2.335849,2.422106,-5.315259,-0.773817,0.487687,-0.600586,0.229736,-0.241211,0.111614,0.023085,0.022455,0.999866,-0.006702,0.014445,-0.003838,99998.0000,-0.217495,0.103244,0.970586,-0.939379,0.247910,-0.236873,-0.265073,-0.963266,0.043067,,,0.000000,,,,0.00,,,
46075,,,,,,,,,,,,,,8.570849,-2.606354,2.049879,0.055849,-1.603863,-0.764320,-0.583008,0.231934,-0.241211,0.086045,-0.025934,0.019198,0.999734,-0.012936,0.019043,-0.001447,,-0.204084,0.138964,0.969040,-0.932714,0.273026,-0.235587,-0.297312,-0.951917,0.073893,,,0.000000,,,,0.00,,,
46076,,,,,,,,,,,,,,5.751135,-6.225046,4.738859,3.221196,-5.350233,-2.377573,-0.583008,0.234131,-0.247559,0.058042,-0.062004,0.047061,0.999824,-0.009483,0.015833,-0.003480,100001.0000,-0.185012,0.169041,0.968089,-0.928886,0.291533,-0.228426,-0.320843,-0.941506,0.103083,,,0.000000,,,,0.00,,,
46077,,,,,,,,,,,,,,5.930905,-6.019874,3.267163,3.526054,-3.802825,-2.383570,-0.589355,0.225342,-0.260254,0.058968,-0.060810,0.032149,0.999947,0.003934,0.004812,-0.008186,,-0.166709,0.173365,0.970645,-0.934272,0.286909,-0.211706,-0.315189,-0.942140,0.114140,,,0.000000,,,,0.00,,,
46078,,,,,,,,,,,,,,7.101712,-0.925985,4.051213,-1.447067,-2.878768,-2.241924,-0.597412,0.200928,-0.264404,0.070807,-0.010621,0.040538,0.999822,0.015589,-0.002599,-0.010293,99995.0000,-0.146527,0.165076,0.975336,-0.947357,0.260335,-0.186386,-0.284682,-0.951302,0.118240,,,0.000000,,,,0.00,,,
46079,,,,,,,,,,,,,,8.577666,4.598934,3.451086,-6.483246,-0.786182,-1.814250,-0.601318,0.185547,-0.270508,0.086214,0.044465,0.035393,0.999832,0.013161,-0.003371,-0.012344,,-0.124847,0.152464,0.980392,-0.957863,0.239095,-0.159160,-0.258673,-0.958952,0.116189,,,0.000000,,,,0.00,,,
46080,,,,,,,,,,,,,,11.755580,9.180877,4.901710,-11.467846,-0.763880,0.883636,-0.605713,0.185547,-0.270752,0.117707,0.091253,0.049686,0.999979,0.006089,-0.000952,-0.002164,100001.0000,-0.118648,0.151898,0.981249,-0.961881,0.227636,-0.151545,-0.246387,-0.961826,0.119100,,,0.000000,,,,0.00,,,
46081,,,,,,,,,,,,,,11.203627,1.270427,2.132444,-3.126448,0.015580,1.228366,-0.601807,0.200928,-0.262207,0.112073,0.013376,0.020703,0.999911,-0.012102,0.004123,0.003736,,-0.123687,0.161580,0.979078,-0.954722,0.249646,-0.161810,-0.270568,-0.954761,0.123386,,,0.000000,,,,0.00,,,
46082,,,,,,,,,,,,,,8.951220,-3.667383,-0.693440,2.590211,1.249321,-0.550704,-0.588867,0.205566,-0.268555,0.089599,-0.036404,-0.007226,0.999931,-0.008768,0.006829,0.003709,100001.0000,-0.124057,0.178631,0.976064,-0.949396,0.264671,-0.169105,-0.288543,-0.947650,0.136757,,,0.000000,,,,0.00,,,
46083,,,,,,,,,,,,,,7.165525,-3.111955,4.046848,0.895834,-3.346269,-1.725318,-0.593018,0.200928,-0.266357,0.071849,-0.031038,0.040186,0.999987,-0.001833,0.004727,0.000111,,-0.121526,0.187632,0.974693,-0.948306,0.268083,-0.169843,-0.293166,-0.944948,0.145353,,,0.000000,,,,0.00,,,
