// Start Time: Unknown
// Update Rate: 100.0Hz
// Filter Profile: human (46.1)
// Firmware Version: 4.6.0
PacketCounter,SampleTimeFine,Year,Month,Day,Second,UTC_Nano,UTC_Year,UTC_Month,UTC_Day,UTC_Hour,UTC_Minute,UTC_Second,UTC_Valid,Acc_X,Acc_Y,Acc_Z,FreeAcc_X,FreeAcc_Y,FreeAcc_Z,Mag_X,Mag_Y,Mag_Z,VelInc_X,VelInc_Y,VelInc_Z,OriInc_q0,OriInc_q1,OriInc_q2,OriInc_q3,Pressure,Mat[1][1],Mat[2][1],Mat[3][1],Mat[1][2],Mat[2][2],Mat[3][2],Mat[1][3],Mat[2][3],Mat[3][3],Latitude,Longitude,Altitude,Vel_X,Vel_Y,Vel_Z,Temperature,GyrTemp_X,GyrTemp_Y,GyrTemp_Z
45946,,,,,,,,,,,,,,9.416246,0.837218,-2.580995,0.000000,0.000000,9.786103,-0.314697,-0.023193,0.283691,0.188321,0.016815,-0.051612,1.000000,0.000140,-0.000031,0.000336,100141.0000,0.261766,0.090485,0.960880,0.029316,-0.995881,0.085795,0.964686,0.005711,-0.263341,,,0.000000,,,,0.00,,,
45947,,,,,,,,,,,,,,9.424720,0.824620,-2.568349,-0.000000,-0.000000,-0.009537,-0.318848,-0.020996,0.277100,0.094246,0.008264,-0.025681,1.000000,0.000060,-0.000022,0.000170,,0.259349,0.092034,0.961388,0.040824,-0.995604,0.084297,0.964920,0.017385,-0.261966,,,0.000000,,,,0.00,,,
45948,,,,,,,,,,,,,,9.429622,0.827864,-2.545616,0.031991,0.010274,-0.010537,-0.318848,-0.023193,0.288330,0.094295,0.008294,-0.025455,1.000000,0.000052,-0.000003,0.000145,100130.0000,0.260650,0.091792,0.961060,0.036395,-0.995696,0.085229,0.964747,0.012763,-0.262869,,,0.000000,,,,0.00,,,
45949,,,,,,,,,,,,,,9.441331,0.822360,-2.599085,-0.016526,0.013301,0.014306,-0.312500,-0.023193,0.281494,0.094412,0.008237,-0.025990,1.000000,0.000103,-0.000002,0.000114,,0.260661,0.091565,0.961078,0.036535,-0.995715,0.084956,0.964739,0.012968,-0.262890,,,0.000000,,,,0.00,,,
45950,,,,,,,,,,,,,,9.422850,0.868684,-2.583498,-0.004156,-0.036749,-0.003619,-0.310303,-0.025146,0.277100,0.094228,0.008698,-0.025833,1.000000,0.000163,-0.000007,0.000075,100134.0000,0.260691,0.091419,0.961084,0.036810,-0.995724,0.084730,0.964720,0.013289,-0.262942,,,0.000000,,,,0.00,,,
45951,,,,,,,,,,,,,,9.411384,0.887828,-2.587061,-0.009877,-0.058920,-0.012090,-0.312500,-0.025146,0.286133,0.094112,0.008887,-0.025873,1.000000,0.000186,0.000043,0.000042,,0.260612,0.091334,0.961114,0.037148,-0.995726,0.084551,0.964729,0.013668,-0.262891,,,0.000000,,,,0.00,,,
45952,,,,,,,,,,,,,,9.390732,0.875849,-2.579434,-0.008775,-0.050442,-0.034967,-0.316895,-0.020996,0.283691,0.093906,0.008766,-0.025796,1.000000,0.000231,0.000043,0.000020,100135.0000,0.260531,0.091295,0.961139,0.037583,-0.995724,0.084393,0.964734,0.014136,-0.262848,,,0.000000,,,,0.00,,,
45953,,,,,,,,,,,,,,9.390853,0.874271,-2.579530,-0.008775,-0.050442,-0.034967,-0.312500,-0.020996,0.285889,0.093909,0.008751,-0.025792,1.000000,0.000251,-0.000008,0.000015,,0.260548,0.091265,0.961138,0.038060,-0.995719,0.084231,0.964710,0.014634,-0.262906,,,0.000000,,,,0.00,,,
45954,,,,,,,,,,,,,,9.432810,0.893509,-2.594035,-0.010963,-0.067292,0.010786,-0.316650,-0.025146,0.279297,0.094327,0.008941,-0.025942,1.000000,0.000244,0.000043,-0.000005,100142.0000,0.260465,0.091280,0.961158,0.038533,-0.995710,0.084120,0.964714,0.015126,-0.262865,,,0.000000,,,,0.00,,,
45955,,,,,,,,,,,,,,9.439972,0.864660,-2.613074,-0.028951,-0.039379,0.020241,-0.314697,-0.020996,0.281494,0.094399,0.008652,-0.026133,1.000000,0.000236,0.000042,-0.000004,,0.260385,0.091288,0.961180,0.038991,-0.995702,0.084004,0.964717,0.015604,-0.262825,,,0.000000,,,,0.00,,,
45956,,,,,,,,,,,,,,9.435603,0.838379,-2.578914,0.001611,-0.014369,0.004852,-0.314697,-0.023193,0.286133,0.094355,0.008392,-0.025790,1.000000,0.000250,0.000032,0.000019,100137.0000,0.260329,0.091261,0.961197,0.039463,-0.995697,0.083848,0.964713,0.016104,-0.262810,,,0.000000,,,,0.00,,,
45957,,,,,,,,,,,,,,9.484680,0.811300,-2.555825,0.035663,0.015775,0.043686,-0.316895,-0.018799,0.283691,0.094846,0.008121,-0.025557,1.000000,0.000248,0.000008,0.000022,,0.260316,0.091217,0.961205,0.039930,-0.995693,0.083676,0.964697,0.016599,-0.262837,,,0.000000,,,,0.00,,,
45958,,,,,,,,,,,,,,9.522098,0.805271,-2.536414,0.063999,0.023870,0.074049,-0.316650,-0.025146,0.279297,0.095220,0.008062,-0.025365,1.000000,0.000207,0.000024,0.000041,100138.0000,0.260274,0.091146,0.961223,0.040308,-0.995692,0.083500,0.964693,0.017012,-0.262827,,,0.000000,,,,0.00,,,
45959,,,,,,,,,,,,,,9.508434,0.765151,-2.548017,0.047110,0.060239,0.060626,-0.314941,-0.016846,0.283691,0.095082,0.007663,-0.025485,1.000000,0.000215,0.000068,0.000067,,0.260148,0.091010,0.961270,0.040688,-0.995697,0.083258,0.964711,0.017453,-0.262731,,,0.000000,,,,0.00,,,
45960,,,,,,,,,,,,,,9.504482,0.719631,-2.455877,0.131781,0.104311,0.028863,-0.314697,-0.018799,0.281494,0.095042,0.007209,-0.024566,1.000000,0.000294,0.000103,0.000061,100141.0000,0.259945,0.090889,0.961336,0.041223,-0.995697,0.082991,0.964743,0.018056,-0.262573,,,0.000000,,,,0.00,,,
45961,,,,,,,,,,,,,,9.500157,0.710091,-2.478316,0.108072,0.110053,0.029847,-0.308350,-0.018799,0.281494,0.095001,0.007117,-0.024781,1.000000,0.000351,0.000008,0.000080,,0.259937,0.090730,0.961354,0.041859,-0.995699,0.082653,0.964718,0.018757,-0.262617,,,0.000000,,,,0.00,,,
45962,,,,,,,,,,,,,,9.523512,0.682539,-2.528199,0.064936,0.135072,0.063165,-0.310547,-0.020996,0.279297,0.095234,0.006843,-0.025281,1.000000,0.000413,0.000015,0.000079,100138.0000,0.259883,0.090555,0.961385,0.042613,-0.995699,0.082268,0.964700,0.019587,-0.262624,,,0.000000,,,,0.00,,,
45963,,,,,,,,,,,,,,9.498443,0.643611,-2.486196,0.096565,0.168415,0.024901,-0.310303,-0.025146,0.279297,0.094981,0.006457,-0.024871,1.000000,0.000438,0.000128,0.000110,,0.259645,0.090331,0.961470,0.043400,-0.995701,0.081827,0.964728,0.020482,-0.262450,,,0.000000,,,,0.00,,,
45964,,,,,,,,,,,,,,9.350473,0.619592,-2.447803,0.091217,0.174296,-0.129285,-0.312744,-0.018799,0.272705,0.093499,0.006223,-0.024493,1.000000,0.000559,0.000201,0.000141,100138.0000,0.259220,0.089990,0.961617,0.044402,-0.995707,0.081211,0.964797,0.021646,-0.262103,,,0.000000,,,,0.00,,,
45965,,,,,,,,,,,,,,9.311859,0.634409,-2.366317,0.158825,0.151815,-0.186454,-0.314697,-0.018799,0.277100,0.093116,0.006376,-0.023665,1.000000,0.000706,0.000073,0.000168,,0.259095,0.089652,0.961682,0.045677,-0.995706,0.080517,0.964771,0.023065,-0.262078,,,0.000000,,,,0.00,,,
45966,,,,,,,,,,,,,,9.449359,0.703387,-2.521221,0.048652,0.084037,-0.007981,-0.312744,-0.018799,0.285889,0.094494,0.007071,-0.025199,1.000000,0.000740,-0.000083,0.000198,100140.0000,0.259194,0.089172,0.961700,0.046996,-0.995714,0.079660,0.964681,0.024549,-0.262274,,,0.000000,,,,0.00,,,
45967,,,,,,,,,,,,,,9.528614,0.729391,-2.575142,0.020531,0.055940,0.084499,-0.306152,-0.018799,0.274902,0.095284,0.007337,-0.025746,1.000000,0.000660,-0.000006,0.000271,,0.259233,0.088632,0.961739,0.048128,-0.995729,0.078792,0.964615,0.025861,-0.262391,,,0.000000,,,,0.00,,,
45968,,,,,,,,,,,,,,9.520016,0.689253,-2.563579,0.026476,0.085497,0.070111,-0.308594,-0.016846,0.274902,0.095194,0.006938,-0.025645,1.000000,0.000658,0.000148,0.000301,100137.0000,0.258891,0.087921,0.961897,0.049234,-0.995755,0.077765,0.964651,0.027226,-0.262121,,,0.000000,,,,0.00,,,
45969,,,,,,,,,,,,,,9.519131,0.679023,-2.404835,0.176660,0.090141,0.026968,-0.308594,-0.012451,0.276855,0.095184,0.006841,-0.024063,1.000000,0.000760,0.000210,0.000343,,0.258521,0.087226,0.962060,0.050523,-0.995773,0.076706,0.964684,0.028776,-0.261835,,,0.000000,,,,0.00,,,
45970,,,,,,,,,,,,,,9.416029,0.711977,-2.315747,0.233942,0.039000,-0.092866,-0.306641,-0.012451,0.268066,0.094153,0.007174,-0.023171,1.000000,0.000760,0.000199,0.000384,100133.0000,0.258067,0.086324,0.962263,0.051783,-0.995804,0.075446,0.964738,0.030359,-0.261455,,,0.000000,,,,0.00,,,
45971,,,,,,,,,,,,,,9.380038,0.687692,-2.276155,0.259867,0.050188,-0.139588,-0.308594,-0.016846,0.272705,0.093795,0.006933,-0.022768,1.000000,0.000704,0.000126,0.000424,,0.257869,0.085472,0.962392,0.052922,-0.995834,0.074261,0.964730,0.031782,-0.261318,,,0.000000,,,,0.00,,,
45972,,,,,,,,,,,,,,9.295147,0.723177,-2.376187,0.141503,-0.008360,-0.192453,-0.308838,-0.010498,0.274658,0.092948,0.007290,-0.023759,1.000000,0.000669,0.000026,0.000457,100143.0000,0.257691,0.084428,0.962532,0.053962,-0.995878,0.072907,0.964719,0.033152,-0.261185,,,0.000000,,,,0.00,,,
45973,,,,,,,,,,,,,,9.342580,0.755598,-2.426498,0.108742,-0.050191,-0.131351,-0.306641,-0.012451,0.276855,0.093424,0.007617,-0.024254,1.000000,0.000685,-0.000064,0.000474,,0.257867,0.083489,0.962567,0.055038,-0.995911,0.071637,0.964612,0.034505,-0.261407,,,0.000000,,,,0.00,,,
45974,,,,,,,,,,,,,,9.375740,0.749427,-2.488855,0.057010,-0.056822,-0.083656,-0.300293,-0.008301,0.270264,0.093754,0.007556,-0.024882,1.000000,0.000713,-0.000018,0.000472,100142.0000,0.257746,0.082434,0.962690,0.056158,-0.995948,0.070247,0.964579,0.035956,-0.261331,,,0.000000,,,,0.00,,,
45975,,,,,,,,,,,,,,9.332649,0.769314,-2.490151,0.046698,-0.092683,-0.123505,-0.298096,-0.008301,0.272461,0.093321,0.007756,-0.024904,1.000000,0.000812,0.000091,0.000453,,0.257622,0.081525,0.962800,0.057491,-0.995962,0.068950,0.964534,0.037589,-0.261269,,,0.000000,,,,0.00,,,
45976,,,,,,,,,,,,,,9.234084,0.808927,-2.381052,0.126908,-0.149039,-0.244315,-0.302490,-0.006104,0.270264,0.092335,0.008148,-0.023812,1.000000,0.000870,0.000092,0.000413,100136.0000,0.257296,0.080617,0.962964,0.058943,-0.995968,0.067631,0.964533,0.039359,-0.261010,,,0.000000,,,,0.00,,,
45977,,,,,,,,,,,,,,9.230922,0.884674,-2.356738,0.156069,-0.235491,-0.248851,-0.300537,-0.004150,0.274658,0.092308,0.008906,-0.023550,0.999999,0.000961,-0.000096,0.000392,,0.257529,0.079844,0.962966,0.060594,-0.995953,0.066374,0.964369,0.041256,-0.261325,,,0.000000,,,,0.00,,,
45978,,,,,,,,,,,,,,9.376531,0.994665,-2.428920,0.133303,-0.347770,-0.082856,-0.300537,-0.001953,0.274658,0.093767,0.010002,-0.024261,0.999999,0.000999,-0.000190,0.000335,100140.0000,0.257702,0.079178,0.962975,0.062336,-0.995923,0.065205,0.964212,0.043224,-0.261587,,,0.000000,,,,0.00,,,
45979,,,,,,,,,,,,,,9.488262,1.005053,-2.489977,0.109670,-0.362232,0.040941,-0.294189,-0.004150,0.272461,0.094884,0.010101,-0.024875,0.999999,0.001028,-0.000153,0.000262,,0.258030,0.078669,0.962929,0.064183,-0.995873,0.064162,0.964003,0.045248,-0.262014,,,0.000000,,,,0.00,,,
45980,,,,,,,,,,,,,,9.497905,1.026492,-2.505698,0.100272,-0.391835,0.055383,-0.298828,0.004395,0.270020,0.094978,0.010310,-0.025042,0.999999,0.001057,-0.000043,0.000196,100139.0000,0.257888,0.078385,0.962990,0.066108,-0.995799,0.063352,0.963911,0.047324,-0.261986,,,0.000000,,,,0.00,,,
45981,,,,,,,,,,,,,,9.414808,1.057543,-2.372910,0.211941,-0.430991,-0.057841,-0.292236,0.002197,0.272217,0.094147,0.010612,-0.023717,0.999999,0.001144,0.000005,0.000098,,0.257892,0.078189,0.963005,0.068264,-0.995704,0.062563,0.963759,0.049604,-0.262122,,,0.000000,,,,0.00,,,
45982,,,,,,,,,,,,,,9.354458,1.064578,-2.289344,0.278015,-0.442720,-0.137616,-0.294678,0.006592,0.270020,0.093546,0.010675,-0.022875,0.999999,0.001220,-0.000060,0.000016,100133.0000,0.257735,0.078391,0.963030,0.070606,-0.995567,0.062144,0.963633,0.051979,-0.262127,,,0.000000,,,,0.00,,,
45983,,,,,,,,,,,,,,9.384729,1.100079,-2.313219,0.270036,-0.481824,-0.100364,-0.294678,0.006592,0.272217,0.093851,0.011023,-0.023107,0.999999,0.001315,-0.000115,-0.000086,,0.257944,0.078574,0.962959,0.073184,-0.995413,0.061619,0.963384,0.054579,-0.262511,,,0.000000,,,,0.00,,,
45984,,,,,,,,,,,,,,9.409971,1.129546,-2.360387,0.234893,-0.511634,-0.061897,-0.290527,0.010742,0.274414,0.094104,0.011311,-0.023581,0.999999,0.001358,-0.000077,-0.000177,100132.0000,0.257723,0.079291,0.962960,0.075893,-0.995209,0.061635,0.963234,0.057198,-0.262506,,,0.000000,,,,0.00,,,
45985,,,,,,,,,,,,,,9.383380,1.109742,-2.379853,0.212334,-0.497442,-0.083838,-0.292725,0.010742,0.274414,0.093838,0.011108,-0.023778,0.999999,0.001497,-0.000041,-0.000266,,0.257761,0.079824,0.962906,0.078913,-0.994991,0.061359,0.962981,0.060170,-0.262769,,,0.000000,,,,0.00,,,
45986,,,,,,,,,,,,,,9.394037,1.086893,-2.379037,0.214174,-0.470459,-0.075035,-0.284180,0.014893,0.271973,0.093944,0.010876,-0.023773,0.999999,0.001620,0.000003,-0.000337,100137.0000,0.257316,0.080977,0.962928,0.082214,-0.994704,0.061680,0.962824,0.063295,-0.262611,,,0.000000,,,,0.00,,,
45987,,,,,,,,,,,,,,9.395081,1.049491,-2.423731,0.172457,-0.436812,-0.064718,-0.288818,0.019287,0.274170,0.093956,0.010499,-0.024215,0.999998,0.001764,-0.000037,-0.000408,,0.257321,0.081793,0.962858,0.085821,-0.994408,0.061537,0.962508,0.066799,-0.262901,,,0.000000,,,,0.00,,,
45988,,,,,,,,,,,,,,9.387302,1.077628,-2.410257,0.186480,-0.459053,-0.073768,-0.290527,0.012939,0.272217,0.093879,0.010778,-0.024080,0.999998,0.001799,-0.000035,-0.000446,100137.0000,0.256909,0.083257,0.962843,0.089537,-0.994048,0.062065,0.962279,0.070265,-0.262835,,,0.000000,,,,0.00,,,
45989,,,,,,,,,,,,,,9.394988,0.997085,-2.414351,0.181025,-0.378352,-0.070349,-0.288574,0.017090,0.278809,0.093953,0.009970,-0.024130,0.999998,0.001716,0.000040,-0.000454,,0.256751,0.084152,0.962807,0.093073,-0.993725,0.062034,0.961986,0.073684,-0.262972,,,0.000000,,,,0.00,,,
45990,,,,,,,,,,,,,,9.394387,0.997174,-2.416655,0.176496,-0.371662,-0.070008,-0.288574,0.017090,0.281006,0.093946,0.009972,-0.024157,0.999998,0.001695,0.000077,-0.000433,100133.0000,0.256071,0.085666,0.962855,0.096546,-0.993351,0.062703,0.961825,0.076904,-0.262639,,,0.000000,,,,0.00,,,
45991,,,,,,,,,,,,,,9.414954,1.006491,-2.426332,0.175336,-0.380096,-0.047122,-0.288818,0.023438,0.278564,0.094152,0.010068,-0.024254,0.999999,0.001630,0.000076,-0.000384,,0.255850,0.086416,0.962846,0.099880,-0.993029,0.062585,0.961543,0.080156,-0.262698,,,0.000000,,,,0.00,,,
45992,,,,,,,,,,,,,,9.421535,0.947673,-2.328412,0.261060,-0.306575,-0.069856,-0.282715,0.027588,0.276367,0.094214,0.009480,-0.023288,0.999999,0.001544,0.000197,-0.000343,100134.0000,0.254923,0.087793,0.962968,0.103003,-0.992669,0.063233,0.961460,0.083069,-0.262097,,,0.000000,,,,0.00,,,
45993,,,,,,,,,,,,,,9.379935,0.912953,-2.253032,0.317749,-0.270680,-0.131852,-0.280762,0.029785,0.285156,0.093796,0.009136,-0.022543,0.999999,0.001492,0.000280,-0.000292,,0.254325,0.088324,0.963077,0.106021,-0.992365,0.063012,0.961290,0.086081,-0.261747,,,0.000000,,,,0.00,,,
45994,,,,,,,,,,,,,,9.364373,0.909948,-2.220060,0.337489,-0.260601,-0.155237,-0.285156,0.033936,0.278320,0.093640,0.009108,-0.022214,0.999999,0.001427,0.000280,-0.000244,100137.0000,0.253218,0.089502,0.963260,0.108872,-0.992022,0.063555,0.961263,0.088779,-0.260942,,,0.000000,,,,0.00,,,
45995,,,,,,,,,,,,,,9.358628,0.965062,-2.316383,0.246932,-0.326762,-0.132132,-0.285156,0.033936,0.285156,0.093582,0.009663,-0.023177,0.999999,0.001413,0.000288,-0.000219,,0.252619,0.089884,0.963382,0.111700,-0.991728,0.063238,0.961097,0.091635,-0.260569,,,0.000000,,,,0.00,,,
45996,,,,,,,,,,,,,,9.344287,1.127237,-2.531037,0.047458,-0.503902,-0.079427,-0.285156,0.033936,0.289551,0.093439,0.011290,-0.025318,0.999999,0.001425,0.000254,-0.000192,100137.0000,0.251515,0.091004,0.963565,0.114506,-0.991375,0.063742,0.961056,0.094302,-0.259767,,,0.000000,,,,0.00,,,
45997,,,,,,,,,,,,,,9.324526,1.141175,-2.638147,-0.059939,-0.533735,-0.069976,-0.274658,0.038330,0.289551,0.093241,0.011433,-0.026388,0.999999,0.001213,0.000215,-0.000117,,0.251077,0.091193,0.963662,0.116897,-0.991122,0.063335,0.960883,0.096747,-0.259508,,,0.000000,,,,0.00,,,
45998,,,,,,,,,,,,,,9.282729,0.811521,-2.691800,-0.167094,-0.212593,-0.117312,-0.281006,0.038330,0.289551,0.092821,0.008145,-0.026930,1.000000,0.000964,0.000212,0.000039,100136.0000,0.250165,0.091940,0.963828,0.118695,-0.990885,0.063713,0.960900,0.098463,-0.258797,,,0.000000,,,,0.00,,,
45999,,,,,,,,,,,,,,9.245819,0.584944,-2.679286,-0.192409,0.001829,-0.170651,-0.279053,0.044678,0.289307,0.092453,0.005897,-0.026800,0.999999,0.001187,0.000157,0.000168,,0.249905,0.091575,0.963930,0.120894,-0.990679,0.062774,0.960693,0.100846,-0.258647,,,0.000000,,,,0.00,,,
46000,,,,,,,,,,,,,,9.083501,0.532721,-2.709863,-0.271636,0.032739,-0.322573,-0.277100,0.048828,0.298096,0.090833,0.005390,-0.027091,0.999999,0.001315,-0.000001,0.000294,100140.0000,0.249563,0.091811,0.963996,0.123249,-0.990411,0.062419,0.960483,0.103234,-0.258486,,,0.000000,,,,0.00,,,
46001,,,,,,,,,,,,,,9.094617,0.666894,-2.507418,-0.051461,-0.091366,-0.355789,-0.281738,0.052979,0.298096,0.090952,0.006744,-0.025033,0.999999,0.001099,-0.000368,0.000527,,0.250403,0.090842,0.963870,0.125098,-0.990278,0.060832,0.960026,0.105346,-0.259332,,,0.000000,,,,0.00,,,
46002,,,,,,,,,,,,,,9.236736,0.632030,-2.461129,0.034118,-0.045547,-0.232989,-0.273193,0.052979,0.304688,0.092381,0.006399,-0.024540,0.999999,0.000382,-0.000750,0.000755,100135.0000,0.251699,0.090256,0.963588,0.125431,-0.990287,0.059993,0.959643,0.105764,-0.260576,,,0.000000,,,,0.00,,,
46003,,,,,,,,,,,,,,9.389556,0.576356,-2.412610,0.128635,0.015119,-0.101878,-0.271240,0.057373,0.304688,0.093910,0.005837,-0.024054,0.999999,-0.000252,-0.000788,0.000851,,0.253426,0.088735,0.963276,0.124519,-0.990492,0.058482,0.959307,0.105125,-0.262066,,,0.000000,,,,0.00,,,
46004,,,,,,,,,,,,,,9.391796,0.817389,-2.338059,0.242369,-0.220934,-0.105325,-0.271240,0.059326,0.309082,0.093927,0.008240,-0.023322,0.999999,-0.000190,-0.000638,0.000746,100141.0000,0.254514,0.088074,0.963050,0.123757,-0.990623,0.057889,0.959118,0.104450,-0.263027,,,0.000000,,,,0.00,,,
46005,,,,,,,,,,,,,,9.474208,0.802739,-2.206549,0.400417,-0.197002,-0.062061,-0.269287,0.061523,0.315674,0.094749,0.008092,-0.022012,1.000000,-0.000275,-0.000587,0.000742,,0.255825,0.086724,0.962825,0.122852,-0.990810,0.056603,0.958885,0.103805,-0.264128,,,0.000000,,,,0.00,,,
46006,,,,,,,,,,,,,,9.609310,0.727373,-2.301991,0.341805,-0.125365,0.088551,-0.271729,0.067871,0.313477,0.096099,0.007340,-0.022974,1.000000,0.000042,-0.000475,0.000678,100143.0000,0.256527,0.086153,0.962690,0.122565,-0.990878,0.056016,0.958735,0.103623,-0.264746,,,0.000000,,,,0.00,,,
46007,,,,,,,,,,,,,,9.666544,0.757513,-2.474211,0.205639,-0.182512,0.190412,-0.271484,0.065674,0.317871,0.096669,0.007664,-0.024700,0.999999,0.000837,-0.000365,0.000704,,0.257402,0.084833,0.962573,0.123809,-0.990824,0.054215,0.958340,0.105221,-0.265543,,,0.000000,,,,0.00,,,
46008,,,,,,,,,,,,,,9.719769,0.969645,-2.155600,0.556974,-0.364927,0.168160,-0.269775,0.076172,0.315430,0.097198,0.009788,-0.021515,0.999999,0.001583,-0.000266,0.000594,100137.0000,0.257651,0.084362,0.962548,0.126516,-0.990550,0.052951,0.957920,0.108135,-0.265889,,,0.000000,,,,0.00,,,
46009,,,,,,,,,,,,,,9.696666,1.155836,-1.992902,0.736522,-0.550113,0.111417,-0.263428,0.074219,0.324463,0.096958,0.011636,-0.019927,0.999999,0.000904,0.000084,0.000613,,0.257647,0.083127,0.962657,0.127933,-0.990456,0.051287,0.957732,0.109941,-0.265823,,,0.000000,,,,0.00,,,
46010,,,,,,,,,,,,,,9.443566,0.697460,-2.488573,0.136136,-0.180120,-0.024460,-0.267822,0.080566,0.324219,0.094434,0.007056,-0.024869,0.999999,0.000970,-0.000103,0.000602,100135.0000,0.257471,0.082657,0.962744,0.129455,-0.990303,0.050402,0.957575,0.111655,-0.265675,,,0.000000,,,,0.00,,,
46011,,,,,,,,,,,,,,9.392197,0.682114,-2.912135,-0.276682,-0.232445,0.037620,-0.261475,0.080566,0.335449,0.093929,0.006909,-0.029079,0.999999,0.001607,-0.000336,0.000432,,0.258229,0.081876,0.962608,0.132311,-0.990011,0.048713,0.956980,0.114785,-0.266482,,,0.000000,,,,0.00,,,
46012,,,,,,,,,,,,,,9.356652,0.802347,-3.288168,-0.624562,-0.406209,0.109391,-0.261475,0.078369,0.335449,0.093572,0.008104,-0.032846,0.999999,0.001673,-0.000235,0.000277,100142.0000,0.258291,0.082063,0.962576,0.135350,-0.989632,0.048051,0.956539,0.117873,-0.266720,,,0.000000,,,,0.00,,,
46013,,,,,,,,,,,,,,9.098439,0.879842,-3.487265,-0.864273,-0.541705,-0.082513,-0.259521,0.082764,0.337646,0.090983,0.008867,-0.034858,0.999999,0.001667,0.000000,0.000110,,0.258322,0.081844,0.962586,0.138482,-0.989252,0.046948,0.956082,0.121173,-0.266879,,,0.000000,,,,0.00,,,
46014,,,,,,,,,,,,,,8.947540,1.278393,-3.569827,-0.923495,-0.963031,-0.186882,-0.263916,0.084717,0.342041,0.089479,0.012842,-0.035669,0.999999,0.001690,-0.000082,-0.000025,100137.0000,0.258224,0.082637,0.962544,0.141715,-0.988797,0.046873,0.955634,0.124303,-0.267042,,,0.000000,,,,0.00,,,
46015,,,,,,,,,,,,,,9.015143,1.825402,-3.658001,-0.903947,-1.519028,-0.073011,-0.264160,0.093262,0.346191,0.090159,0.018304,-0.036536,0.999999,0.001538,-0.000180,-0.000066,,0.258551,0.082811,0.962442,0.144689,-0.988399,0.046175,0.955100,0.127316,-0.267533,,,0.000000,,,,0.00,,,
46016,,,,,,,,,,,,,,9.134643,2.037430,-3.623055,-0.799155,-1.712759,0.043638,-0.264404,0.095215,0.353027,0.091354,0.020418,-0.036188,0.999999,0.000977,-0.000251,0.000087,100143.0000,0.259034,0.083632,0.962241,0.146507,-0.988119,0.046442,0.954692,0.128945,-0.268209,,,0.000000,,,,0.00,,,
46017,,,,,,,,,,,,,,9.246005,1.644359,-3.687213,-0.879220,-1.330297,0.149508,-0.268311,0.091064,0.357422,0.092470,0.016483,-0.036829,1.000000,0.000842,-0.000320,0.000095,,0.259675,0.083525,0.962077,0.148065,-0.987916,0.045804,0.954278,0.130556,-0.268904,,,0.000000,,,,0.00,,,
46018,,,,,,,,,,,,,,9.478485,1.471740,-3.707542,-0.852606,-1.138620,0.372112,-0.270752,0.095215,0.366211,0.094791,0.014770,-0.037038,0.999999,0.001288,-0.000194,0.000053,100138.0000,0.260220,0.084635,0.961833,0.150499,-0.987531,0.046180,0.953748,0.132738,-0.269713,,,0.000000,,,,0.00,,,
46019,,,,,,,,,,,,,,9.509054,1.310184,-3.303571,-0.478761,-0.933429,0.284429,-0.270508,0.088867,0.368652,0.095082,0.013160,-0.033038,0.999999,0.001419,0.000225,0.000120,,0.259830,0.084336,0.961965,0.153144,-0.987170,0.045181,0.953433,0.135580,-0.269412,,,0.000000,,,,0.00,,,
46020,,,,,,,,,,,,,,9.328679,0.955579,-3.062049,-0.346952,-0.564472,0.029798,-0.275146,0.097412,0.368408,0.093277,0.009611,-0.030633,0.999999,0.001335,0.000268,0.000157,100134.0000,0.259650,0.085219,0.961935,0.155617,-0.986773,0.045414,0.953082,0.137902,-0.269477,,,0.000000,,,,0.00,,,
46021,,,,,,,,,,,,,,9.367136,0.741866,-3.040403,-0.346620,-0.358397,0.050833,-0.272949,0.095215,0.375244,0.093675,0.007477,-0.030378,0.999999,0.001532,-0.000159,0.000122,,0.259993,0.085022,0.961860,0.158474,-0.986367,0.044352,0.952518,0.140899,-0.269922,,,0.000000,,,,0.00,,,
46022,,,,,,,,,,,,,,9.559457,0.670106,-3.120044,-0.371436,-0.279351,0.254632,-0.279297,0.095215,0.386230,0.095606,0.006755,-0.031155,0.999999,0.001614,-0.000365,0.000033,100133.0000,0.261024,0.086300,0.961467,0.161541,-0.985856,0.044633,0.951720,0.143666,-0.271273,,,0.000000,,,,0.00,,,
46023,,,,,,,,,,,,,,9.638386,0.646627,-3.220781,-0.442033,-0.272209,0.356901,-0.281250,0.091064,0.384033,0.096389,0.006509,-0.032185,0.999999,0.001702,-0.000118,-0.000130,,0.261209,0.086589,0.961391,0.164847,-0.985339,0.043957,0.951102,0.147001,-0.271653,,,0.000000,,,,0.00,,,
46024,,,,,,,,,,,,,,9.487457,0.687244,-3.264811,-0.508715,-0.327527,0.226090,-0.287842,0.095215,0.392822,0.094873,0.006916,-0.032644,0.999998,0.002074,0.000104,-0.000253,100141.0000,0.261298,0.088233,0.961217,0.168937,-0.984624,0.044458,0.950360,0.150768,-0.272186,,,0.000000,,,,0.00,,,
46025,,,,,,,,,,,,,,9.308083,0.809025,-3.090034,-0.367701,-0.445171,0.011256,-0.283447,0.093018,0.392822,0.093076,0.008130,-0.030905,0.999997,0.002399,0.000260,-0.000373,,0.260678,0.088888,0.961325,0.173691,-0.983823,0.043870,0.949673,0.155537,-0.271900,,,0.000000,,,,0.00,,,
46026,,,,,,,,,,,,,,9.055530,0.896786,-2.991311,-0.320530,-0.534633,-0.254119,-0.293945,0.091064,0.401855,0.090550,0.009001,-0.029920,0.999997,0.002567,0.000332,-0.000487,100135.0000,0.260295,0.090880,0.961243,0.178833,-0.982873,0.044499,0.948823,0.160319,-0.272089,,,0.000000,,,,0.00,,,
46027,,,,,,,,,,,,,,8.864465,1.052792,-2.883052,-0.239616,-0.693715,-0.460658,-0.293701,0.086670,0.401855,0.088642,0.010551,-0.028832,0.999996,0.002761,0.000340,-0.000633,,0.259422,0.092013,0.961371,0.184400,-0.981856,0.044214,0.947996,0.165807,-0.271683,,,0.000000,,,,0.00,,,
46028,,,,,,,,,,,,,,8.737314,1.187702,-2.780843,-0.145816,-0.813261,-0.603902,-0.302490,0.088867,0.410645,0.087373,0.011887,-0.027804,0.999996,0.002711,0.000314,-0.000743,100133.0000,0.258980,0.094509,0.961248,0.189940,-0.980752,0.045253,0.947023,0.170859,-0.271946,,,0.000000,,,,0.00,,,
46029,,,,,,,,,,,,,,8.774038,1.352493,-2.868810,-0.186004,-0.987340,-0.537257,-0.300293,0.088867,0.410645,0.087745,0.013528,-0.028673,0.999996,0.002674,0.000236,-0.000845,,0.258209,0.096083,0.961299,0.195440,-0.979663,0.045422,0.946114,0.176148,-0.271737,,,0.000000,,,,0.00,,,
46030,,,,,,,,,,,,,,8.816237,1.487150,-2.974098,-0.240191,-1.121700,-0.460308,-0.310791,0.086670,0.417480,0.088170,0.014873,-0.029717,0.999996,0.002600,0.000166,-0.000861,100140.0000,0.257974,0.098904,0.961076,0.200820,-0.978510,0.046794,0.945051,0.180931,-0.272292,,,0.000000,,,,0.00,,,
46031,,,,,,,,,,,,,,8.942048,1.639931,-2.998359,-0.194692,-1.261904,-0.325356,-0.312988,0.088867,0.419678,0.089430,0.016396,-0.029956,0.999997,0.002255,0.000109,-0.000789,,0.257450,0.100407,0.961061,0.205488,-0.977526,0.047080,0.944190,0.185366,-0.272296,,,0.000000,,,,0.00,,,
46032,,,,,,,,,,,,,,8.987562,1.661167,-2.938958,-0.114986,-1.252097,-0.294691,-0.321533,0.086670,0.432861,0.089881,0.016599,-0.029382,0.999998,0.001778,0.000239,-0.000717,100132.0000,0.257120,0.103001,0.960875,0.209231,-0.976653,0.048704,0.943457,0.188522,-0.272668,,,0.000000,,,,0.00,,,
46033,,,,,,,,,,,,,,8.988054,1.749271,-2.787626,0.046607,-1.306777,-0.330806,-0.319336,0.082520,0.433105,0.089883,0.017478,-0.027878,0.999999,0.001339,0.000279,-0.000576,,0.256353,0.104019,0.960970,0.212054,-0.976025,0.049080,0.943036,0.191195,-0.272265,,,0.000000,,,,0.00,,,
46034,,,,,,,,,,,,,,9.085858,1.810861,-2.700019,0.171002,-1.323416,-0.255415,-0.323242,0.078125,0.430908,0.090863,0.018094,-0.026996,0.999999,0.001037,0.000160,-0.000463,100138.0000,0.256241,0.106234,0.960757,0.214265,-0.975458,0.050714,0.942566,0.192862,-0.272715,,,0.000000,,,,0.00,,,
46035,,,,,,,,,,,,,,9.355449,1.851043,-2.696167,0.252647,-1.330468,0.004957,-0.330078,0.084473,0.441895,0.093558,0.018498,-0.026959,1.000000,0.000751,0.000118,-0.000345,,0.255873,0.106862,0.960786,0.215858,-0.975094,0.050967,0.942303,0.194353,-0.272567,,,0.000000,,,,0.00,,,
46036,,,,,,,,,,,,,,9.542109,1.612769,-2.755498,0.194898,-1.072245,0.190210,-0.331787,0.076172,0.444336,0.095420,0.016114,-0.027568,1.000000,0.000240,0.000181,-0.000213,100136.0000,0.255761,0.108661,0.960614,0.216435,-0.974876,0.052649,0.942201,0.194445,-0.272853,,,0.000000,,,,0.00,,,
46037,,,,,,,,,,,,,,9.592483,1.357836,-2.883443,0.026873,-0.841436,0.260294,-0.338135,0.073975,0.459717,0.095917,0.013564,-0.028867,1.000000,-0.000215,0.000313,-0.000080,,0.255138,0.108696,0.960776,0.216073,-0.974942,0.052920,0.942453,0.194096,-0.272231,,,0.000000,,,,0.00,,,
46038,,,,,,,,,,,,,,9.446870,1.213225,-2.964679,-0.123320,-0.716222,0.136001,-0.342041,0.069580,0.464355,0.094457,0.012123,-0.029689,1.000000,-0.000680,0.000359,0.000112,100137.0000,0.254786,0.109807,0.960743,0.214749,-0.975147,0.054503,0.942850,0.192432,-0.272035,,,0.000000,,,,0.00,,,
46039,,,,,,,,,,,,,,9.306166,1.086247,-3.084472,-0.306983,-0.630898,0.026335,-0.348389,0.067627,0.473145,0.093053,0.010855,-0.030874,0.999999,-0.001082,0.000188,0.000284,,0.254554,0.109182,0.960875,0.212566,-0.975623,0.054545,0.943408,0.190364,-0.271557,,,0.000000,,,,0.00,,,
46040,,,,,,,,,,,,,,9.310910,0.879499,-3.005654,-0.277577,-0.399928,-0.001290,-0.352539,0.063232,0.477783,0.093102,0.008800,-0.030077,0.999999,-0.001229,0.000101,0.000454,100138.0000,0.254839,0.109697,0.960741,0.210032,-0.976104,0.055740,0.943898,0.187582,-0.271790,,,0.000000,,,,0.00,,,
46041,,,,,,,,,,,,,,9.348869,0.484599,-2.760505,-0.124012,0.031904,-0.053580,-0.356689,0.059082,0.486816,0.093479,0.004868,-0.027635,0.999999,-0.001119,0.000262,0.000565,,0.254583,0.108498,0.960945,0.207633,-0.976645,0.055262,0.944498,0.185455,-0.271165,,,0.000000,,,,0.00,,,
46042,,,,,,,,,,,,,,9.436743,0.181428,-2.571039,0.010620,0.378918,-0.037639,-0.362793,0.054932,0.493408,0.094354,0.001851,-0.025758,0.999999,-0.000723,0.000486,0.000586,100132.0000,0.254194,0.108517,0.961046,0.205985,-0.976961,0.055831,0.944963,0.183769,-0.270690,,,0.000000,,,,0.00,,,
46043,,,,,,,,,,,,,,9.425025,0.124362,-2.507081,0.048101,0.433555,-0.068884,-0.363037,0.061279,0.495605,0.094235,0.001304,-0.025124,1.000000,-0.000139,0.000565,0.000672,,0.253404,0.106995,0.961425,0.205383,-0.977157,0.054613,0.945306,0.183621,-0.269590,,,0.000000,,,,0.00,,,
46044,,,,,,,,,,,,,,9.263760,0.208892,-2.453996,0.069994,0.338235,-0.233353,-0.371338,0.054932,0.504639,0.092622,0.002180,-0.024589,0.999999,0.000160,0.000535,0.000939,100135.0000,0.253038,0.106142,0.961616,0.205225,-0.977232,0.053863,0.945439,0.183718,-0.269059,,,0.000000,,,,0.00,,,
46045,,,,,,,,,,,,,,9.125533,0.262973,-2.507908,-0.007947,0.238511,-0.348169,-0.373291,0.050537,0.515625,0.091245,0.002751,-0.025102,0.999999,0.000271,0.000261,0.001252,,0.253061,0.103600,0.961887,0.205104,-0.977394,0.051309,0.945459,0.184303,-0.268589,,,0.000000,,,,0.00,,,
46046,,,,,,,,,,,,,,9.104525,0.358188,-2.781974,-0.246727,0.076769,-0.289388,-0.373291,0.048584,0.518066,0.091042,0.003726,-0.027811,0.999999,0.000345,-0.000087,0.001480,100128.0000,0.254067,0.101782,0.961816,0.205019,-0.977516,0.049287,0.945208,0.184668,-0.269222,,,0.000000,,,,0.00,,,
46047,,,,,,,,,,,,,,9.072913,0.554818,-2.915455,-0.331979,-0.172688,-0.274064,-0.381592,0.046387,0.520264,0.090725,0.005709,-0.029137,0.999999,0.000246,-0.000180,0.001691,,0.255102,0.098543,0.961880,0.204623,-0.977764,0.045902,0.945014,0.185113,-0.269593,,,0.000000,,,,0.00,,,
46048,,,,,,,,,,,,,,8.909751,0.737469,-3.041686,-0.443976,-0.413131,-0.388703,-0.383789,0.046387,0.526855,0.089087,0.007544,-0.030406,0.999998,0.000075,-0.000117,0.001873,100138.0000,0.256338,0.095887,0.961819,0.203820,-0.978055,0.043185,0.944854,0.184968,-0.270257,,,0.000000,,,,0.00,,,
46049,,,,,,,,,,,,,,8.794815,0.929443,-3.044932,-0.428498,-0.647068,-0.491646,-0.381592,0.046387,0.529053,0.087933,0.009481,-0.030436,0.999998,0.000008,-0.000148,0.002115,,0.257479,0.091805,0.961913,0.202749,-0.978449,0.039113,0.944774,0.184956,-0.270543,,,0.000000,,,,0.00,,,
46050,,,,,,,,,,,,,,8.706428,0.945154,-3.082177,-0.469889,-0.706503,-0.567422,-0.385742,0.040039,0.535889,0.087050,0.009660,-0.030799,0.999997,-0.000077,-0.000274,0.002418,100138.0000,0.259257,0.088124,0.961780,0.201366,-0.978876,0.035410,0.944583,0.184489,-0.271525,,,0.000000,,,,0.00,,,
46051,,,,,,,,,,,,,,8.825595,0.962287,-3.088656,-0.428276,-0.756457,-0.453142,-0.387695,0.037842,0.542725,0.088241,0.009857,-0.030855,0.999996,-0.000183,-0.000383,0.002713,,0.261071,0.082953,0.961749,0.199609,-0.979407,0.030292,0.944457,0.184065,-0.272253,,,0.000000,,,,0.00,,,
46052,,,,,,,,,,,,,,9.003506,0.873292,-2.978569,-0.277168,-0.671888,-0.316943,-0.389893,0.041992,0.542480,0.090021,0.008990,-0.029751,0.999996,-0.000238,-0.000408,0.002934,100142.0000,0.263319,0.078313,0.961525,0.197632,-0.979940,0.025691,0.944248,0.183263,-0.273514,,,0.000000,,,,0.00,,,
46053,,,,,,,,,,,,,,9.400344,0.785209,-3.008057,-0.200427,-0.611086,0.067473,-0.396240,0.040039,0.558105,0.093994,0.008130,-0.030036,0.999995,-0.000129,-0.000485,0.003003,,0.265418,0.072606,0.961396,0.195802,-0.980440,0.019988,0.944042,0.182939,-0.274443,,,0.000000,,,,0.00,,,
46054,,,,,,,,,,,,,,9.914069,0.799646,-3.064088,-0.091230,-0.642398,0.574591,-0.398193,0.035645,0.560303,0.099131,0.008290,-0.030592,0.999996,0.000042,-0.000486,0.002950,100136.0000,0.267800,0.067953,0.961075,0.194316,-0.980821,0.015204,0.943676,0.182681,-0.275868,,,0.000000,,,,0.00,,,
46055,,,,,,,,,,,,,,10.279585,0.804605,-3.079538,0.010293,-0.682578,0.926702,-0.402344,0.033691,0.562744,0.102777,0.008348,-0.030776,0.999996,0.000131,-0.000175,0.002895,,0.269253,0.062338,0.961050,0.193011,-0.981150,0.009567,0.943531,0.182917,-0.276209,,,0.000000,,,,0.00,,,
46056,,,,,,,,,,,,,,10.295868,0.805976,-2.998857,0.102736,-0.717473,0.916804,-0.398438,0.041992,0.566895,0.102923,0.008362,-0.030027,0.999996,0.000367,0.000404,0.002829,100133.0000,0.269874,0.057590,0.961172,0.192182,-0.981347,0.004839,0.943522,0.183414,-0.275908,,,0.000000,,,,0.00,,,
46057,,,,,,,,,,,,,,10.034582,0.931515,-2.815588,0.228943,-0.883835,0.611045,-0.410889,0.033447,0.569336,0.100299,0.009618,-0.028221,0.999996,0.000827,0.000726,0.002785,,0.269577,0.051857,0.961582,0.192241,-0.981347,-0.000971,0.943595,0.185117,-0.274518,,,0.000000,,,,0.00,,,
46058,,,,,,,,,,,,,,9.756267,1.116494,-2.766842,0.237887,-1.122116,0.324899,-0.411133,0.039795,0.571533,0.097518,0.011465,-0.027703,0.999996,0.000948,0.000464,0.002808,100144.0000,0.270036,0.047136,0.961696,0.192515,-0.981276,-0.005961,0.943408,0.186751,-0.274054,,,0.000000,,,,0.00,,,
46059,,,,,,,,,,,,,,9.762829,1.118262,-2.986519,0.038884,-1.224505,0.384440,-0.417236,0.033447,0.582520,0.097593,0.011483,-0.029866,0.999996,0.000994,0.000120,0.002772,,0.270880,0.041654,0.961711,0.192892,-0.981149,-0.011835,0.943089,0.188713,-0.273808,,,0.000000,,,,0.00,,,
46060,,,,,,,,,,,,,,9.886105,1.125725,-3.187148,-0.103487,-1.313011,0.551927,-0.419434,0.033447,0.580322,0.098826,0.011558,-0.031872,0.999996,0.001249,0.000149,0.002643,100133.0000,0.271843,0.037420,0.961614,0.193813,-0.980898,-0.016619,0.942623,0.190892,-0.273902,,,0.000000,,,,0.00,,,
46061,,,,,,,,,,,,,,9.910876,1.321334,-3.284064,-0.142403,-1.581446,0.590913,-0.426025,0.035645,0.591553,0.099064,0.013507,-0.032857,0.999996,0.001569,0.000376,0.002447,,0.272088,0.032477,0.961724,0.195442,-0.980464,-0.022184,0.942216,0.193997,-0.273120,,,0.000000,,,,0.00,,,
46062,,,,,,,,,,,,,,9.849307,1.565164,-3.294871,-0.114735,-1.870347,0.521872,-0.429932,0.031494,0.598145,0.098440,0.015930,-0.032974,0.999996,0.001764,0.000536,0.002238,100131.0000,0.272174,0.028955,0.961812,0.197544,-0.979938,-0.026401,0.941752,0.197186,-0.272434,,,0.000000,,,,0.00,,,
46063,,,,,,,,,,,,,,9.753479,1.816778,-3.326189,-0.117678,-2.180020,0.420982,-0.430176,0.035645,0.606934,0.097477,0.018429,-0.033287,0.999996,0.001879,0.000610,0.002034,,0.271836,0.024729,0.962026,0.199977,-0.979299,-0.031334,0.941336,0.200901,-0.271154,,,0.000000,,,,0.00,,,
46064,,,,,,,,,,,,,,9.669938,2.172471,-3.328941,-0.065497,-2.569546,0.321517,-0.434326,0.033447,0.602539,0.096640,0.021976,-0.033295,0.999996,0.002085,0.000534,0.001879,100142.0000,0.271800,0.022020,0.962102,0.202876,-0.978582,-0.034917,0.940726,0.204678,-0.270446,,,0.000000,,,,0.00,,,
46065,,,,,,,,,,,,,,9.567877,2.529563,-3.387786,-0.068679,-2.982628,0.213231,-0.440918,0.035645,0.606934,0.095616,0.025547,-0.033866,0.999996,0.002164,0.000448,0.001866,,0.271724,0.018186,0.962203,0.205933,-0.977762,-0.039675,0.940084,0.208930,-0.269426,,,0.000000,,,,0.00,,,
46066,,,,,,,,,,,,,,9.487910,2.880155,-3.340621,0.037589,-3.352352,0.098699,-0.451660,0.037598,0.615723,0.094807,0.029057,-0.033390,0.999996,0.002110,0.000478,0.001947,100134.0000,0.271836,0.015531,0.962218,0.208834,-0.976995,-0.043228,0.939411,0.212695,-0.268826,,,0.000000,,,,0.00,,,
46067,,,,,,,,,,,,,,9.513117,3.244456,-3.304216,0.166704,-3.749337,0.079641,-0.447266,0.035645,0.626953,0.095057,0.032703,-0.033002,0.999996,0.001886,0.000222,0.002061,,0.272287,0.011413,0.962148,0.211256,-0.976241,-0.048204,0.938739,0.216385,-0.268229,,,0.000000,,,,0.00,,,
46068,,,,,,,,,,,,,,9.833496,3.628207,-3.475328,0.192919,-4.188880,0.402754,-0.455811,0.037598,0.626953,0.098262,0.036538,-0.034689,0.999997,0.001432,-0.000119,0.002103,100126.0000,0.273582,0.008930,0.961807,0.212788,-0.975742,-0.051467,0.938016,0.218741,-0.268846,,,0.000000,,,,0.00,,,
46069,,,,,,,,,,,,,,10.182648,3.825709,-3.502918,0.319416,-4.431014,0.716162,-0.464111,0.031250,0.635986,0.101745,0.038496,-0.035003,0.999998,0.000851,0.000061,0.002055,,0.274346,0.004896,0.961618,0.213258,-0.975397,-0.055876,0.937686,0.220403,-0.268641,,,0.000000,,,,0.00,,,
46070,,,,,,,,,,,,,,10.029378,3.777604,-3.255901,0.503803,-4.354857,0.494632,-0.461914,0.029053,0.638184,0.100202,0.037984,-0.032599,0.999998,0.000522,0.000598,0.001906,100140.0000,0.274182,0.002741,0.961674,0.213186,-0.975288,-0.058002,0.937750,0.220918,-0.267991,,,0.000000,,,,0.00,,,
46071,,,,,,,,,,,,,,9.592654,3.664801,-2.741870,0.833236,-4.171416,-0.072436,-0.474365,0.022705,0.645020,0.095840,0.036810,-0.027505,0.999998,0.000316,0.001019,0.001601,,0.272956,-0.000829,0.962026,0.212904,-0.975151,-0.061248,0.938172,0.221538,-0.265996,,,0.000000,,,,0.00,,,
46072,,,,,,,,,,,,,,9.295303,3.580330,-2.327320,1.108225,-4.008348,-0.466954,-0.478760,0.022705,0.653809,0.092883,0.035921,-0.023371,0.999999,-0.000073,0.001023,0.001280,100128.0000,0.271659,-0.001725,0.962392,0.212066,-0.975311,-0.061609,0.938738,0.220828,-0.264587,,,0.000000,,,,0.00,,,
46073,,,,,,,,,,,,,,9.340508,3.205019,-2.107591,1.228811,-3.616461,-0.465477,-0.485107,0.020752,0.658203,0.093357,0.032119,-0.021182,0.999999,-0.000472,0.000977,0.000843,,0.270183,-0.003797,0.962801,0.210723,-0.975515,-0.062980,0.939466,0.219901,-0.262768,,,0.000000,,,,0.00,,,
46074,,,,,,,,,,,,,,9.672673,3.151500,-2.179339,1.219032,-3.571154,-0.117181,-0.495605,0.018555,0.665039,0.096700,0.031523,-0.021902,0.999999,-0.000511,0.000960,0.000197,100133.0000,0.268441,-0.002383,0.963293,0.209656,-0.975881,-0.060839,0.940204,0.218292,-0.261467,,,0.000000,,,,0.00,,,
46075,,,,,,,,,,,,,,10.065035,3.240661,-2.415559,1.097454,-3.709255,0.320363,-0.499756,0.014160,0.669434,0.100645,0.032334,-0.024273,0.999999,-0.000878,0.000887,-0.000511,,0.266561,-0.001767,0.963816,0.208280,-0.976264,-0.059394,0.941044,0.216576,-0.259866,,,0.000000,,,,0.00,,,
46076,,,,,,,,,,,,,,10.308860,3.064863,-2.715566,0.808948,-3.560772,0.661404,-0.501709,0.014160,0.676270,0.103089,0.030484,-0.027339,0.999997,-0.001396,0.001362,-0.001232,100130.0000,0.263376,0.002409,0.964690,0.206306,-0.977003,-0.053885,0.942375,0.213214,-0.257817,,,0.000000,,,,0.00,,,
46077,,,,,,,,,,,,,,10.138950,2.883906,-2.489428,0.890553,-3.306134,0.462937,-0.509766,0.003662,0.680664,0.101394,0.028601,-0.025149,0.999995,-0.001404,0.002115,-0.001998,,0.258567,0.005424,0.965978,0.204702,-0.977582,-0.049305,0.944055,0.210486,-0.253880,,,0.000000,,,,0.00,,,
46078,,,,,,,,,,,,,,9.835640,2.916146,-2.181108,1.047755,-3.206858,0.118005,-0.520264,-0.000488,0.689697,0.098386,0.028853,-0.022086,0.999992,-0.001464,0.002364,-0.002810,100138.0000,0.252787,0.012396,0.967443,0.203372,-0.978259,-0.040605,0.945906,0.207015,-0.249812,,,0.000000,,,,0.00,,,
46079,,,,,,,,,,,,,,9.820749,2.896476,-2.133213,1.018587,-3.120248,0.117719,-0.530762,-0.007080,0.687500,0.098259,0.028563,-0.021632,0.999988,-0.002107,0.002436,-0.003623,,0.246711,0.018495,0.968913,0.201192,-0.979011,-0.032541,0.947975,0.202965,-0.245254,,,0.000000,,,,0.00,,,
46080,,,,,,,,,,,,,,9.830314,2.674486,-1.950183,1.071088,-2.765788,0.126787,-0.536377,-0.025879,0.694580,0.098364,0.026260,-0.019848,0.999983,-0.002595,0.002824,-0.004411,100133.0000,0.239355,0.028548,0.970512,0.198406,-0.979914,-0.020108,0.950444,0.197368,-0.240212,,,0.000000,,,,0.00,,,
46081,,,,,,,,,,,,,,9.747084,2.393923,-1.705438,1.143032,-2.356471,0.025201,-0.538330,-0.030273,0.694580,0.097541,0.023381,-0.017419,0.999978,-0.002727,0.003078,-0.005241,,0.231434,0.037629,0.972123,0.195683,-0.980629,-0.008628,0.952967,0.192225,-0.234314,,,0.000000,,,,0.00,,,
46082,,,,,,,,,,,,,,9.941581,2.273919,-1.620626,1.155346,-2.082463,0.235141,-0.548340,-0.042969,0.697021,0.099508,0.022081,-0.016544,0.999973,-0.002678,0.002792,-0.006170,100133.0000,0.223407,0.051245,0.973377,0.193367,-0.981100,0.007271,0.955352,0.186595,-0.229094,,,0.000000,,,,0.00,,,
46083,,,,,,,,,,,,,,10.241312,2.326853,-1.795154,0.978396,-2.021741,0.602404,-0.558594,-0.051514,0.699463,0.102528,0.022484,-0.018286,0.999967,-0.002991,0.002597,-0.007120,,0.215707,0.064270,0.974341,0.190773,-0.981376,0.022500,0.957641,0.181025,-0.223951,,,0.000000,,,,0.00,,,
46084,,,,,,,,,,,,,,10.525984,2.301369,-1.554320,1.164978,-1.755044,0.867575,-0.564453,-0.066162,0.699707,0.105388,0.022129,-0.015941,0.999959,-0.003303,0.003071,-0.007900,100139.0000,0.206473,0.081237,0.975074,0.187744,-0.981320,0.042002,0.960271,0.174392,-0.217868,,,0.000000,,,,0.00,,,
46085,,,,,,,,,,,,,,10.705174,1.821608,-1.065553,1.472753,-1.016650,0.950591,-0.570312,-0.076904,0.702148,0.107165,0.017262,-0.011080,0.999951,-0.003830,0.003336,-0.008511,,0.196896,0.096807,0.975633,0.183812,-0.981113,0.060255,0.963039,0.167469,-0.210972,,,0.000000,,,,0.00,,,
