// Start Time: Unknown
// Update Rate: 100.0Hz
// Filter Profile: human (46.1)
// Firmware Version: 4.6.0
PacketCounter,SampleTimeFine,Year,Month,Day,Second,UTC_Nano,UTC_Year,UTC_Month,UTC_Day,UTC_Hour,UTC_Minute,UTC_Second,UTC_Valid,Acc_X,Acc_Y,Acc_Z,FreeAcc_X,FreeAcc_Y,FreeAcc_Z,Mag_X,Mag_Y,Mag_Z,VelInc_X,VelInc_Y,VelInc_Z,OriInc_q0,OriInc_q1,OriInc_q2,OriInc_q3,Pressure,Mat[1][1],Mat[2][1],Mat[3][1],Mat[1][2],Mat[2][2],Mat[3][2],Mat[1][3],Mat[2][3],Mat[3][3],Latitude,Longitude,Altitude,Vel_X,Vel_Y,Vel_Z,Temperature,GyrTemp_X,GyrTemp_Y,GyrTemp_Z
47949,,,,,,,,,,,,,,-9.830268,-3.996527,0.899055,-0.000000,-0.000000,0.836826,0.718750,0.407959,0.449951,-0.098472,-0.039722,0.008167,0.999837,-0.012152,-0.013279,-0.001430,100119.0000,-0.016242,-0.380449,-0.924659,0.239844,0.896298,-0.372993,0.970675,-0.227832,0.076691,,,0.000000,,,,0.00,,,
47950,,,,,,,,,,,,,,-9.844446,-4.084765,0.814243,-0.064523,-0.127346,0.875537,0.729736,0.399658,0.436523,-0.098582,-0.040682,0.007236,0.999838,-0.011402,-0.013908,-0.000804,,0.004294,-0.382041,-0.924135,0.220438,0.901772,-0.371772,0.975392,-0.202118,0.088088,,,0.000000,,,,0.00,,,
47951,,,,,,,,,,,,,,-9.789389,-4.139068,0.607915,-0.453200,-0.085659,0.822996,0.740967,0.389404,0.427734,-0.097980,-0.041312,0.005121,0.999843,-0.010580,-0.014241,-0.000216,100113.0000,0.032045,-0.387761,-0.921203,0.199762,0.905565,-0.374230,0.979320,-0.172029,0.106479,,,0.000000,,,,0.00,,,
47952,,,,,,,,,,,,,,-9.804862,-4.182135,0.361603,-0.889047,-0.009083,0.815699,0.751709,0.385254,0.416504,-0.098075,-0.041829,0.002628,0.999851,-0.009773,-0.014239,0.000376,,0.059350,-0.393368,-0.917464,0.181519,0.908014,-0.377574,0.981595,-0.144128,0.125295,,,0.000000,,,,0.00,,,
47953,,,,,,,,,,,,,,-9.706260,-4.275176,0.143462,-1.306169,-0.080074,0.713169,0.769043,0.379150,0.400879,-0.097031,-0.042841,0.000482,0.999864,-0.008977,-0.013772,0.000993,100119.0000,0.086748,-0.395158,-0.914508,0.163738,0.911140,-0.378171,0.982682,-0.116934,0.143742,,,0.000000,,,,0.00,,,
47954,,,,,,,,,,,,,,-9.707371,-4.531130,0.129030,-1.525585,-0.295140,0.787490,0.780029,0.368652,0.389893,-0.097003,-0.045476,0.000432,0.999886,-0.008114,-0.012648,0.001753,,0.110156,-0.396319,-0.911481,0.147740,0.913403,-0.379300,0.982873,-0.092880,0.159169,,,0.000000,,,,0.00,,,
47955,,,,,,,,,,,,,,-9.607439,-4.809490,0.124557,-1.719856,-0.614810,0.775596,0.791260,0.356201,0.378906,-0.095968,-0.048318,0.000520,0.999911,-0.007016,-0.011080,0.002379,100115.0000,0.132599,-0.393785,-0.909588,0.133375,0.916434,-0.377305,0.982155,-0.071286,0.174039,,,0.000000,,,,0.00,,,
47956,,,,,,,,,,,,,,-9.480618,-4.902210,0.223928,-1.715866,-0.786224,0.694451,0.795654,0.350098,0.367920,-0.094687,-0.049276,0.001599,0.999929,-0.006046,-0.009894,0.002794,,0.150056,-0.390946,-0.908099,0.117803,0.919025,-0.376184,0.981634,-0.050528,0.183960,,,0.000000,,,,0.00,,,
47957,,,,,,,,,,,,,,-9.343561,-5.185387,0.381653,-1.689963,-1.160961,0.681645,0.795898,0.345947,0.358887,-0.093296,-0.052138,0.003303,0.999946,-0.005238,-0.008425,0.003243,100117.0000,0.167312,-0.385691,-0.907331,0.106498,0.921989,-0.372283,0.980135,-0.034342,0.195335,,,0.000000,,,,0.00,,,
47958,,,,,,,,,,,,,,-9.177864,-5.478311,0.462677,-1.640620,-1.508218,0.651148,0.811279,0.337646,0.354492,-0.091601,-0.055110,0.004243,0.999959,-0.004504,-0.006894,0.003778,,0.178593,-0.383644,-0.906047,0.089936,0.923362,-0.373248,0.979804,-0.014826,0.199409,,,0.000000,,,,0.00,,,
47959,,,,,,,,,,,,,,-9.085523,-5.562741,0.594758,-1.571292,-1.698991,0.603077,0.818115,0.325195,0.348145,-0.090660,-0.055978,0.005626,0.999966,-0.003906,-0.005946,0.004107,100113.0000,0.190937,-0.376153,-0.906671,0.080770,0.926553,-0.367392,0.978274,-0.003083,0.207295,,,0.000000,,,,0.00,,,
47960,,,,,,,,,,,,,,-9.009220,-5.718103,0.714019,-1.417211,-1.854611,0.623965,0.827148,0.312744,0.346191,-0.089888,-0.057534,0.006875,0.999970,-0.003660,-0.005288,0.004206,,0.200629,-0.375855,-0.904699,0.058108,0.926416,-0.371991,0.977942,0.022062,0.207706,,,0.000000,,,,0.00,,,
47961,,,,,,,,,,,,,,-8.898516,-5.728636,0.620982,-1.531794,-1.989355,0.486916,0.827148,0.310547,0.334961,-0.088777,-0.057633,0.005974,0.999972,-0.003605,-0.004989,0.004152,100117.0000,0.210824,-0.367879,-0.905659,0.049354,0.929307,-0.365995,0.976277,0.032463,0.214077,,,0.000000,,,,0.00,,,
47962,,,,,,,,,,,,,,-8.758772,-5.696904,0.530386,-1.515045,-1.962903,0.351124,0.827637,0.298096,0.328369,-0.087379,-0.057309,0.005075,0.999973,-0.003604,-0.004973,0.004100,,0.221808,-0.369981,-0.902173,0.018965,0.926681,-0.375370,0.974906,0.066150,0.212562,,,0.000000,,,,0.00,,,
47963,,,,,,,,,,,,,,-8.642412,-5.652822,0.590673,-1.464338,-2.041690,0.221311,0.834229,0.293945,0.333008,-0.086218,-0.056862,0.005702,0.999973,-0.003673,-0.004789,0.004117,100112.0000,0.231255,-0.361658,-0.903175,0.009946,0.929169,-0.369521,0.972842,0.076471,0.218472,,,0.000000,,,,0.00,,,
47964,,,,,,,,,,,,,,-8.521862,-5.669415,0.353470,-1.561518,-2.043087,0.100745,0.840820,0.285645,0.326416,-0.084988,-0.057047,0.003388,0.999975,-0.003770,-0.004248,0.004305,,0.241649,-0.365025,-0.899090,-0.025893,0.923794,-0.382014,0.970018,0.115593,0.213783,,,0.000000,,,,0.00,,,
47965,,,,,,,,,,,,,,-8.369803,-5.757270,0.339815,-1.547331,-2.268914,-0.026354,0.847900,0.273193,0.324463,-0.083445,-0.057945,0.003289,0.999975,-0.003706,-0.003867,0.004600,100117.0000,0.248862,-0.355584,-0.900904,-0.035330,0.926216,-0.375334,0.967894,0.125235,0.217937,,,0.000000,,,,0.00,,,
47966,,,,,,,,,,,,,,-8.229713,-5.927051,0.612340,-1.082578,-2.348484,0.013040,0.850342,0.264648,0.322266,-0.082007,-0.059668,0.006145,0.999975,-0.004067,-0.002681,0.005151,,0.256441,-0.358014,-0.897811,-0.075932,0.918540,-0.387968,0.963573,0.167663,0.208367,,,0.000000,,,,0.00,,,
47967,,,,,,,,,,,,,,-8.271206,-5.889759,0.542614,-1.131908,-2.406776,0.001680,0.850830,0.250244,0.324707,-0.082401,-0.059324,0.005508,0.999975,-0.004099,-0.001950,0.005445,100117.0000,0.259311,-0.347327,-0.901178,-0.086633,0.920969,-0.379883,0.961900,0.176580,0.208728,,,0.000000,,,,0.00,,,
47968,,,,,,,,,,,,,,-8.216314,-6.033914,0.740691,-0.716473,-2.409867,0.094023,0.857666,0.241699,0.322754,-0.081861,-0.060737,0.007490,0.999976,-0.004114,-0.002023,0.005234,,0.265963,-0.349847,-0.898260,-0.129615,0.910381,-0.392945,0.955230,0.220937,0.196782,,,0.000000,,,,0.00,,,
47969,,,,,,,,,,,,,,-8.275593,-6.268637,1.019979,-0.389574,-2.627821,0.275106,0.860352,0.227295,0.313965,-0.082457,-0.063058,0.010324,0.999977,-0.004285,-0.001764,0.005032,100116.0000,0.267970,-0.339881,-0.901484,-0.140479,0.911920,-0.385574,0.953131,0.229962,0.196621,,,0.000000,,,,0.00,,,
47970,,,,,,,,,,,,,,-8.234631,-6.241175,1.195851,-0.006369,-2.414192,0.304744,0.858643,0.214600,0.318604,-0.082072,-0.062740,0.012118,0.999978,-0.004441,-0.001439,0.004653,,0.274267,-0.343215,-0.898321,-0.184573,0.897987,-0.399439,0.943774,0.275359,0.182941,,,0.000000,,,,0.00,,,
47971,,,,,,,,,,,,,,-8.044028,-6.130631,1.364157,0.241435,-2.397954,0.104111,0.864990,0.214600,0.318604,-0.080192,-0.061591,0.013817,0.999981,-0.004301,-0.001104,0.004278,100119.0000,0.274725,-0.334913,-0.901310,-0.195031,0.898483,-0.393308,0.941536,0.283835,0.181517,,,0.000000,,,,0.00,,,
47972,,,,,,,,,,,,,,-7.907196,-6.022173,1.530154,0.600068,-2.109425,0.001662,0.869629,0.204346,0.314453,-0.078843,-0.060479,0.015467,0.999984,-0.003857,-0.000855,0.004007,,0.280600,-0.338917,-0.897997,-0.236309,0.882392,-0.406868,0.930280,0.326372,0.167510,,,0.000000,,,,0.00,,,
47973,,,,,,,,,,,,,,-7.817217,-6.002676,1.610423,0.747332,-2.145440,-0.087840,0.865723,0.197998,0.314453,-0.077961,-0.060265,0.016240,0.999988,-0.003150,-0.000687,0.003701,100111.0000,0.280098,-0.331933,-0.900759,-0.244239,0.882800,-0.401263,0.928382,0.332393,0.166199,,,0.000000,,,,0.00,,,
47974,,,,,,,,,,,,,,-7.715315,-6.054645,1.743885,1.060181,-1.987079,-0.109431,0.863770,0.191650,0.310059,-0.076962,-0.060761,0.017537,0.999992,-0.002368,-0.000586,0.003318,,0.285881,-0.336513,-0.897235,-0.278691,0.866643,-0.413837,0.916844,0.368360,0.153974,,,0.000000,,,,0.00,,,
47975,,,,,,,,,,,,,,-7.461066,-5.786322,1.911030,1.248018,-1.818428,-0.435234,0.865967,0.187500,0.319336,-0.074451,-0.058045,0.019183,0.999994,-0.001818,-0.000442,0.002904,100113.0000,0.285057,-0.331150,-0.899490,-0.283682,0.867236,-0.409177,0.915569,0.371808,0.153271,,,0.000000,,,,0.00,,,
47976,,,,,,,,,,,,,,-7.221493,-5.382854,1.969677,1.350164,-1.349181,-0.792635,0.866211,0.185547,0.314697,-0.072088,-0.053974,0.019763,0.999996,-0.001594,-0.000278,0.002453,,0.291104,-0.335830,-0.895811,-0.313222,0.851300,-0.420928,0.903964,0.403122,0.142627,,,0.000000,,,,0.00,,,
47977,,,,,,,,,,,,,,-7.233019,-5.173160,2.102734,1.426293,-1.139346,-0.859078,0.872803,0.177246,0.314941,-0.072229,-0.051855,0.021071,0.999996,-0.001487,-0.000469,0.002141,100120.0000,0.290602,-0.331805,-0.897472,-0.317154,0.851526,-0.417513,0.902753,0.405967,0.142221,,,0.000000,,,,0.00,,,
47978,,,,,,,,,,,,,,-7.196787,-5.011681,2.196099,1.516877,-0.825174,-0.938475,0.868652,0.175049,0.310547,-0.071881,-0.050236,0.021972,0.999996,-0.001400,-0.000822,0.002090,,0.297585,-0.335045,-0.893973,-0.340730,0.837455,-0.427285,0.891822,0.431757,0.135054,,,0.000000,,,,0.00,,,
47979,,,,,,,,,,,,,,-7.173226,-4.830230,2.223229,1.498779,-0.696254,-1.037845,0.862549,0.166748,0.312744,-0.071652,-0.048431,0.022211,0.999996,-0.001262,-0.001147,0.002189,100115.0000,0.298130,-0.330384,-0.895525,-0.344282,0.837818,-0.423710,0.890274,0.434634,0.136033,,,0.000000,,,,0.00,,,
47980,,,,,,,,,,,,,,-7.270962,-4.854679,2.258514,1.521740,-0.562268,-0.929910,0.871338,0.164551,0.310547,-0.072630,-0.048692,0.022530,0.999995,-0.001133,-0.001519,0.002347,,0.306178,-0.330386,-0.892804,-0.363230,0.826349,-0.430360,0.879954,0.456061,0.133004,,,0.000000,,,,0.00,,,
47981,,,,,,,,,,,,,,-7.279772,-4.836770,2.291677,1.545724,-0.566568,-0.928386,0.871338,0.160400,0.312988,-0.072715,-0.048531,0.022834,0.999995,-0.000980,-0.001788,0.002551,100116.0000,0.307460,-0.324532,-0.894510,-0.366519,0.827124,-0.426063,0.878141,0.458852,0.135360,,,0.000000,,,,0.00,,,
47982,,,,,,,,,,,,,,-7.296372,-4.943691,2.245792,1.538728,-0.604340,-0.869108,0.875977,0.152100,0.306396,-0.072870,-0.049625,0.022348,0.999994,-0.000641,-0.001947,0.002778,,0.314954,-0.322015,-0.892810,-0.381378,0.818461,-0.429736,0.869112,0.475845,0.134968,,,0.000000,,,,0.00,,,
47983,,,,,,,,,,,,,,-7.304954,-5.087862,2.141794,1.500161,-0.820015,-0.817532,0.880371,0.152100,0.302002,-0.072944,-0.051088,0.021277,0.999994,-0.000117,-0.002017,0.002906,100122.0000,0.316235,-0.315330,-0.894742,-0.383415,0.820202,-0.424573,0.867749,0.477322,0.138474,,,0.000000,,,,0.00,,,
47984,,,,,,,,,,,,,,-7.419480,-5.364456,2.052635,1.477092,-1.018468,-0.602912,0.884521,0.152100,0.302002,-0.074074,-0.053880,0.020344,0.999993,0.000661,-0.001979,0.002991,,0.323674,-0.311849,-0.893300,-0.393250,0.814376,-0.426785,0.860575,0.489430,0.140958,,,0.000000,,,,0.00,,,
47985,,,,,,,,,,,,,,-7.579262,-5.761269,1.871044,1.417964,-1.448244,-0.324286,0.878662,0.137451,0.297607,-0.075654,-0.057865,0.018489,0.999993,0.001489,-0.001786,0.002973,100119.0000,0.324413,-0.305251,-0.895309,-0.392614,0.817667,-0.421042,0.860588,0.488102,0.145416,,,0.000000,,,,0.00,,,
47986,,,,,,,,,,,,,,-7.665165,-6.159492,1.696584,1.377935,-1.819931,-0.098724,0.878662,0.139648,0.290771,-0.076496,-0.061860,0.016698,0.999992,0.002449,-0.001524,0.002928,,0.330644,-0.301961,-0.894144,-0.398355,0.814241,-0.422284,0.855563,0.495813,0.148936,,,0.000000,,,,0.00,,,
47987,,,,,,,,,,,,,,-7.870089,-6.601036,1.547046,1.340257,-2.273919,0.234087,0.887451,0.131348,0.286621,-0.078535,-0.066280,0.015156,0.999990,0.003280,-0.001244,0.002796,100118.0000,0.330557,-0.296168,-0.896112,-0.394585,0.819151,-0.416286,0.857341,0.491199,0.153913,,,0.000000,,,,0.00,,,
47988,,,,,,,,,,,,,,-8.012814,-6.986924,1.484102,1.362845,-2.562795,0.521666,0.887451,0.133301,0.286377,-0.079965,-0.070130,0.014487,0.999989,0.003906,-0.001003,0.002543,,0.337126,-0.294146,-0.894329,-0.398478,0.816072,-0.418618,0.852972,0.497498,0.157909,,,0.000000,,,,0.00,,,
47989,,,,,,,,,,,,,,-7.965851,-7.179776,1.243335,1.218845,-2.939166,0.503555,0.887451,0.133301,0.293213,-0.079507,-0.072028,0.012064,0.999988,0.004399,-0.000659,0.002223,100117.0000,0.336495,-0.289855,-0.895966,-0.392457,0.821718,-0.413228,0.856007,0.490677,0.162749,,,0.000000,,,,0.00,,,
47990,,,,,,,,,,,,,,-7.979442,-7.309626,1.138430,1.146151,-3.067642,0.563891,0.893799,0.133545,0.281982,-0.079661,-0.073299,0.011004,0.999986,0.004841,-0.000324,0.001864,,0.342395,-0.289787,-0.893750,-0.395118,0.818632,-0.416801,0.852436,0.495847,0.165796,,,0.000000,,,,0.00,,,
47991,,,,,,,,,,,,,,-7.925872,-7.403861,1.041117,1.076767,-3.283007,0.520868,0.891602,0.133545,0.286621,-0.079156,-0.074201,0.010033,0.999986,0.005071,-0.000031,0.001395,100116.0000,0.341357,-0.287465,-0.894896,-0.387406,0.824425,-0.412603,0.856383,0.487533,0.170058,,,0.000000,,,,0.00,,,
47992,,,,,,,,,,,,,,-7.940296,-7.476325,0.870845,0.920495,-3.367156,0.556332,0.887451,0.131348,0.279785,-0.079339,-0.074873,0.008344,0.999987,0.005117,0.000233,0.000833,,0.347844,-0.290202,-0.891508,-0.389978,0.819940,-0.419065,0.852597,0.493438,0.172039,,,0.000000,,,,0.00,,,
47993,,,,,,,,,,,,,,-7.919300,-7.459904,0.780242,0.793799,-3.455819,0.502401,0.891602,0.137695,0.284180,-0.079170,-0.074658,0.007462,0.999987,0.005082,0.000486,0.000261,100113.0000,0.346813,-0.290248,-0.891895,-0.381471,0.825063,-0.416834,0.856855,0.484796,0.175421,,,0.000000,,,,0.00,,,
47994,,,,,,,,,,,,,,-7.765716,-7.340256,0.737971,0.736573,-3.335683,0.339193,0.889160,0.141846,0.281738,-0.077681,-0.073407,0.007079,0.999988,0.004863,0.000723,-0.000391,,0.353749,-0.295424,-0.887461,-0.385343,0.818517,-0.426075,0.852275,0.492701,0.175710,,,0.000000,,,,0.00,,,
47995,,,,,,,,,,,,,,-7.695052,-7.114840,0.698778,0.589323,-3.211737,0.170312,0.893311,0.145996,0.281738,-0.077022,-0.071095,0.006740,0.999989,0.004470,0.000904,-0.001095,100116.0000,0.353039,-0.298104,-0.886847,-0.376932,0.822237,-0.426437,0.856321,0.484830,0.177917,,,0.000000,,,,0.00,,,
47996,,,,,,,,,,,,,,-7.487766,-6.849852,0.572908,0.425319,-3.002377,-0.111143,0.893066,0.152344,0.281738,-0.074996,-0.068385,0.005537,0.999990,0.003988,0.001073,-0.001815,,0.360371,-0.306151,-0.881138,-0.381167,0.813816,-0.438651,0.851378,0.493938,0.176581,,,0.000000,,,,0.00,,,
47997,,,,,,,,,,,,,,-7.337960,-6.444823,0.540947,0.250101,-2.719781,-0.420455,0.890869,0.156494,0.286133,-0.073531,-0.064286,0.005280,0.999990,0.003485,0.001292,-0.002454,100116.0000,0.360018,-0.311419,-0.879435,-0.373452,0.815721,-0.441738,0.854939,0.487460,0.177374,,,0.000000,,,,0.00,,,
47998,,,,,,,,,,,,,,-7.272453,-6.152921,0.526592,0.124411,-2.373232,-0.572756,0.884033,0.164795,0.281494,-0.072904,-0.061322,0.005192,0.999989,0.003059,0.001559,-0.003057,,0.367541,-0.321545,-0.872653,-0.378549,0.805355,-0.456184,0.849479,0.498008,0.174281,,,0.000000,,,,0.00,,,
47999,,,,,,,,,,,,,,-7.188633,-5.760645,0.523394,-0.034933,-2.042926,-0.814891,0.892334,0.170898,0.292480,-0.072079,-0.057367,0.005211,0.999988,0.002768,0.001886,-0.003525,100117.0000,0.366973,-0.329092,-0.870074,-0.371247,0.805803,-0.461364,0.852940,0.492321,0.173534,,,0.000000,,,,0.00,,,
48000,,,,,,,,,,,,,,-7.155290,-5.482019,0.612548,-0.077124,-1.640071,-0.928443,0.883545,0.179443,0.294678,-0.071748,-0.054562,0.006145,0.999987,0.002517,0.002185,-0.003813,,0.373674,-0.340513,-0.862797,-0.376092,0.794667,-0.476508,0.847893,0.502550,0.168883,,,0.000000,,,,0.00,,,
48001,,,,,,,,,,,,,,-7.154747,-5.204030,0.675012,-0.156848,-1.329387,-1.041386,0.885010,0.191895,0.298828,-0.071738,-0.051770,0.006802,0.999986,0.002402,0.002468,-0.003995,100119.0000,0.372457,-0.349328,-0.859794,-0.369030,0.794311,-0.482584,0.851524,0.497031,0.166934,,,0.000000,,,,0.00,,,
48002,,,,,,,,,,,,,,-7.244866,-5.012492,0.630713,-0.322576,-1.025802,-1.046033,0.884766,0.197998,0.301025,-0.072634,-0.049845,0.006386,0.999985,0.002496,0.002800,-0.004077,,0.377477,-0.361243,-0.852651,-0.372365,0.783835,-0.496937,0.847853,0.505080,0.161365,,,0.000000,,,,0.00,,,
48003,,,,,,,,,,,,,,-7.301909,-4.845130,0.585504,-0.464788,-0.830586,-1.081727,0.873779,0.206299,0.305420,-0.073199,-0.048167,0.005953,0.999982,0.002823,0.003201,-0.004114,100121.0000,0.375067,-0.370904,-0.849562,-0.364469,0.783655,-0.503037,0.852342,0.498311,0.158740,,,0.000000,,,,0.00,,,
48004,,,,,,,,,,,,,,-7.381035,-4.818195,0.559219,-0.548659,-0.657995,-1.022181,0.875488,0.216797,0.309814,-0.073987,-0.047897,0.005702,0.999980,0.003300,0.003626,-0.004108,,0.378137,-0.383213,-0.842710,-0.364999,0.774844,-0.516133,0.850757,0.502757,0.153125,,,0.000000,,,,0.00,,,
48005,,,,,,,,,,,,,,-7.439158,-4.782791,0.526319,-0.626085,-0.555894,-0.992724,0.866943,0.223145,0.316406,-0.074564,-0.047545,0.005384,0.999976,0.003879,0.004106,-0.004078,100112.0000,0.374064,-0.393627,-0.839722,-0.355308,0.775540,-0.521817,0.856640,0.493554,0.150243,,,0.000000,,,,0.00,,,
48006,,,,,,,,,,,,,,-7.507358,-4.776969,0.534851,-0.663283,-0.393094,-0.931750,0.866211,0.235596,0.320557,-0.075241,-0.047489,0.005483,0.999971,0.004471,0.004615,-0.004053,,0.374551,-0.406333,-0.833430,-0.352733,0.768834,-0.533361,0.857491,0.493749,0.144640,,,0.000000,,,,0.00,,,
48007,,,,,,,,,,,,,,-7.584979,-4.810976,0.552691,-0.674148,-0.308655,-0.844259,0.863770,0.246094,0.329346,-0.076016,-0.047829,0.005667,0.999967,0.004984,0.004991,-0.004063,100113.0000,0.368774,-0.417457,-0.830503,-0.341130,0.770350,-0.538694,0.864659,0.481966,0.141678,,,0.000000,,,,0.00,,,
48008,,,,,,,,,,,,,,-7.625132,-4.936629,0.545372,-0.665134,-0.269974,-0.741048,0.859131,0.256348,0.338135,-0.076425,-0.049080,0.005597,0.999964,0.005246,0.005252,-0.004131,,0.367270,-0.430512,-0.824483,-0.335929,0.765201,-0.549199,0.867332,0.478672,0.136414,,,0.000000,,,,0.00,,,
48009,,,,,,,,,,,,,,-7.635948,-4.943191,0.552047,-0.668917,-0.194273,-0.726326,0.843750,0.266846,0.340332,-0.076536,-0.049142,0.005663,0.999963,0.005305,0.005285,-0.004185,100113.0000,0.360824,-0.441915,-0.821290,-0.323640,0.766561,-0.554654,0.874679,0.465935,0.133572,,,0.000000,,,,0.00,,,
48010,,,,,,,,,,,,,,-7.675121,-4.952475,0.538741,-0.702993,-0.072915,-0.689928,0.845459,0.275146,0.349121,-0.076934,-0.049225,0.005524,0.999964,0.005211,0.005124,-0.004266,,0.358692,-0.454596,-0.815281,-0.317557,0.761879,-0.564533,0.877780,0.461391,0.128920,,,0.000000,,,,0.00,,,
48011,,,,,,,,,,,,,,-7.687795,-4.918583,0.454530,-0.801751,-0.004033,-0.710055,0.836914,0.281250,0.353516,-0.077069,-0.048872,0.004679,0.999966,0.005013,0.004923,-0.004376,100113.0000,0.352744,-0.465751,-0.811571,-0.305610,0.762416,-0.570372,0.884406,0.449220,0.126600,,,0.000000,,,,0.00,,,
48012,,,,,,,,,,,,,,-7.784548,-4.836410,0.303990,-1.007857,0.149904,-0.699859,0.836182,0.295898,0.353271,-0.078046,-0.048030,0.003178,0.999967,0.004799,0.004738,-0.004473,,0.350934,-0.477785,-0.805337,-0.299636,0.757519,-0.579985,0.887166,0.444844,0.122677,,,0.000000,,,,0.00,,,
48013,,,,,,,,,,,,,,-7.917207,-4.790381,0.175909,-1.192308,0.275925,-0.638676,0.831299,0.310547,0.361816,-0.079384,-0.047545,0.001904,0.999968,0.004681,0.004642,-0.004632,100118.0000,0.345392,-0.488877,-0.801064,-0.288076,0.757152,-0.586287,0.893150,0.433267,0.120680,,,0.000000,,,,0.00,,,
48014,,,,,,,,,,,,,,-8.094081,-4.714373,0.041365,-1.408690,0.479401,-0.564650,0.828857,0.321045,0.366211,-0.081163,-0.046757,0.000572,0.999967,0.004704,0.004672,-0.004794,,0.342707,-0.501165,-0.794598,-0.280717,0.752544,-0.595714,0.896521,0.427213,0.117217,,,0.000000,,,,0.00,,,
48015,,,,,,,,,,,,,,-8.185545,-4.700554,-0.085132,-1.565990,0.578367,-0.521943,0.817627,0.335449,0.368164,-0.082089,-0.046598,-0.000678,0.999964,0.004905,0.004906,-0.004928,100116.0000,0.336589,-0.512710,-0.789833,-0.268544,0.751678,-0.602382,0.902547,0.414860,0.115321,,,0.000000,,,,0.00,,,
48016,,,,,,,,,,,,,,-8.252837,-4.682265,-0.218911,-1.720406,0.694462,-0.504743,0.808838,0.339600,0.379395,-0.082776,-0.046392,-0.001997,0.999960,0.005203,0.005253,-0.005083,,0.331938,-0.525481,-0.783382,-0.259497,0.747558,-0.611406,0.906906,0.406235,0.111782,,,0.000000,,,,0.00,,,
48017,,,,,,,,,,,,,,-8.354905,-4.693705,-0.279136,-1.809218,0.824534,-0.434040,0.795654,0.352051,0.379150,-0.083809,-0.046483,-0.002575,0.999955,0.005523,0.005664,-0.005250,100119.0000,0.324281,-0.537846,-0.778180,-0.245998,0.746384,-0.618382,0.913415,0.391960,0.109729,,,0.000000,,,,0.00,,,
48018,,,,,,,,,,,,,,-8.433796,-4.797842,-0.324417,-1.845682,0.902953,-0.324254,0.794922,0.373047,0.385498,-0.084617,-0.047499,-0.002997,0.999950,0.005694,0.006134,-0.005464,,0.317472,-0.551161,-0.771644,-0.235853,0.742274,-0.627218,0.918469,0.381118,0.105658,,,0.000000,,,,0.00,,,
48019,,,,,,,,,,,,,,-8.440347,-4.826735,-0.343428,-1.852936,1.002894,-0.314572,0.786377,0.373047,0.396729,-0.084702,-0.047759,-0.003161,0.999946,0.005742,0.006484,-0.005782,100117.0000,0.308162,-0.564574,-0.765697,-0.221649,0.740108,-0.634911,0.925153,0.365371,0.102936,,,0.000000,,,,0.00,,,
48020,,,,,,,,,,,,,,-8.332660,-4.903953,-0.323773,-1.768949,1.035435,-0.358379,0.782959,0.402100,0.398438,-0.083648,-0.048506,-0.002954,0.999941,0.005763,0.006757,-0.006180,,0.299367,-0.578872,-0.758476,-0.210364,0.735328,-0.644235,0.930659,0.352419,0.098359,,,0.000000,,,,0.00,,,
48021,,,,,,,,,,,,,,-8.403712,-5.055657,-0.237147,-1.667847,1.136591,-0.212535,0.767822,0.410400,0.411621,-0.084387,-0.049981,-0.002074,0.999939,0.005523,0.006821,-0.006683,100113.0000,0.289345,-0.593373,-0.751124,-0.196114,0.731297,-0.653256,0.936920,0.336322,0.095228,,,0.000000,,,,0.00,,,
48022,,,,,,,,,,,,,,-8.597265,-5.192217,-0.101705,-1.547470,1.358111,0.017935,0.748291,0.420654,0.416016,-0.086354,-0.051289,-0.000700,0.999939,0.004914,0.006615,-0.007293,,0.280018,-0.608614,-0.742414,-0.185332,0.724532,-0.663857,0.941935,0.323484,0.090086,,,0.000000,,,,0.00,,,
48023,,,,,,,,,,,,,,-8.812244,-5.297511,0.116544,-1.369207,1.649015,0.243968,0.739014,0.439453,0.417725,-0.088532,-0.052277,0.001497,0.999942,0.003988,0.006119,-0.007965,100116.0000,0.271318,-0.623976,-0.732830,-0.173407,0.717241,-0.674904,0.946740,0.310191,0.086398,,,0.000000,,,,0.00,,,
48024,,,,,,,,,,,,,,-9.022255,-5.333083,0.346393,-1.177199,2.009923,0.411512,0.729736,0.458252,0.424316,-0.090662,-0.052555,0.003793,0.999944,0.002836,0.005293,-0.008682,,0.264122,-0.639626,-0.721885,-0.165514,0.707301,-0.687262,0.950181,0.301004,0.080947,,,0.000000,,,,0.00,,,
48025,,,,,,,,,,,,,,-9.184459,-5.241337,0.494918,-1.085100,2.414546,0.437190,0.716309,0.470703,0.426270,-0.092302,-0.051569,0.005254,0.999947,0.001524,0.004170,-0.009243,100113.0000,0.259175,-0.655079,-0.709718,-0.157777,0.696239,-0.700255,0.952856,0.293465,0.077092,,,0.000000,,,,0.00,,,
48026,,,,,,,,,,,,,,-9.448165,-5.070778,0.602917,-1.059584,2.937133,0.463055,0.709473,0.481201,0.437256,-0.094948,-0.049791,0.006300,0.999949,0.000129,0.002925,-0.009678,,0.255623,-0.670048,-0.696916,-0.153727,0.683523,-0.713557,0.954476,0.289537,0.071720,,,0.000000,,,,0.00,,,
48027,,,,,,,,,,,,,,-9.765207,-5.021253,0.630997,-1.128771,3.397301,0.586864,0.698486,0.495605,0.437012,-0.098125,-0.049250,0.006521,0.999951,-0.001081,0.001609,-0.009752,100116.0000,0.255521,-0.684176,-0.683090,-0.150806,0.669691,-0.727167,0.954969,0.288821,0.067943,,,0.000000,,,,0.00,,,
48028,,,,,,,,,,,,,,-10.130287,-5.050093,0.666734,-1.183930,3.834569,0.792076,0.687256,0.506104,0.436768,-0.101778,-0.049514,0.006800,0.999952,-0.001908,0.000369,-0.009582,,0.255985,-0.696662,-0.670174,-0.150147,0.656206,-0.739493,0.954949,0.289924,0.063377,,,0.000000,,,,0.00,,,
48029,,,,,,,,,,,,,,-10.372636,-4.975249,0.670393,-1.289271,4.253293,0.819221,0.684814,0.514404,0.441162,-0.104184,-0.048776,0.006758,0.999954,-0.002540,-0.000683,-0.009221,100116.0000,0.260058,-0.708233,-0.656335,-0.150237,0.641766,-0.752041,0.953834,0.294180,0.060494,,,0.000000,,,,0.00,,,
48030,,,,,,,,,,,,,,-10.623298,-5.019009,0.643272,-1.392986,4.566889,0.941760,0.675781,0.526855,0.449707,-0.106676,-0.049237,0.006427,0.999956,-0.003113,-0.001499,-0.008754,,0.262759,-0.717850,-0.644708,-0.151236,0.629286,-0.762317,0.952935,0.297809,0.056786,,,0.000000,,,,0.00,,,
48031,,,,,,,,,,,,,,-10.811298,-5.105176,0.635917,-1.493585,4.823880,1.043065,0.671387,0.533203,0.445068,-0.108541,-0.050140,0.006298,0.999958,-0.003561,-0.002226,-0.008200,100117.0000,0.269496,-0.726713,-0.631870,-0.153652,0.615291,-0.773180,0.950664,0.305457,0.054157,,,0.000000,,,,0.00,,,
48032,,,,,,,,,,,,,,-10.918859,-5.062627,0.600138,-1.590298,5.056910,1.008932,0.664795,0.539307,0.449463,-0.109585,-0.049773,0.005890,0.999960,-0.003866,-0.002790,-0.007589,,0.273322,-0.733503,-0.622309,-0.156051,0.604562,-0.781123,0.949180,0.310610,0.050776,,,0.000000,,,,0.00,,,
48033,,,,,,,,,,,,,,-11.023649,-5.060384,0.461899,-1.820477,5.239720,0.984085,0.660156,0.543457,0.447266,-0.110599,-0.049818,0.004478,0.999962,-0.004134,-0.003153,-0.006945,100113.0000,0.281494,-0.739822,-0.611085,-0.160034,0.591721,-0.790098,0.946124,0.320202,0.048169,,,0.000000,,,,0.00,,,
48034,,,,,,,,,,,,,,-11.036126,-5.048543,0.410843,-1.896358,5.340843,0.926484,0.657959,0.547852,0.447021,-0.110685,-0.049780,0.003967,0.999966,-0.004315,-0.003235,-0.006222,,0.284695,-0.744275,-0.604155,-0.163157,0.583419,-0.795614,0.944631,0.325079,0.044663,,,0.000000,,,,0.00,,,
48035,,,,,,,,,,,,,,-10.924652,-5.055029,0.324407,-2.006571,5.341537,0.791399,0.649414,0.549805,0.449219,-0.109533,-0.049930,0.003146,0.999970,-0.004498,-0.002960,-0.005536,100123.0000,0.292113,-0.748719,-0.595055,-0.168448,0.572187,-0.802638,0.941432,0.334697,0.041023,,,0.000000,,,,0.00,,,
48036,,,,,,,,,,,,,,-10.825227,-5.041620,0.304945,-1.991230,5.337236,0.687038,0.646973,0.558105,0.451416,-0.108500,-0.049881,0.003019,0.999975,-0.004668,-0.002441,-0.004807,,0.292497,-0.751785,-0.590987,-0.172408,0.566429,-0.805874,0.940596,0.337607,0.036065,,,0.000000,,,,0.00,,,
48037,,,,,,,,,,,,,,-10.752895,-5.099454,0.431987,-1.866891,5.385227,0.643363,0.649170,0.556152,0.456055,-0.107740,-0.050540,0.004392,0.999978,-0.004973,-0.001672,-0.004015,100119.0000,0.297050,-0.755152,-0.584385,-0.179384,0.556980,-0.810922,0.937861,0.345714,0.029989,,,0.000000,,,,0.00,,,
48038,,,,,,,,,,,,,,-10.645953,-5.218935,0.560344,-1.635529,5.326444,0.667815,0.640625,0.555908,0.464844,-0.106629,-0.051821,0.005802,0.999981,-0.005270,-0.000702,-0.003176,,0.293125,-0.757360,-0.583510,-0.185217,0.553773,-0.811807,0.937962,0.346037,0.022049,,,0.000000,,,,0.00,,,
48039,,,,,,,,,,,,,,-10.492999,-5.277269,0.763934,-1.359090,5.325421,0.595399,0.634521,0.549561,0.471680,-0.105049,-0.052486,0.007975,0.999983,-0.005370,0.000508,-0.002332,100113.0000,0.293057,-0.760279,-0.579735,-0.193916,0.546490,-0.814706,0.936223,0.351175,0.012723,,,0.000000,,,,0.00,,,
48040,,,,,,,,,,,,,,-10.304981,-5.263379,0.919553,-1.037063,5.268219,0.478612,0.630127,0.549561,0.482910,-0.103113,-0.052425,0.009668,0.999983,-0.005250,0.001910,-0.001544,,0.282774,-0.762556,-0.581848,-0.200026,0.546389,-0.813295,0.938098,0.346363,0.001974,,,0.000000,,,,0.00,,,
48041,,,,,,,,,,,,,,-10.172932,-5.470570,1.125377,-0.672446,5.186846,0.547106,0.628174,0.543213,0.492188,-0.101732,-0.054570,0.011862,0.999982,-0.004891,0.003349,-0.000771,100115.0000,0.276805,-0.765715,-0.580569,-0.208772,0.541823,-0.814151,0.937973,0.346567,-0.009880,,,0.000000,,,,0.00,,,
48042,,,,,,,,,,,,,,-10.070009,-5.660765,1.412060,-0.146398,5.099404,0.647526,0.624023,0.541260,0.505615,-0.100633,-0.056537,0.014857,0.999979,-0.004417,0.004832,-0.000065,,0.259802,-0.768165,-0.585172,-0.213692,0.545223,-0.810597,0.941721,0.335641,-0.022501,,,0.000000,,,,0.00,,,
48043,,,,,,,,,,,,,,-9.910085,-5.707413,1.647583,0.278125,5.070964,0.565390,0.617920,0.536865,0.512451,-0.098960,-0.057071,0.017304,0.999974,-0.003713,0.006227,0.000603,100122.0000,0.247800,-0.771652,-0.585788,-0.221000,0.543681,-0.809673,0.943268,0.330096,-0.035810,,,0.000000,,,,0.00,,,
48044,,,,,,,,,,,,,,-9.836722,-5.892753,1.940662,0.851546,4.966915,0.668416,0.615723,0.539062,0.525879,-0.098152,-0.058977,0.020314,0.999967,-0.002894,0.007501,0.001096,,0.224961,-0.773890,-0.592019,-0.223314,0.550470,-0.804434,0.948432,0.313173,-0.048986,,,0.000000,,,,0.00,,,
48045,,,,,,,,,,,,,,-9.648357,-6.031730,2.210336,1.371377,4.842250,0.628901,0.605225,0.532715,0.543945,-0.096205,-0.060403,0.023056,0.999960,-0.002129,0.008560,0.001392,100113.0000,0.208069,-0.777623,-0.593304,-0.227964,0.551322,-0.802544,0.951178,0.302237,-0.062557,,,0.000000,,,,0.00,,,
48046,,,,,,,,,,,,,,-9.561410,-6.195335,2.507293,1.967462,4.690823,0.685456,0.594727,0.528320,0.550781,-0.095283,-0.062063,0.026039,0.999955,-0.001405,0.009211,0.001524,,0.181791,-0.779333,-0.599659,-0.227271,0.560010,-0.796703,0.956713,0.281119,-0.075315,,,0.000000,,,,0.00,,,
48047,,,,,,,,,,,,,,-9.476177,-6.372500,2.798884,2.504405,4.593919,0.716355,0.586182,0.526123,0.564453,-0.094388,-0.063851,0.028944,0.999954,-0.001003,0.009433,0.001633,100106.0000,0.162967,-0.782676,-0.600717,-0.229758,0.562012,-0.794578,0.959507,0.267509,-0.088237,,,0.000000,,,,0.00,,,
48048,,,,,,,,,,,,,,-9.415615,-6.526598,3.027864,3.021125,4.399569,0.767078,0.582031,0.521973,0.577881,-0.093755,-0.065407,0.031198,0.999955,-0.000794,0.009241,0.001764,,0.136276,-0.782955,-0.606969,-0.227102,0.571679,-0.788421,0.964289,0.245287,-0.099905,,,0.000000,,,,0.00,,,
48049,,,,,,,,,,,,,,-9.305117,-6.654089,3.194136,3.414467,4.244455,0.741343,0.573486,0.526123,0.589111,-0.092639,-0.066700,0.032792,0.999960,-0.000668,0.008693,0.001948,100113.0000,0.118603,-0.784874,-0.608200,-0.228890,0.574416,-0.785911,0.966200,0.232422,-0.111522,,,0.000000,,,,0.00,,,
48050,,,,,,,,,,,,,,-9.306355,-6.782781,3.384980,3.844992,4.066548,0.805647,0.562988,0.521973,0.595947,-0.092646,-0.068008,0.034620,0.999967,-0.000772,0.007737,0.002233,,0.095355,-0.782677,-0.615081,-0.226176,0.584701,-0.779082,0.969408,0.213406,-0.121268,,,0.000000,,,,0.00,,,
48051,,,,,,,,,,,,,,-9.251164,-6.895545,3.442655,4.087060,3.914912,0.815189,0.563232,0.515625,0.609375,-0.092114,-0.069153,0.035087,0.999976,-0.000931,0.006459,0.002497,100111.0000,0.081690,-0.782445,-0.617338,-0.228425,0.588222,-0.775769,0.970128,0.204388,-0.130678,,,0.000000,,,,0.00,,,
48052,,,,,,,,,,,,,,-9.080249,-6.792703,3.486796,4.287293,3.682004,0.618515,0.556885,0.509277,0.609619,-0.090444,-0.068136,0.035385,0.999984,-0.001092,0.004893,0.002730,,0.063231,-0.777797,-0.625327,-0.225062,0.599327,-0.768215,0.972291,0.189312,-0.137157,,,0.000000,,,,0.00,,,
48053,,,,,,,,,,,,,,-8.870726,-6.586846,3.468714,4.334315,3.579705,0.311882,0.557129,0.505127,0.616455,-0.088414,-0.066079,0.035032,0.999991,-0.001230,0.002984,0.002866,100116.0000,0.056129,-0.775468,-0.628887,-0.227797,0.603320,-0.764273,0.972090,0.186156,-0.142785,,,0.000000,,,,0.00,,,
48054,,,,,,,,,,,,,,-8.665859,-6.337095,3.402440,4.311851,3.401491,0.019400,0.561279,0.507080,0.623047,-0.086448,-0.063578,0.034171,0.999995,-0.001294,0.000746,0.002907,,0.046594,-0.768582,-0.638053,-0.224698,0.614312,-0.756394,0.973314,0.178613,-0.144076,,,0.000000,,,,0.00,,,
48055,,,,,,,,,,,,,,-8.447375,-6.021633,3.169785,4.042941,3.335914,-0.315749,0.567871,0.502930,0.623291,-0.084351,-0.060426,0.031626,0.999994,-0.001152,-0.001674,0.002913,100119.0000,0.048533,-0.764384,-0.642932,-0.227218,0.618365,-0.752328,0.972634,0.182599,-0.143670,,,0.000000,,,,0.00,,,
48056,,,,,,,,,,,,,,-8.268267,-5.702604,2.802902,3.623346,3.186630,-0.568420,0.580566,0.503174,0.623291,-0.082626,-0.057247,0.027742,0.999987,-0.000924,-0.004109,0.002989,,0.047878,-0.755566,-0.653320,-0.222154,0.629633,-0.744452,0.973835,0.180780,-0.137707,,,0.000000,,,,0.00,,,
48057,,,,,,,,,,,,,,-8.205378,-5.505428,2.361777,3.088693,3.133982,-0.655553,0.585205,0.496826,0.612061,-0.082026,-0.055300,0.023134,0.999974,-0.000811,-0.006438,0.003220,100114.0000,0.058971,-0.749097,-0.659831,-0.224078,0.634180,-0.740003,0.972785,0.191492,-0.130457,,,0.000000,,,,0.00,,,
48058,,,,,,,,,,,,,,-8.150975,-5.452039,1.855594,2.510149,2.888152,-0.595179,0.598145,0.494873,0.601074,-0.081474,-0.054787,0.017911,0.999958,-0.000760,-0.008421,0.003445,,0.066651,-0.737997,-0.671504,-0.218264,0.645917,-0.731541,0.973611,0.195323,-0.118027,,,0.000000,,,,0.00,,,
48059,,,,,,,,,,,,,,-8.162504,-5.489958,1.400856,1.948660,2.712209,-0.454653,0.611328,0.484375,0.594482,-0.081557,-0.055192,0.013225,0.999941,-0.000803,-0.010148,0.003723,100108.0000,0.084759,-0.729040,-0.679203,-0.220391,0.651056,-0.726329,0.971722,0.211253,-0.105491,,,0.000000,,,,0.00,,,
48060,,,,,,,,,,,,,,-8.303241,-5.576675,0.936313,1.371655,2.497743,-0.179595,0.628418,0.480469,0.587891,-0.082909,-0.056092,0.008452,0.999925,-0.000825,-0.011543,0.004013,,0.097934,-0.715780,-0.691424,-0.214122,0.663337,-0.717033,0.971885,0.218271,-0.088301,,,0.000000,,,,0.00,,,
48061,,,,,,,,,,,,,,-8.544134,-5.799364,0.508734,0.809148,2.320105,0.229822,0.647705,0.478516,0.574463,-0.085251,-0.058351,0.004060,0.999911,-0.000855,-0.012620,0.004227,100111.0000,0.120604,-0.704395,-0.699488,-0.216707,0.668955,-0.711012,0.968758,0.237335,-0.071968,,,0.000000,,,,0.00,,,
48062,,,,,,,,,,,,,,-8.750921,-5.927402,0.050663,0.194461,2.079093,0.548297,0.671387,0.472412,0.552002,-0.087248,-0.059653,-0.000608,0.999901,-0.000822,-0.013323,0.004339,,0.136719,-0.689682,-0.711088,-0.209992,0.681337,-0.701201,0.968097,0.245191,-0.051676,,,0.000000,,,,0.00,,,
48063,,,,,,,,,,,,,,-8.769847,-5.976639,-0.344651,-0.376051,1.814899,0.642393,0.686523,0.466064,0.541016,-0.087376,-0.060156,-0.004593,0.999897,-0.000815,-0.013667,0.004413,100111.0000,0.161256,-0.676666,-0.718415,-0.212882,0.686956,-0.694819,0.963679,0.264981,-0.033274,,,0.000000,,,,0.00,,,
48064,,,,,,,,,,,,,,-8.879464,-5.993011,-0.688974,-0.912782,1.575782,0.766246,0.699707,0.458008,0.520996,-0.088409,-0.060347,-0.008063,0.999896,-0.000587,-0.013644,0.004660,,0.178918,-0.660826,-0.728901,-0.206950,0.699003,-0.684519,0.961853,0.273318,-0.011694,,,0.000000,,,,0.00,,,
48065,,,,,,,,,,,,,,-8.999835,-5.912333,-0.973998,-1.419695,1.455643,0.806211,0.719238,0.451660,0.509766,-0.089561,-0.059575,-0.010919,0.999898,-0.000326,-0.013354,0.005000,100116.0000,0.202456,-0.646259,-0.735772,-0.209484,0.705360,-0.677189,0.956623,0.291233,0.007423,,,0.000000,,,,0.00,,,
48066,,,,,,,,,,,,,,-9.057410,-5.942201,-1.163503,-1.786665,1.192188,0.868175,0.740723,0.443604,0.489746,-0.090096,-0.059909,-0.012772,0.999905,-0.000126,-0.012678,0.005377,,0.217243,-0.629969,-0.745617,-0.202373,0.718195,-0.665764,0.954909,0.295525,0.028534,,,0.000000,,,,0.00,,,
48067,,,,,,,,,,,,,,-9.051452,-5.914066,-1.340384,-2.128673,0.957717,0.829099,0.760254,0.439453,0.476318,-0.090005,-0.059663,-0.014460,0.999915,0.000025,-0.011696,0.005796,100113.0000,0.237158,-0.614512,-0.752417,-0.204960,0.725429,-0.657073,0.949604,0.310045,0.046091,,,0.000000,,,,0.00,,,
48068,,,,,,,,,,,,,,-9.189101,-5.913501,-1.408925,-2.372806,0.790291,0.917376,0.773438,0.427002,0.456543,-0.091366,-0.059703,-0.015058,0.999926,0.000162,-0.010472,0.006230,,0.248576,-0.597821,-0.762116,-0.199282,0.738415,-0.644228,0.947891,0.312016,0.064417,,,0.000000,,,,0.00,,,
48069,,,,,,,,,,,,,,-9.171970,-5.839171,-1.464571,-2.559564,0.612691,0.837885,0.788818,0.416748,0.447754,-0.091195,-0.058989,-0.015489,0.999938,0.000329,-0.009021,0.006592,100109.0000,0.262992,-0.582305,-0.769257,-0.202033,0.746408,-0.634080,0.943407,0.322173,0.078655,,,0.000000,,,,0.00,,,
48070,,,,,,,,,,,,,,-9.147707,-5.820854,-1.546708,-2.732103,0.362713,0.787097,0.791504,0.404053,0.443359,-0.090960,-0.058820,-0.016178,0.999949,0.000602,-0.007411,0.006811,,0.269285,-0.566269,-0.778990,-0.197154,0.759324,-0.620126,0.942664,0.320571,0.092833,,,0.000000,,,,0.00,,,
48071,,,,,,,,,,,,,,-9.104448,-5.827556,-1.536764,-2.780863,0.145669,0.744560,0.804443,0.397949,0.429932,-0.090553,-0.058880,-0.015947,0.999960,0.001059,-0.005697,0.006842,100110.0000,0.277300,-0.552134,-0.786291,-0.198901,0.767666,-0.609202,0.939970,0.325326,0.103054,,,0.000000,,,,0.00,,,
48072,,,,,,,,,,,,,,-8.961253,-5.578599,-1.456119,-2.763965,0.095099,0.477800,0.811035,0.393799,0.427979,-0.089175,-0.056364,-0.015007,0.999968,0.001666,-0.003943,0.006753,,0.276444,-0.538800,-0.795785,-0.191041,0.780719,-0.594964,0.941850,0.316502,0.112892,,,0.000000,,,,0.00,,,
48073,,,,,,,,,,,,,,-8.818193,-5.410979,-1.399744,-2.732470,0.009363,0.263530,0.826416,0.383545,0.423584,-0.087789,-0.054657,-0.014331,0.999973,0.002370,-0.002324,0.006602,100111.0000,0.278303,-0.526958,-0.803033,-0.190241,0.789258,-0.583850,0.941465,0.315257,0.119404,,,0.000000,,,,0.00,,,
48074,,,,,,,,,,,,,,-8.673472,-5.139973,-1.292739,-2.655748,0.030330,-0.001256,0.830811,0.375244,0.421631,-0.086385,-0.051925,-0.013165,0.999973,0.003099,-0.000897,0.006536,,0.271852,-0.515915,-0.812360,-0.179180,0.802254,-0.569458,0.945511,0.300367,0.125652,,,0.000000,,,,0.00,,,
48075,,,,,,,,,,,,,,-8.608298,-4.951198,-1.098412,-2.488577,0.074707,-0.136754,0.837646,0.364746,0.419434,-0.085754,-0.050042,-0.011147,0.999971,0.003709,0.000253,0.006652,100111.0000,0.269010,-0.505324,-0.819928,-0.175760,0.811258,-0.557646,0.946965,0.294123,0.129421,,,0.000000,,,,0.00,,,
48076,,,,,,,,,,,,,,-8.490737,-4.846734,-0.937293,-2.310581,0.004362,-0.266915,0.831543,0.356445,0.417480,-0.084581,-0.049012,-0.009486,0.999966,0.004265,0.001126,0.006902,,0.260181,-0.493956,-0.829646,-0.164506,0.823999,-0.542184,0.951443,0.277548,0.133130,,,0.000000,,,,0.00,,,
48077,,,,,,,,,,,,,,-8.418311,-4.715272,-0.816212,-2.180746,-0.019674,-0.378154,0.836426,0.345947,0.422119,-0.083850,-0.047727,-0.008243,0.999961,0.004740,0.001721,0.007305,100116.0000,0.254537,-0.482776,-0.837937,-0.159237,0.833726,-0.528720,0.953863,0.268009,0.135338,,,0.000000,,,,0.00,,,
48078,,,,,,,,,,,,,,-8.302925,-4.717677,-0.736018,-2.051014,-0.205127,-0.459272,0.845215,0.337646,0.422363,-0.082677,-0.047779,-0.007429,0.999955,0.005095,0.002091,0.007732,,0.243976,-0.470126,-0.848208,-0.146572,0.846716,-0.511458,0.958641,0.249107,0.137671,,,0.000000,,,,0.00,,,
48079,,,,,,,,,,,,,,-8.209293,-4.735682,-0.631693,-1.901925,-0.380556,-0.514609,0.849609,0.333496,0.422363,-0.081718,-0.047990,-0.006380,0.999949,0.005375,0.002369,0.008158,100111.0000,0.237087,-0.457372,-0.857088,-0.140177,0.856904,-0.496050,0.961322,0.237751,0.139048,,,0.000000,,,,0.00,,,
48080,,,,,,,,,,,,,,-8.060307,-4.768481,-0.548885,-1.757471,-0.621701,-0.618611,0.858887,0.314697,0.420410,-0.080206,-0.048341,-0.005547,0.999944,0.005642,0.002656,0.008559,,0.226208,-0.442772,-0.867631,-0.127535,0.869589,-0.477022,0.965694,0.218560,0.140239,,,0.000000,,,,0.00,,,
48081,,,,,,,,,,,,,,-7.927868,-4.779365,-0.454686,-1.610063,-0.823659,-0.722730,0.863525,0.304199,0.418457,-0.078862,-0.048470,-0.004601,0.999939,0.005872,0.002903,0.008904,100119.0000,0.218388,-0.428417,-0.876793,-0.120138,0.879842,-0.459830,0.968439,0.205758,0.140678,,,0.000000,,,,0.00,,,
48082,,,,,,,,,,,,,,-7.741001,-4.818312,-0.434048,-1.517621,-1.111872,-0.880382,0.866211,0.291748,0.425293,-0.076982,-0.048857,-0.004392,0.999936,0.006041,0.003144,0.009075,,0.208712,-0.411662,-0.887115,-0.110364,0.891384,-0.439608,0.971730,0.189657,0.140610,,,0.000000,,,,0.00,,,
48083,,,,,,,,,,,,,,-7.561801,-4.842357,-0.324035,-1.347343,-1.343723,-1.031390,0.864502,0.277100,0.425781,-0.075181,-0.049094,-0.003294,0.999933,0.006203,0.003317,0.009170,100115.0000,0.200308,-0.396426,-0.895948,-0.102043,0.901066,-0.421505,0.974404,0.175856,0.140039,,,0.000000,,,,0.00,,,
48084,,,,,,,,,,,,,,-7.427768,-4.844514,-0.245115,-1.219694,-1.561742,-1.165590,0.873535,0.266602,0.425781,-0.073836,-0.049110,-0.002511,0.999933,0.006196,0.003286,0.009195,,0.191005,-0.378921,-0.905503,-0.092465,0.911439,-0.400910,0.977224,0.160303,0.139053,,,0.000000,,,,0.00,,,
48085,,,,,,,,,,,,,,-7.421561,-4.833057,-0.338454,-1.294365,-1.722730,-1.215746,0.871826,0.256104,0.432861,-0.073790,-0.048971,-0.003456,0.999937,0.006056,0.003026,0.008940,100116.0000,0.183507,-0.363466,-0.913355,-0.083963,0.919943,-0.382957,0.979426,0.146963,0.138299,,,0.000000,,,,0.00,,,
48086,,,,,,,,,,,,,,-7.321002,-4.844333,-0.293117,-1.215016,-1.929578,-1.330404,0.878418,0.247803,0.433105,-0.072794,-0.049059,-0.003020,0.999941,0.005963,0.002774,0.008689,,0.175944,-0.346260,-0.921492,-0.075252,0.928625,-0.363309,0.981520,0.133266,0.137329,,,0.000000,,,,0.00,,,
