// Start Time: Unknown
// Update Rate: 100.0Hz
// Filter Profile: human (46.1)
// Firmware Version: 4.6.0
PacketCounter,SampleTimeFine,Year,Month,Day,Second,UTC_Nano,UTC_Year,UTC_Month,UTC_Day,UTC_Hour,UTC_Minute,UTC_Second,UTC_Valid,Acc_X,Acc_Y,Acc_Z,FreeAcc_X,FreeAcc_Y,FreeAcc_Z,Mag_X,Mag_Y,Mag_Z,VelInc_X,VelInc_Y,VelInc_Z,Pressure,Mat[1][1],Mat[2][1],Mat[3][1],Mat[1][2],Mat[2][2],Mat[3][2],Mat[1][3],Mat[2][3],Mat[3][3],Latitude,Longitude,Altitude,Vel_X,Vel_Y,Vel_Z,Temperature,GyrTemp_X,GyrTemp_Y,GyrTemp_Z
21428,,,,,,,,,,,,,,9.682888,0.634508,1.336806,0.000000,0.000000,-0.017383,-0.910645,0.263916,0.020020,0.096828,0.006345,0.013373,99854.0000,-0.116495,-0.096246,0.988517,0.902099,-0.426641,0.064771,0.415508,0.899285,0.136525,,,0.000000,,,,0.00,,,
21429,,,,,,,,,,,,,,9.694908,0.629231,1.303951,-0.002963,-0.022607,-0.010293,-0.914551,0.257324,0.024658,0.096949,0.006291,0.013044,,-0.115166,-0.095079,0.988785,0.900386,-0.430436,0.063480,0.419573,0.897600,0.135180,,,0.000000,,,,0.00,,,
21430,,,,,,,,,,,,,,9.708511,0.610814,1.311351,-0.017845,-0.008531,0.002991,-0.914551,0.255371,0.020264,0.097085,0.006107,0.013117,99854.0000,-0.115154,-0.094998,0.988795,0.900380,-0.430445,0.063502,0.419590,0.897604,0.135101,,,0.000000,,,,0.00,,,
21431,,,,,,,,,,,,,,9.708578,0.611018,1.310763,-0.018032,-0.007533,0.002991,-0.912598,0.259521,0.024658,0.097086,0.006109,0.013110,,-0.115177,-0.094846,0.988807,0.900357,-0.430481,0.063582,0.419632,0.897602,0.134977,,,0.000000,,,,0.00,,,
21432,,,,,,,,,,,,,,9.683235,0.635037,1.334039,0.016503,0.005871,-0.017399,-0.912598,0.261719,0.018066,0.096832,0.006351,0.013343,99854.0000,-0.115130,-0.094804,0.988816,0.900369,-0.430460,0.063561,0.419620,0.897617,0.134917,,,0.000000,,,,0.00,,,
21433,,,,,,,,,,,,,,9.715849,0.624222,1.328982,0.001323,0.003128,0.013479,-0.910400,0.261719,0.022461,0.097158,0.006245,0.013290,,-0.115093,-0.094805,0.988820,0.900347,-0.430513,0.063519,0.419678,0.897592,0.134906,,,0.000000,,,,0.00,,,
21434,,,,,,,,,,,,,,9.696859,0.615717,1.341744,0.001625,0.020049,-0.004117,-0.916748,0.257324,0.020264,0.096968,0.006159,0.013419,99848.0000,-0.115049,-0.094788,0.988827,0.900358,-0.430494,0.063489,0.419666,0.897602,0.134871,,,0.000000,,,,0.00,,,
21435,,,,,,,,,,,,,,9.703279,0.583353,1.330624,-0.032604,0.023778,-0.001324,-0.914795,0.259521,0.024658,0.097033,0.005834,0.013307,,-0.115030,-0.094748,0.988833,0.900349,-0.430513,0.063486,0.419690,0.897598,0.134828,,,0.000000,,,,0.00,,,
21436,,,,,,,,,,,,,,9.703305,0.583520,1.330357,-0.032604,0.023778,-0.001324,-0.912598,0.261719,0.022461,0.097033,0.005833,0.013305,99853.0000,-0.115057,-0.094702,0.988834,0.900353,-0.430498,0.063532,0.419675,0.897609,0.134797,,,0.000000,,,,0.00,,,
21437,,,,,,,,,,,,,,9.691418,0.589548,1.362004,-0.012904,0.051791,-0.008436,-0.914795,0.261719,0.020264,0.096914,0.005892,0.013622,,-0.115113,-0.094582,0.988839,0.900334,-0.430523,0.063631,0.419699,0.897611,0.134714,,,0.000000,,,,0.00,,,
21438,,,,,,,,,,,,,,9.721494,0.652044,1.306444,0.015949,-0.027127,0.017796,-0.910645,0.263916,0.022461,0.097215,0.006516,0.013066,99852.0000,-0.115182,-0.094505,0.988839,0.900338,-0.430501,0.063730,0.419673,0.897629,0.134672,,,0.000000,,,,0.00,,,
21439,,,,,,,,,,,,,,9.683407,0.636640,1.332026,0.016583,0.006487,-0.017400,-0.914795,0.261719,0.018066,0.096834,0.006363,0.013321,,-0.115244,-0.094471,0.988835,0.900310,-0.430549,0.063794,0.419715,0.897610,0.134671,,,0.000000,,,,0.00,,,
21440,,,,,,,,,,,,,,9.696898,0.618844,1.340023,0.001702,0.020566,-0.004118,-0.916748,0.259521,0.018066,0.096969,0.006184,0.013401,99860.0000,-0.115316,-0.094420,0.988831,0.900313,-0.430530,0.063884,0.419690,0.897624,0.134654,,,0.000000,,,,0.00,,,
21441,,,,,,,,,,,,,,9.714295,0.641151,1.286527,-0.003373,-0.038575,0.007305,-0.916748,0.259521,0.026855,0.097143,0.006406,0.012869,,-0.115380,-0.094386,0.988827,0.900327,-0.430488,0.063963,0.419641,0.897648,0.134648,,,0.000000,,,,0.00,,,
21442,,,,,,,,,,,,,,9.715942,0.628745,1.326166,0.001400,0.002985,0.013479,-0.921143,0.261719,0.024658,0.097159,0.006285,0.013263,99852.0000,-0.115418,-0.094326,0.988828,0.900303,-0.430529,0.064016,0.419681,0.897634,0.134612,,,0.000000,,,,0.00,,,
21443,,,,,,,,,,,,,,9.721449,0.655955,1.304814,0.016014,-0.027051,0.017796,-0.912598,0.261719,0.018066,0.097215,0.006558,0.013049,,-0.115445,-0.094203,0.988837,0.900304,-0.430516,0.064096,0.419672,0.897653,0.134513,,,0.000000,,,,0.00,,,
21444,,,,,,,,,,,,,,9.717570,0.616227,1.366029,0.006212,0.045508,0.019649,-0.906250,0.263916,0.020264,0.097176,0.006162,0.013660,99852.0000,-0.115458,-0.094190,0.988837,0.900261,-0.430605,0.064100,0.419760,0.897612,0.134512,,,0.000000,,,,0.00,,,
21445,,,,,,,,,,,,,,9.703298,0.589432,1.327802,-0.032527,0.023616,-0.001323,-0.916748,0.257568,0.018066,0.097033,0.005892,0.013280,,-0.115494,-0.094209,0.988830,0.900266,-0.430592,0.064126,0.419741,0.897616,0.134544,,,0.000000,,,,0.00,,,
21446,,,,,,,,,,,,,,9.696931,0.622438,1.338116,0.001706,0.020099,-0.004117,-0.916748,0.257324,0.022461,0.096969,0.006219,0.013384,99852.0000,-0.115563,-0.094109,0.988832,0.900294,-0.430515,0.064242,0.419661,0.897664,0.134477,,,0.000000,,,,0.00,,,
21447,,,,,,,,,,,,,,9.715976,0.631471,1.324622,0.001358,0.003183,0.013479,-0.914551,0.257568,0.020264,0.097160,0.006312,0.013248,,-0.115614,-0.094032,0.988833,0.900256,-0.430584,0.064312,0.419729,0.897639,0.134435,,,0.000000,,,,0.00,,,
21448,,,,,,,,,,,,,,9.708829,0.618951,1.305172,-0.017994,-0.007378,0.002991,-0.912354,0.257568,0.020264,0.097088,0.006182,0.013054,99857.0000,-0.115729,-0.093926,0.988830,0.900228,-0.430621,0.064456,0.419756,0.897632,0.134390,,,0.000000,,,,0.00,,,
21449,,,,,,,,,,,,,,9.696902,0.625570,1.336868,0.001681,0.020011,-0.004117,-0.914551,0.257568,0.015869,0.096969,0.006251,0.013369,,-0.115819,-0.093878,0.988824,0.900206,-0.430653,0.064554,0.419780,0.897622,0.134388,,,0.000000,,,,0.00,,,
21450,,,,,,,,,,,,,,9.696858,0.626633,1.336689,0.001681,0.020011,-0.004117,-0.908203,0.257568,0.018066,0.096969,0.006261,0.013368,99852.0000,-0.115915,-0.093801,0.988820,0.900178,-0.430694,0.064667,0.419813,0.897610,0.134361,,,0.000000,,,,0.00,,,
21451,,,,,,,,,,,,,,9.710355,0.609347,1.344551,-0.013313,0.033313,0.009167,-0.912354,0.257568,0.022461,0.097104,0.006086,0.013447,,-0.116046,-0.093784,0.988806,0.900179,-0.430673,0.064798,0.419775,0.897622,0.134400,,,0.000000,,,,0.00,,,
21452,,,,,,,,,,,,,,9.696764,0.629615,1.335968,0.001568,0.019236,-0.004116,-0.916748,0.257324,0.022461,0.096968,0.006287,0.013362,99854.0000,-0.116195,-0.093662,0.988800,0.900163,-0.430678,0.064984,0.419768,0.897632,0.134353,,,0.000000,,,,0.00,,,
21453,,,,,,,,,,,,,,9.709328,0.671618,1.333342,0.035799,-0.001030,0.010685,-0.912598,0.261719,0.020264,0.097093,0.006708,0.013336,,-0.116288,-0.093519,0.988803,0.900134,-0.430719,0.065124,0.419805,0.897628,0.134267,,,0.000000,,,,0.00,,,
21454,,,,,,,,,,,,,,9.696702,0.632795,1.334917,0.001868,0.019409,-0.004116,-0.912598,0.261719,0.018066,0.096967,0.006321,0.013352,99857.0000,-0.116397,-0.093408,0.988801,0.900112,-0.430741,0.065267,0.419821,0.897629,0.134215,,,0.000000,,,,0.00,,,
21455,,,,,,,,,,,,,,9.670560,0.612397,1.328211,-0.016665,0.024959,-0.032197,-0.912354,0.257568,0.020264,0.096705,0.006118,0.013286,,-0.116428,-0.093359,0.988802,0.900092,-0.430778,0.065310,0.419857,0.897616,0.134187,,,0.000000,,,,0.00,,,
21456,,,,,,,,,,,,,,9.683121,0.654447,1.325464,0.017270,0.004519,-0.017400,-0.914795,0.263916,0.022217,0.096832,0.006533,0.013257,99856.0000,-0.116610,-0.093222,0.988793,0.900087,-0.430752,0.065538,0.419815,0.897643,0.134138,,,0.000000,,,,0.00,,,
21457,,,,,,,,,,,,,,9.702064,0.664601,1.312001,0.017403,-0.012811,0.000193,-0.914551,0.257568,0.020264,0.097021,0.006637,0.013123,,-0.116706,-0.093134,0.988790,0.900060,-0.430792,0.065657,0.419848,0.897633,0.134102,,,0.000000,,,,0.00,,,
21458,,,,,,,,,,,,,,9.755246,0.650999,1.334070,0.006700,0.008974,0.054847,-0.914551,0.257568,0.022461,0.097553,0.006500,0.013341,99855.0000,-0.116881,-0.093036,0.988779,0.900027,-0.430831,0.065852,0.419870,0.897624,0.134091,,,0.000000,,,,0.00,,,
21459,,,,,,,,,,,,,,9.715432,0.649709,1.319785,0.002452,0.001125,0.013480,-0.918701,0.253174,0.020264,0.097155,0.006488,0.013198,,-0.117055,-0.092968,0.988764,0.900004,-0.430851,0.066037,0.419871,0.897621,0.134105,,,0.000000,,,,0.00,,,
21460,,,,,,,,,,,,,,9.722417,0.665155,1.338871,0.021808,0.011684,0.023968,-0.916748,0.259521,0.018066,0.097225,0.006642,0.013388,99857.0000,-0.117239,-0.092903,0.988749,0.900003,-0.430822,0.066236,0.419821,0.897642,0.134122,,,0.000000,,,,0.00,,,
21461,,,,,,,,,,,,,,9.720570,0.680044,1.299018,0.016709,-0.030278,0.017786,-0.914795,0.259521,0.022461,0.097206,0.006793,0.012988,,-0.117421,-0.092917,0.988726,0.899981,-0.430844,0.066392,0.419818,0.897630,0.134213,,,0.000000,,,,0.00,,,
21462,,,,,,,,,,,,,,9.688875,0.632826,1.314555,-0.016923,0.007088,-0.014602,-0.912354,0.255371,0.022461,0.096889,0.006322,0.013143,99855.0000,-0.117561,-0.092903,0.988710,0.899931,-0.430930,0.066513,0.419885,0.897590,0.134267,,,0.000000,,,,0.00,,,
21463,,,,,,,,,,,,,,9.716533,0.642875,1.361121,0.006994,0.042341,0.019663,-0.912109,0.250977,0.020508,0.097166,0.006420,0.013610,,-0.117724,-0.092843,0.988697,0.899929,-0.430906,0.066691,0.419843,0.897608,0.134280,,,0.000000,,,,0.00,,,
21464,,,,,,,,,,,,,,9.701109,0.676271,1.313102,0.017102,-0.013291,0.000193,-0.914551,0.255371,0.022461,0.097012,0.006755,0.013129,99861.0000,-0.117872,-0.092814,0.988682,0.899922,-0.430897,0.066838,0.419817,0.897615,0.134316,,,0.000000,,,,0.00,,,
21465,,,,,,,,,,,,,,9.674878,0.656060,1.307158,-0.002570,-0.006754,-0.027888,-0.916748,0.255371,0.020264,0.096749,0.006552,0.013072,,-0.118091,-0.092700,0.988666,0.899861,-0.430989,0.067073,0.419886,0.897583,0.134313,,,0.000000,,,,0.00,,,
21466,,,,,,,,,,,,,,9.682972,0.612594,1.336172,-0.032031,0.038325,-0.018910,-0.914551,0.257568,0.018066,0.096830,0.006116,0.013364,99854.0000,-0.118260,-0.092574,0.988658,0.899860,-0.430959,0.067285,0.419842,0.897610,0.134269,,,0.000000,,,,0.00,,,
21467,,,,,,,,,,,,,,9.649223,0.683958,1.330220,0.031862,0.006175,-0.048276,-0.912354,0.253174,0.022705,0.096493,0.006829,0.013305,,-0.118449,-0.092484,0.988644,0.899835,-0.430978,0.067492,0.419842,0.897610,0.134269,,,0.000000,,,,0.00,,,
21468,,,,,,,,,,,,,,9.662748,0.667451,1.337861,0.016979,0.020252,-0.034990,-0.910156,0.253174,0.018311,0.096628,0.006665,0.013382,99859.0000,-0.118604,-0.092345,0.988638,0.899822,-0.430974,0.067693,0.419826,0.897627,0.134210,,,0.000000,,,,0.00,,,
21469,,,,,,,,,,,,,,9.654496,0.714628,1.307907,0.045924,-0.024939,-0.043968,-0.914551,0.255371,0.020264,0.096545,0.007138,0.013083,,-0.118784,-0.092215,0.988629,0.899808,-0.430968,0.067914,0.419805,0.897643,0.134168,,,0.000000,,,,0.00,,,
21470,,,,,,,,,,,,,,9.699546,0.745955,1.300468,0.064666,-0.048229,0.001708,-0.912354,0.257568,0.022461,0.096996,0.007455,0.013006,99857.0000,-0.118858,-0.092139,0.988627,0.899780,-0.431012,0.068006,0.419844,0.897630,0.134134,,,0.000000,,,,0.00,,,
21471,,,,,,,,,,,,,,9.711443,0.741176,1.268088,0.045028,-0.075854,0.008806,-0.918701,0.250977,0.024902,0.097114,0.007410,0.012683,,-0.118852,-0.092105,0.988631,0.899806,-0.430954,0.068024,0.419789,0.897661,0.134096,,,0.000000,,,,0.00,,,
21472,,,,,,,,,,,,,,9.745760,0.717471,1.303502,0.034615,-0.037144,0.045869,-0.918945,0.255371,0.024658,0.097458,0.007178,0.013032,99862.0000,-0.118832,-0.092178,0.988626,0.899771,-0.431037,0.067963,0.419870,0.897614,0.134160,,,0.000000,,,,0.00,,,
21473,,,,,,,,,,,,,,9.726177,0.662556,1.287144,-0.019037,-0.026443,0.020581,-0.912109,0.249023,0.022705,0.097262,0.006632,0.012869,,-0.118772,-0.092182,0.988633,0.899733,-0.431127,0.067892,0.419968,0.897570,0.134145,,,0.000000,,,,0.00,,,
21474,,,,,,,,,,,,,,9.695275,0.658834,1.332677,0.000920,0.017975,-0.004113,-0.910400,0.257568,0.026855,0.096953,0.006590,0.013323,99857.0000,-0.118769,-0.092273,0.988625,0.899758,-0.431081,0.067858,0.419916,0.897583,0.134223,,,0.000000,,,,0.00,,,
21475,,,,,,,,,,,,,,9.668020,0.695368,1.317027,0.030415,-0.009468,-0.030679,-0.912354,0.255371,0.015869,0.096680,0.006958,0.013167,,-0.118749,-0.092290,0.988626,0.899755,-0.431092,0.067831,0.419929,0.897576,0.134230,,,0.000000,,,,0.00,,,
21476,,,,,,,,,,,,,,9.681542,0.675969,1.326195,0.015531,0.004627,-0.017397,-0.914307,0.253174,0.020508,0.096816,0.006764,0.013255,99857.0000,-0.118728,-0.092457,0.988613,0.899768,-0.431078,0.067743,0.419906,0.897565,0.134371,,,0.000000,,,,0.00,,,
21477,,,,,,,,,,,,,,9.654227,0.711966,1.311339,0.044635,-0.023874,-0.043959,-0.916748,0.259521,0.022461,0.096543,0.007127,0.013105,,-0.118736,-0.092701,0.988589,0.899782,-0.431063,0.067649,0.419874,0.897547,0.134593,,,0.000000,,,,0.00,,,
21478,,,,,,,,,,,,,,9.700278,0.681812,1.316370,0.014557,-0.012631,0.000198,-0.921143,0.261719,0.022217,0.097004,0.006824,0.013155,99860.0000,-0.118706,-0.092906,0.988573,0.899798,-0.431048,0.067536,0.419848,0.897533,0.134765,,,0.000000,,,,0.00,,,
21479,,,,,,,,,,,,,,9.693587,0.712511,1.329413,0.049341,-0.016103,-0.002593,-0.910156,0.255371,0.022705,0.096937,0.007134,0.013281,,-0.118602,-0.093234,0.988555,0.899836,-0.431005,0.067308,0.419797,0.897520,0.135014,,,0.000000,,,,0.00,,,
21480,,,,,,,,,,,,,,9.693374,0.710482,1.332047,0.049343,-0.016090,-0.002593,-0.916748,0.255371,0.015869,0.096935,0.007116,0.013308,99862.0000,-0.118504,-0.093564,0.988536,0.899838,-0.431038,0.067073,0.419821,0.897470,0.135272,,,0.000000,,,,0.00,,,
21481,,,,,,,,,,,,,,9.713198,0.657327,1.332392,-0.000382,0.001498,0.013480,-0.914551,0.257568,0.018066,0.097133,0.006586,0.013307,,-0.118473,-0.093999,0.988498,0.899867,-0.431010,0.066865,0.419767,0.897438,0.135650,,,0.000000,,,,0.00,,,
21482,,,,,,,,,,,,,,9.730899,0.721729,1.312692,0.048122,-0.049932,0.032597,-0.916992,0.261719,0.022461,0.097310,0.007231,0.013109,99854.0000,-0.118362,-0.094462,0.988467,0.899935,-0.430910,0.066582,0.419651,0.897437,0.136013,,,0.000000,,,,0.00,,,
21483,,,,,,,,,,,,,,9.724167,0.750697,1.327181,0.082449,-0.053400,0.029808,-0.921143,0.259521,0.015869,0.097243,0.007525,0.013253,,-0.118184,-0.094962,0.988441,0.899987,-0.430858,0.066214,0.419590,0.897409,0.136385,,,0.000000,,,,0.00,,,
21484,,,,,,,,,,,,,,9.704275,0.692884,1.314183,0.029176,-0.043506,0.004510,-0.916748,0.255371,0.020264,0.097044,0.006950,0.013121,99856.0000,-0.117963,-0.095534,0.988412,0.900037,-0.430821,0.065775,0.419545,0.897367,0.136805,,,0.000000,,,,0.00,,,
21485,,,,,,,,,,,,,,9.636529,0.655739,1.428976,0.053837,0.076495,-0.049189,-0.914795,0.261719,0.018066,0.096366,0.006584,0.014271,,-0.117717,-0.096094,0.988387,0.900041,-0.430885,0.065303,0.419606,0.897276,0.137211,,,0.000000,,,,0.00,,,
21486,,,,,,,,,,,,,,9.623778,0.610277,1.434305,0.019912,0.096947,-0.063997,-0.914551,0.255371,0.020264,0.096238,0.006128,0.014330,99854.0000,-0.117389,-0.096539,0.988382,0.900009,-0.431028,0.064793,0.419765,0.897160,0.137484,,,0.000000,,,,0.00,,,
21487,,,,,,,,,,,,,,9.609593,0.578577,1.398308,-0.019239,0.076007,-0.084987,-0.912354,0.257568,0.020264,0.096096,0.005807,0.013976,,-0.117104,-0.096850,0.988386,0.900057,-0.430986,0.064408,0.419742,0.897146,0.137641,,,0.000000,,,,0.00,,,
21488,,,,,,,,,,,,,,9.628564,0.686939,1.406303,0.082849,0.031617,-0.058152,-0.912598,0.259521,0.020264,0.096285,0.006892,0.014058,99858.0000,-0.116723,-0.097158,0.988401,0.900129,-0.430904,0.063942,0.419694,0.897152,0.137751,,,0.000000,,,,0.00,,,
21489,,,,,,,,,,,,,,9.643079,0.604843,1.425586,0.018715,0.080530,-0.046405,-0.914795,0.259521,0.018066,0.096430,0.006071,0.014253,,-0.116385,-0.097350,0.988422,0.900077,-0.431075,0.063526,0.419900,0.897049,0.137793,,,0.000000,,,,0.00,,,
21490,,,,,,,,,,,,,,9.682312,0.557633,1.410038,-0.030708,0.081223,-0.012749,-0.912842,0.268066,0.015625,0.096821,0.005599,0.014103,99853.0000,-0.115947,-0.097486,0.988460,0.900095,-0.431106,0.063065,0.419983,0.897020,0.137732,,,0.000000,,,,0.00,,,
21491,,,,,,,,,,,,,,9.753387,0.559394,1.378645,-0.046485,0.043794,0.053318,-0.912598,0.259521,0.018066,0.097532,0.005611,0.013793,,-0.115567,-0.097597,0.988493,0.900145,-0.431057,0.062678,0.419980,0.897031,0.137667,,,0.000000,,,,0.00,,,
21492,,,,,,,,,,,,,,9.759351,0.582894,1.356352,-0.031896,0.012803,0.057632,-0.912598,0.261719,0.020264,0.097592,0.005844,0.013569,99857.0000,-0.115239,-0.097625,0.988529,0.900166,-0.431059,0.062368,0.420026,0.897027,0.137553,,,0.000000,,,,0.00,,,
21493,,,,,,,,,,,,,,9.753340,0.612211,1.365987,0.002000,0.009183,0.054849,-0.910645,0.266113,0.017822,0.097532,0.006135,0.013666,,-0.114983,-0.097622,0.988559,0.900158,-0.431110,0.062128,0.420113,0.897003,0.137445,,,0.000000,,,,0.00,,,
21494,,,,,,,,,,,,,,9.740201,0.628230,1.356653,0.016898,-0.004882,0.041570,-0.914795,0.261719,0.018066,0.097400,0.006295,0.013571,99854.0000,-0.114700,-0.097644,0.988590,0.900177,-0.431108,0.061861,0.420148,0.897002,0.137345,,,0.000000,,,,0.00,,,
21495,,,,,,,,,,,,,,9.707154,0.590180,1.330705,-0.021441,-0.009646,0.002983,-0.916748,0.259521,0.018066,0.097070,0.005918,0.013310,,-0.114377,-0.097789,0.988613,0.900198,-0.431116,0.061504,0.420193,0.896982,0.137340,,,0.000000,,,,0.00,,,
21496,,,,,,,,,,,,,,9.773304,0.611620,1.350665,0.001774,-0.008297,0.072442,-0.921387,0.263916,0.020020,0.097732,0.006132,0.013509,99852.0000,-0.114079,-0.097867,0.988639,0.900200,-0.431155,0.061193,0.420268,0.896954,0.137286,,,0.000000,,,,0.00,,,
21497,,,,,,,,,,,,,,9.773576,0.608493,1.350114,0.001162,-0.008303,0.072442,-0.910400,0.257568,0.022461,0.097734,0.006101,0.013504,,-0.113825,-0.097950,0.988661,0.900215,-0.431162,0.060926,0.420305,0.896942,0.137253,,,0.000000,,,,0.00,,,
21498,,,,,,,,,,,,,,9.786639,0.645305,1.347656,0.035100,-0.028737,0.087254,-0.908447,0.266113,0.017822,0.097865,0.006472,0.013478,99857.0000,-0.113482,-0.098080,0.988687,0.900224,-0.431197,0.060552,0.420380,0.896911,0.137227,,,0.000000,,,,0.00,,,
21499,,,,,,,,,,,,,,9.783398,0.542701,1.418739,-0.023707,0.078427,0.087591,-0.914795,0.263916,0.017822,0.097833,0.005445,0.014190,,-0.113157,-0.098171,0.988715,0.900197,-0.431303,0.060201,0.420525,0.896850,0.137178,,,0.000000,,,,0.00,,,
21500,,,,,,,,,,,,,,9.848772,0.517856,1.408399,-0.054083,0.072745,0.149334,-0.916992,0.265869,0.020020,0.098486,0.005197,0.014091,99852.0000,-0.112776,-0.098196,0.988756,0.900200,-0.431347,0.059837,0.420621,0.896826,0.137042,,,0.000000,,,,0.00,,,
21501,,,,,,,,,,,,,,9.941333,0.293125,1.404064,-0.265532,0.156820,0.226850,-0.915039,0.265869,0.020020,0.099411,0.002940,0.014052,,-0.112569,-0.098078,0.988792,0.900084,-0.431613,0.059658,0.420924,0.896711,0.136865,,,0.000000,,,,0.00,,,
21502,,,,,,,,,,,,,,10.166327,0.062271,1.450102,-0.479305,0.278491,0.441755,-0.921387,0.265869,0.020020,0.101661,0.000601,0.014514,99860.0000,-0.112866,-0.097641,0.988801,0.899915,-0.431908,0.060071,0.421205,0.896617,0.136616,,,0.000000,,,,0.00,,,
21503,,,,,,,,,,,,,,10.454326,-0.214108,1.415385,-0.781163,0.345188,0.704570,-0.914795,0.259521,0.022461,0.104539,-0.002212,0.014176,,-0.113892,-0.096719,0.988774,0.899589,-0.432412,0.061322,0.421626,0.896474,0.136256,,,0.000000,,,,0.00,,,
21504,,,,,,,,,,,,,,10.834871,-0.601479,1.527196,-1.144067,0.590679,1.069898,-0.916748,0.255371,0.015869,0.108336,-0.006173,0.015300,99852.0000,-0.116401,-0.094989,0.988649,0.898941,-0.433340,0.064204,0.422323,0.896210,0.135831,,,0.000000,,,,0.00,,,
21505,,,,,,,,,,,,,,11.506995,-1.087262,1.615298,-1.657213,0.840148,1.709022,-0.918457,0.244629,0.022949,0.115038,-0.011157,0.016188,,-0.120611,-0.092436,0.988387,0.898027,-0.434504,0.068949,0.423084,0.895914,0.135416,,,0.000000,,,,0.00,,,
21506,,,,,,,,,,,,,,13.316109,-1.328531,1.978665,-2.001423,1.140949,3.517381,-0.920654,0.244629,0.022705,0.133112,-0.013740,0.019805,99852.0000,-0.126599,-0.089212,0.987934,0.897241,-0.435004,0.075695,0.423002,0.895998,0.135116,,,0.000000,,,,0.00,,,
21507,,,,,,,,,,,,,,19.531063,-2.889064,3.233428,-3.729631,2.410856,9.694780,-0.915771,0.236084,0.020996,0.195282,-0.029254,0.032180,,-0.131795,-0.089570,0.987222,0.893601,-0.441818,0.079210,0.429077,0.892622,0.138269,,,0.000000,,,,0.00,,,
21508,,,,,,,,,,,,,,17.558631,-5.273668,1.938170,-6.301668,2.471079,7.335257,-0.917725,0.227783,0.007812,0.175380,-0.053646,0.018729,99854.0000,-0.145628,-0.092932,0.984965,0.889462,-0.448216,0.089218,0.433186,0.889082,0.147932,,,0.000000,,,,0.00,,,
21509,,,,,,,,,,,,,,15.107551,-3.541095,2.694202,-4.299912,2.550589,5.121672,-0.925537,0.212646,0.001465,0.150947,-0.036530,0.026144,,-0.159326,-0.094726,0.982671,0.892650,-0.438960,0.102417,0.421652,0.893499,0.154495,,,0.000000,,,,0.00,,,
21510,,,,,,,,,,,,,,16.675331,-2.235558,2.739388,-3.667268,1.820136,6.734113,-0.927002,0.195801,-0.011230,0.166719,-0.023779,0.026364,99857.0000,-0.176279,-0.097469,0.979503,0.897305,-0.425013,0.119194,0.404684,0.899924,0.162381,,,0.000000,,,,0.00,,,
21511,,,,,,,,,,,,,,14.082570,-1.361966,2.932535,-2.650838,1.804741,4.275650,-0.930664,0.180908,-0.024170,0.140884,-0.014888,0.028401,,-0.194068,-0.102381,0.975631,0.898618,-0.417464,0.134941,0.393475,0.902908,0.173018,,,0.000000,,,,0.00,,,
21512,,,,,,,,,,,,,,11.823108,-1.844024,2.278542,-3.190802,1.603533,1.832866,-0.940430,0.157471,-0.039062,0.118168,-0.019653,0.022072,99858.0000,-0.215040,-0.104152,0.971036,0.898371,-0.411032,0.154861,0.382998,0.905652,0.181955,,,0.000000,,,,0.00,,,
21513,,,,,,,,,,,,,,10.027536,-1.233817,1.628557,-2.753513,0.947508,-0.002469,-0.943848,0.131836,-0.038330,0.100169,-0.013615,0.015897,,-0.236684,-0.100918,0.966331,0.898672,-0.400766,0.178259,0.369283,0.910606,0.185547,,,0.000000,,,,0.00,,,
21514,,,,,,,,,,,,,,9.066569,-0.810878,0.853053,-2.676612,0.225192,-1.073841,-0.940186,0.099854,-0.037354,0.090554,-0.009379,0.008381,99852.0000,-0.261140,-0.091996,0.960907,0.897938,-0.388493,0.206834,0.354278,0.916848,0.184058,,,0.000000,,,,0.00,,,
21515,,,,,,,,,,,,,,8.360096,-1.339826,-0.688688,-3.711406,-0.845232,-2.218753,-0.939209,0.076416,-0.036621,0.083418,-0.014455,-0.006939,,-0.283126,-0.081545,0.955610,0.895303,-0.379754,0.232853,0.343908,0.921487,0.180525,,,0.000000,,,,0.00,,,
21516,,,,,,,,,,,,,,8.964646,-2.644637,-2.792290,-5.933599,-2.276954,-2.412597,-0.940674,0.057373,-0.036133,0.089372,-0.027246,-0.028029,99858.0000,-0.301431,-0.073617,0.950642,0.892194,-0.373478,0.253976,0.336347,0.924713,0.178258,,,0.000000,,,,0.00,,,
21517,,,,,,,,,,,,,,11.337082,-0.816186,-2.154310,-4.900111,-2.528577,0.357410,-0.944824,0.055176,-0.044922,0.113286,-0.008625,-0.021805,,-0.309786,-0.073800,0.947938,0.892267,-0.366988,0.263021,0.328471,0.927293,0.179537,,,0.000000,,,,0.00,,,
21518,,,,,,,,,,,,,,7.231415,-2.638756,-3.582650,-5.775973,-2.921495,-4.317760,-0.946533,0.042480,-0.053467,0.072138,-0.026363,-0.036198,99849.0000,-0.314141,-0.081033,0.945912,0.893297,-0.362594,0.265606,0.321459,0.928417,0.186293,,,0.000000,,,,0.00,,,
21519,,,,,,,,,,,,,,4.332043,-2.983091,-5.622601,-5.809249,-4.519176,-7.552535,-0.944336,0.044678,-0.051270,0.043173,-0.029585,-0.056468,,-0.313006,-0.086470,0.945807,0.896710,-0.355047,0.264297,0.312952,0.930841,0.188670,,,0.000000,,,,0.00,,,
21520,,,,,,,,,,,,,,6.112545,-2.171508,-5.981659,-5.713319,-5.350358,-5.739577,-0.942627,0.051025,-0.053711,0.061033,-0.021471,-0.059998,99852.0000,-0.313735,-0.089543,0.945279,0.899217,-0.347726,0.265509,0.304923,0.933311,0.189612,,,0.000000,,,,0.00,,,
21521,,,,,,,,,,,,,,5.304419,-3.454596,-6.161924,-6.644972,-5.021252,-6.867905,-0.940430,0.051025,-0.058105,0.052986,-0.034636,-0.061619,,-0.310113,-0.092257,0.946213,0.899327,-0.351212,0.260503,0.308288,0.931740,0.191884,,,0.000000,,,,0.00,,,
21522,,,,,,,,,,,,,,5.688993,-6.077690,-6.068985,-9.112598,-4.009701,-7.163561,-0.940674,0.059570,-0.060547,0.057025,-0.060968,-0.060370,99852.0000,-0.304604,-0.097289,0.947497,0.897408,-0.362666,0.251262,0.319180,0.926827,0.197778,,,0.000000,,,,0.00,,,
21523,,,,,,,,,,,,,,5.665870,-7.957987,-6.496664,-10.930288,-3.674421,-7.652760,-0.934570,0.070312,-0.060791,0.056942,-0.079556,-0.064748,,-0.293329,-0.103107,0.950435,0.898923,-0.368152,0.237492,0.325417,0.924031,0.200675,,,0.000000,,,,0.00,,,
21524,,,,,,,,,,,,,,5.383926,-7.869851,-6.840623,-10.852325,-4.034425,-7.898528,-0.937012,0.076660,-0.065430,0.054186,-0.078155,-0.068753,99857.0000,-0.284274,-0.109286,0.952494,0.904387,-0.360331,0.228573,0.318233,0.926401,0.201270,,,0.000000,,,,0.00,,,
21525,,,,,,,,,,,,,,6.465164,-5.880798,-7.283473,-9.385942,-5.431314,-6.373058,-0.931396,0.097900,-0.065918,0.064948,-0.057765,-0.073401,,-0.269626,-0.113222,0.956286,0.914558,-0.341004,0.217487,0.301473,0.933219,0.195492,,,0.000000,,,,0.00,,,
21526,,,,,,,,,,,,,,6.937391,-3.702082,-7.562985,-7.445367,-6.658954,-5.425075,-0.933594,0.097900,-0.065918,0.069572,-0.035842,-0.076011,99857.0000,-0.258199,-0.118227,0.958830,0.923574,-0.321400,0.209076,0.283449,0.939534,0.192176,,,0.000000,,,,0.00,,,
21527,,,,,,,,,,,,,,7.153596,-1.974587,-7.878886,-5.763657,-7.665355,-4.795997,-0.923340,0.112793,-0.064209,0.071691,-0.018517,-0.078943,,-0.239996,-0.120160,0.963309,0.933542,-0.300746,0.195066,0.266273,0.946104,0.184352,,,0.000000,,,,0.00,,,
21528,,,,,,,,,,,,,,7.670832,-0.368094,-8.173445,-4.233172,-8.580512,-3.961961,-0.924072,0.129883,-0.066895,0.076830,-0.002300,-0.081666,99851.0000,-0.225697,-0.122001,0.966528,0.942091,-0.279940,0.184655,0.248042,0.952234,0.178117,,,0.000000,,,,0.00,,,
21529,,,,,,,,,,,,,,8.438008,1.498440,-7.958584,-2.268406,-9.017362,-2.719163,-0.916016,0.144775,-0.067139,0.084446,0.016467,-0.079217,,-0.205662,-0.118949,0.971367,0.951769,-0.255241,0.170257,0.227681,0.959533,0.165705,,,0.000000,,,,0.00,,,
21530,,,,,,,,,,,,,,9.077554,3.026641,-7.290619,-0.507689,-8.825951,-1.654648,-0.916504,0.153320,-0.054199,0.090787,0.031585,-0.072325,99852.0000,-0.189988,-0.116109,0.974897,0.958598,-0.236476,0.158648,0.212119,0.964675,0.156230,,,0.000000,,,,0.00,,,
21531,,,,,,,,,,,,,,9.929849,3.360897,-6.282865,0.178639,-7.944332,-0.527079,-0.919189,0.168213,-0.045898,0.099295,0.034691,-0.062239,,-0.167815,-0.108208,0.979862,0.964509,-0.223570,0.140496,0.203865,0.968663,0.141886,,,0.000000,,,,0.00,,,
21532,,,,,,,,,,,,,,10.510549,2.484091,-5.417747,-0.362671,-6.906192,0.095019,-0.915771,0.187500,-0.037598,0.105164,0.025862,-0.053579,99859.0000,-0.149199,-0.101963,0.983536,0.968115,-0.217484,0.124313,0.201228,0.970724,0.131160,,,0.000000,,,,0.00,,,
21533,,,,,,,,,,,,,,11.434084,2.320394,-4.877250,-0.247070,-6.316832,1.139041,-0.907959,0.204346,-0.029053,0.114398,0.024377,-0.048055,,-0.124562,-0.090982,0.988032,0.972766,-0.207377,0.103542,0.195474,0.974021,0.114336,,,0.000000,,,,0.00,,,
21534,,,,,,,,,,,,,,12.276377,3.004988,-4.348717,0.680597,-5.923756,2.149309,-0.904297,0.223633,-0.022949,0.122730,0.031291,-0.042691,99860.0000,-0.104784,-0.083473,0.990986,0.976010,-0.199864,0.086366,0.190854,0.976262,0.102413,,,0.000000,,,,0.00,,,
21535,,,,,,,,,,,,,,12.517895,3.361917,-4.056445,1.389153,-5.572083,2.494648,-0.896729,0.242676,-0.010254,0.125104,0.034789,-0.039793,,-0.080932,-0.071866,0.994125,0.978950,-0.193225,0.065728,0.187366,0.978519,0.085991,,,0.000000,,,,0.00,,,
21536,,,,,,,,,,,,,,12.766088,3.405219,-3.690928,1.729736,-5.132402,2.790964,-0.890381,0.249268,0.000732,0.127585,0.035134,-0.036143,99857.0000,-0.062601,-0.063623,0.996009,0.980406,-0.190683,0.049440,0.186776,0.979588,0.074313,,,0.000000,,,,0.00,,,
21537,,,,,,,,,,,,,,12.833858,3.556766,-3.143206,2.264014,-4.457736,2.924499,-0.889160,0.270508,0.015625,0.128256,0.036528,-0.030648,,-0.041876,-0.050533,0.997844,0.981810,-0.187199,0.031723,0.185192,0.981021,0.057453,,,0.000000,,,,0.00,,,
21538,,,,,,,,,,,,,,12.996343,3.608937,-2.614643,2.609856,-3.833505,3.119994,-0.889648,0.278809,0.021973,0.129892,0.036903,-0.025344,99854.0000,-0.027174,-0.040552,0.998808,0.982120,-0.187283,0.019117,0.186284,0.981469,0.044916,,,0.000000,,,,0.00,,,
21539,,,,,,,,,,,,,,13.235574,3.437129,-2.113295,2.756131,-3.128159,3.381063,-0.879395,0.289551,0.030762,0.132303,0.035044,-0.020337,,-0.010991,-0.025971,0.999602,0.982348,-0.186971,0.005944,0.186742,0.982022,0.027568,,,0.000000,,,,0.00,,,
21540,,,,,,,,,,,,,,13.034088,3.248194,-1.460925,2.842070,-2.315856,3.192276,-0.881592,0.293701,0.046143,0.130287,0.033022,-0.013850,99850.0000,-0.000304,-0.015439,0.999881,0.981899,-0.189387,-0.002626,0.189405,0.981781,0.015217,,,0.000000,,,,0.00,,,
21541,,,,,,,,,,,,,,12.300874,3.263471,-0.513982,3.199726,-1.196922,2.457305,-0.868896,0.298096,0.059326,0.122915,0.033086,-0.004439,,0.012236,-0.000889,0.999925,0.981688,-0.190108,-0.012182,0.190105,0.981763,-0.001454,,,0.000000,,,,0.00,,,
21542,,,,,,,,,,,,,,11.317467,3.373890,0.533076,3.605723,-0.071771,1.445370,-0.871826,0.314941,0.072021,0.113014,0.034162,0.005986,99850.0000,0.021780,0.010201,0.999711,0.980873,-0.193679,-0.019393,0.193425,0.981012,-0.014224,,,0.000000,,,,0.00,,,
21543,,,,,,,,,,,,,,10.805855,3.809082,1.786296,4.401731,1.229502,0.844564,-0.861328,0.317139,0.085449,0.107770,0.038582,0.018530,,0.035108,0.026052,0.999044,0.980140,-0.196127,-0.029329,0.195176,0.980232,-0.032420,,,0.000000,,,,0.00,,,
21544,,,,,,,,,,,,,,10.735124,3.978333,2.652774,4.863290,2.155558,0.666146,-0.859619,0.327881,0.096191,0.106957,0.040366,0.027224,99857.0000,0.047374,0.038877,0.998120,0.978706,-0.201606,-0.038600,0.199727,0.978695,-0.047600,,,0.000000,,,,0.00,,,
21545,,,,,,,,,,,,,,10.906123,4.159443,3.416934,5.359575,3.031342,0.675497,-0.853271,0.329834,0.115967,0.108585,0.042229,0.034895,,0.061941,0.055667,0.996526,0.977282,-0.206149,-0.049229,0.202692,0.976936,-0.067171,,,0.000000,,,,0.00,,,
21546,,,,,,,,,,,,,,11.588675,4.144349,3.859442,5.625052,3.617892,1.216091,-0.849365,0.338379,0.131348,0.115403,0.042085,0.039338,99854.0000,0.073591,0.068902,0.994906,0.975258,-0.213502,-0.057351,0.208463,0.974510,-0.082909,,,0.000000,,,,0.00,,,
21547,,,,,,,,,,,,,,11.490010,4.048730,4.334686,5.774338,4.240302,0.951867,-0.843262,0.346924,0.139893,0.114442,0.041077,0.043996,,0.085023,0.084099,0.992823,0.973331,-0.220091,-0.064711,0.213070,0.971847,-0.100569,,,0.000000,,,,0.00,,,
21548,,,,,,,,,,,,,,11.295539,3.801667,4.672694,5.717294,4.691242,0.636151,-0.841064,0.346924,0.153320,0.112545,0.038562,0.047265,99857.0000,0.093522,0.094983,0.991076,0.970891,-0.229171,-0.069654,0.220510,0.968741,-0.113650,,,0.000000,,,,0.00,,,
21549,,,,,,,,,,,,,,10.614228,3.632741,5.105932,5.700578,5.175898,-0.187670,-0.841553,0.355469,0.166260,0.105787,0.036814,0.051445,,0.101064,0.106800,0.989131,0.968536,-0.237841,-0.073280,0.227430,0.965415,-0.127477,,,0.000000,,,,0.00,,,
21550,,,,,,,,,,,,,,9.830065,3.629700,5.649839,5.840326,5.651535,-1.113544,-0.837158,0.351074,0.175293,0.097984,0.036749,0.056754,99857.0000,0.106246,0.114818,0.987689,0.965800,-0.248193,-0.075039,0.236522,0.961882,-0.137261,,,0.000000,,,,0.00,,,
21551,,,,,,,,,,,,,,9.083594,3.737157,6.117966,6.061012,6.021771,-2.008264,-0.830566,0.349121,0.184326,0.090561,0.037797,0.061325,,0.110700,0.123487,0.986152,0.963276,-0.257567,-0.075879,0.244631,0.958337,-0.147465,,,0.000000,,,,0.00,,,
21552,,,,,,,,,,,,,,8.269018,3.962093,6.546250,6.370317,6.266965,-2.951805,-0.834961,0.348877,0.190918,0.082450,0.040016,0.065525,99847.0000,0.113838,0.129153,0.985069,0.960614,-0.267302,-0.075966,0.253500,0.954918,-0.154495,,,0.000000,,,,0.00,,,
21553,,,,,,,,,,,,,,7.186432,4.196477,7.093370,6.676271,6.580052,-4.182340,-0.833008,0.353271,0.199707,0.071646,0.042339,0.070932,,0.115989,0.135887,0.983911,0.958218,-0.276077,-0.074832,0.261467,0.951481,-0.162232,,,0.000000,,,,0.00,,,
21554,,,,,,,,,,,,,,5.503404,4.277372,8.160596,6.913216,7.303974,-6.066083,-0.830566,0.346924,0.208740,0.054807,0.043275,0.081493,99857.0000,0.117141,0.141505,0.982982,0.954914,-0.287934,-0.072347,0.272796,0.947138,-0.168854,,,0.000000,,,,0.00,,,
21555,,,,,,,,,,,,,,3.849200,3.652188,9.536594,6.607781,8.482810,-7.947858,-0.826172,0.342529,0.219971,0.038121,0.037378,0.095181,,0.119073,0.149634,0.981545,0.950032,-0.304467,-0.068835,0.288548,0.940696,-0.178411,,,0.000000,,,,0.00,,,
21556,,,,,,,,,,,,,,3.843051,1.579872,10.355684,5.041949,9.798418,-8.060503,-0.823730,0.338379,0.237793,0.037864,0.016861,0.103596,99862.0000,0.123092,0.159520,0.979491,0.943926,-0.323505,-0.065937,0.306352,0.932683,-0.190396,,,0.000000,,,,0.00,,,
21557,,,,,,,,,,,,,,5.126835,-0.736981,10.248154,3.135734,10.617989,-6.767276,-0.821533,0.336182,0.249023,0.050625,-0.006727,0.102843,,0.127239,0.171114,0.977001,0.940141,-0.334759,-0.063809,0.316141,0.926637,-0.203465,,,0.000000,,,,0.00,,,
21558,,,,,,,,,,,,,,69.693495,8.450976,13.820620,21.697956,22.235608,54.640672,-0.822754,0.364014,0.212646,0.695366,0.088429,0.143499,99850.0000,0.146914,0.176371,0.973298,0.946589,-0.310597,-0.086600,0.287030,0.934036,-0.212582,,,0.000000,,,,0.00,,,
21559,,,,,,,,,,,,,,4.147162,14.323654,1.429139,14.591020,-1.902154,-7.022282,-0.844971,0.336426,0.124756,0.045085,0.141641,0.018316,,0.085920,0.112141,0.989971,0.971881,-0.228085,-0.058513,0.219236,0.967162,-0.128585,,,0.000000,,,,0.00,,,
21560,,,,,,,,,,,,,,-1.485643,9.256182,4.651768,9.907706,2.190079,-12.374459,-0.852051,0.353271,0.126465,-0.014392,0.092795,0.046197,99856.0000,0.084211,0.080709,0.993174,0.968739,-0.240048,-0.062632,0.233354,0.967400,-0.098400,,,0.000000,,,,0.00,,,
21561,,,,,,,,,,,,,,23.492388,-1.213377,2.783336,1.398959,4.476078,13.405162,-0.863525,0.317139,0.125244,0.235371,-0.011347,0.024043,,0.065827,0.045397,0.996798,0.935926,-0.349193,-0.045904,0.345991,0.935951,-0.065475,,,0.000000,,,,0.00,,,
21562,,,,,,,,,,,,,,7.556295,-16.784254,2.004455,-14.290427,8.615311,-1.796082,-0.879639,0.289307,0.099365,0.074413,-0.167512,0.025943,99856.0000,0.022142,-0.000285,0.999755,0.898935,-0.437623,-0.020034,0.437522,0.899158,-0.009434,,,0.000000,,,,0.00,,,
21563,,,,,,,,,,,,,,3.517837,-10.390867,2.466818,-8.397369,6.537699,-6.187896,-0.880859,0.274658,0.071045,0.034423,-0.104805,0.021694,,-0.000956,-0.006481,0.999979,0.920569,-0.390577,-0.001652,0.390580,0.920547,0.006340,,,0.000000,,,,0.00,,,
21564,,,,,,,,,,,,,,10.726273,5.907705,2.480075,6.270624,0.187927,0.990791,-0.885010,0.272461,0.028809,0.107960,0.056813,0.026907,99851.0000,-0.022851,-0.009861,0.999690,0.952741,-0.303202,0.018787,0.302923,0.952875,0.016323,,,0.000000,,,,0.00,,,
21565,,,,,,,,,,,,,,6.010012,12.265693,3.477465,12.551994,-0.149846,-3.406054,-0.882568,0.264160,0.018066,0.061009,0.121279,0.037833,,-0.038477,-0.022627,0.999003,0.968076,-0.248649,0.031654,0.247685,0.968329,0.031472,,,0.000000,,,,0.00,,,
21566,,,,,,,,,,,,,,8.978450,9.961604,2.707918,9.959550,-0.269771,-0.437265,-0.889160,0.268311,0.022461,0.089890,0.100055,0.025007,99854.0000,-0.040707,-0.032276,0.998650,0.959524,-0.280018,0.030062,0.278670,0.959452,0.042369,,,0.000000,,,,0.00,,,
21567,,,,,,,,,,,,,,8.903350,0.985714,1.485930,1.017163,0.754624,-0.821488,-0.887207,0.272461,0.026611,0.089094,0.010472,0.014039,,-0.043029,-0.044563,0.998079,0.938711,-0.343788,0.025119,0.342008,0.937989,0.056625,,,0.000000,,,,0.00,,,
21568,,,,,,,,,,,,,,8.786555,-4.106234,2.460567,-3.322338,3.339229,-0.984950,-0.893311,0.261963,0.020264,0.088049,-0.040450,0.024958,99856.0000,-0.046769,-0.056992,0.997279,0.922261,-0.385985,0.021193,0.383727,0.920743,0.070614,,,0.000000,,,,0.00,,,
21569,,,,,,,,,,,,,,6.510533,-4.839414,2.230754,-3.941423,3.522054,-3.267214,-0.884766,0.266113,0.015869,0.065129,-0.048496,0.022013,,-0.050361,-0.061045,0.996864,0.924829,-0.379657,0.023473,0.377034,0.923111,0.075576,,,0.000000,,,,0.00,,,
21570,,,,,,,,,,,,,,9.835650,-0.582284,1.994675,-0.317132,1.478163,0.125711,-0.889160,0.268311,0.004639,0.098330,-0.006212,0.019960,99860.0000,-0.048853,-0.058529,0.997090,0.939801,-0.340727,0.026046,0.338211,0.938339,0.071651,,,0.000000,,,,0.00,,,
21571,,,,,,,,,,,,,,9.518651,2.422063,1.353164,2.239022,-0.075764,-0.154416,-0.889160,0.270508,0.000244,0.095202,0.023906,0.013973,,-0.051476,-0.060592,0.996834,0.952522,-0.302912,0.030775,0.300088,0.951090,0.073308,,,0.000000,,,,0.00,,,
21572,,,,,,,,,,,,,,9.009159,5.569850,2.438198,5.567183,0.106136,-0.478448,-0.889160,0.268311,-0.006348,0.090117,0.055580,0.024559,99854.0000,-0.052271,-0.061310,0.996749,0.954835,-0.295418,0.031902,0.292502,0.953399,0.073983,,,0.000000,,,,0.00,,,
21573,,,,,,,,,,,,,,9.982378,2.213701,1.433530,2.012883,0.054891,0.313921,-0.889160,0.272705,0.004639,0.099799,0.022405,0.014090,,-0.051897,-0.063192,0.996651,0.947979,-0.316984,0.029265,0.314073,0.946323,0.076356,,,0.000000,,,,0.00,,,
21574,,,,,,,,,,,,,,9.833107,-0.798409,1.108319,-0.898887,0.677360,0.050825,-0.889160,0.268311,0.009033,0.098343,-0.007782,0.011118,99852.0000,-0.051194,-0.064787,0.996585,0.939768,-0.340812,0.026119,0.337956,0.937896,0.078333,,,0.000000,,,,0.00,,,
21575,,,,,,,,,,,,,,9.608469,-1.601005,1.367606,-1.540887,1.195343,-0.171472,-0.886963,0.270508,0.006836,0.096093,-0.015933,0.013706,,-0.053120,-0.066946,0.996342,0.936009,-0.350992,0.026319,0.347946,0.933982,0.081307,,,0.000000,,,,0.00,,,
21576,,,,,,,,,,,,,,9.899818,-0.881841,1.220184,-0.930073,0.788676,0.126420,-0.884766,0.270508,0.006836,0.098994,-0.008858,0.012211,99857.0000,-0.052429,-0.066046,0.996438,0.939356,-0.341899,0.026764,0.338913,0.937413,0.079966,,,0.000000,,,,0.00,,,
21577,,,,,,,,,,,,,,10.316950,0.660769,0.937250,0.379510,-0.031836,0.560809,-0.886963,0.270508,0.002441,0.103165,0.006549,0.009458,,-0.053391,-0.066813,0.996336,0.944809,-0.326358,0.028745,0.323242,0.942882,0.080550,,,0.000000,,,,0.00,,,
21578,,,,,,,,,,,,,,9.783248,2.350053,1.498719,2.179645,0.001183,0.123608,-0.891357,0.270508,0.006836,0.097834,0.023446,0.015060,99862.0000,-0.053397,-0.067481,0.996291,0.947700,-0.317817,0.029266,0.314663,0.945748,0.080922,,,0.000000,,,,0.00,,,
21579,,,,,,,,,,,,,,9.841191,2.077228,1.364617,1.867812,-0.056177,0.163993,-0.891602,0.279053,0.002197,0.098393,0.020900,0.013588,,-0.053240,-0.069236,0.996179,0.945870,-0.323329,0.028079,0.320149,0.943750,0.082702,,,0.000000,,,,0.00,,,
21580,,,,,,,,,,,,,,9.866115,0.429036,1.167681,0.268720,0.270728,0.124223,-0.891357,0.270508,-0.001953,0.098659,0.004457,0.011633,99856.0000,-0.051303,-0.070359,0.996202,0.942929,-0.332045,0.025108,0.329017,0.940636,0.083378,,,0.000000,,,,0.00,,,
21581,,,,,,,,,,,,,,9.414754,-0.117064,1.427942,-0.124862,0.703193,-0.316363,-0.885010,0.276855,0.002197,0.094150,-0.001033,0.014271,,-0.050861,-0.072414,0.996077,0.941322,-0.336686,0.023589,0.333657,0.938829,0.085290,,,0.000000,,,,0.00,,,
21582,,,,,,,,,,,,,,9.462178,0.003213,1.386858,-0.005635,0.614852,-0.269203,-0.885254,0.279053,0.002197,0.094618,0.000128,0.013893,99857.0000,-0.048593,-0.072640,0.996174,0.941995,-0.334937,0.021527,0.332092,0.939436,0.084702,,,0.000000,,,,0.00,,,
21583,,,,,,,,,,,,,,9.465425,0.466237,1.481450,0.466082,0.537506,-0.247115,-0.885010,0.276855,0.006592,0.094646,0.004734,0.014844,,-0.048115,-0.073820,0.996110,0.942640,-0.333159,0.020842,0.330324,0.939976,0.085616,,,0.000000,,,,0.00,,,
21584,,,,,,,,,,,,,,9.257213,0.496138,1.594417,0.557509,0.650008,-0.445139,-0.885498,0.287598,0.004150,0.092563,0.005042,0.015972,99862.0000,-0.046570,-0.073608,0.996199,0.942136,-0.334675,0.019314,0.331982,0.939454,0.084935,,,0.000000,,,,0.00,,,
21585,,,,,,,,,,,,,,9.451290,0.103447,1.418001,0.123979,0.594031,-0.274341,-0.889893,0.287354,0.008545,0.094504,0.001104,0.014231,,-0.046506,-0.073967,0.996176,0.941326,-0.336967,0.018925,0.334278,0.938607,0.085298,,,0.000000,,,,0.00,,,
21586,,,,,,,,,,,,,,9.620987,0.182801,1.292421,0.162980,0.444341,-0.115104,-0.887695,0.285400,0.008545,0.096201,0.001872,0.012987,99852.0000,-0.045173,-0.073036,0.996306,0.941587,-0.336287,0.018040,0.333727,0.938923,0.083960,,,0.000000,,,,0.00,,,
21587,,,,,,,,,,,,,,9.705281,0.550464,1.265745,0.495564,0.288499,-0.026535,-0.881104,0.285400,0.015381,0.097042,0.005545,0.012720,,-0.045271,-0.073159,0.996292,0.941695,-0.335981,0.018119,0.333409,0.939023,0.084104,,,0.000000,,,,0.00,,,
21588,,,,,,,,,,,,,,9.830056,0.661603,1.133723,0.562911,0.126405,0.087827,-0.883301,0.285400,0.012939,0.098291,0.006670,0.011391,99856.0000,-0.043923,-0.072460,0.996404,0.941738,-0.335914,0.017085,0.333468,0.939101,0.082992,,,0.000000,,,,0.00,,,
21589,,,,,,,,,,,,,,9.928016,0.484262,1.052953,0.366671,0.098165,0.175537,-0.881348,0.287598,0.010742,0.099273,0.004910,0.010565,,-0.043758,-0.073059,0.996367,0.941333,-0.337070,0.016625,0.334631,0.938641,0.083523,,,0.000000,,,,0.00,,,
