// Start Time: Unknown
// Update Rate: 100.0Hz
// Filter Profile: human (46.1)
// Firmware Version: 4.6.0
PacketCounter,SampleTimeFine,Year,Month,Day,Second,UTC_Nano,UTC_Year,UTC_Month,UTC_Day,UTC_Hour,UTC_Minute,UTC_Second,UTC_Valid,Acc_X,Acc_Y,Acc_Z,FreeAcc_X,FreeAcc_Y,FreeAcc_Z,Mag_X,Mag_Y,Mag_Z,VelInc_X,VelInc_Y,VelInc_Z,Pressure,Mat[1][1],Mat[2][1],Mat[3][1],Mat[1][2],Mat[2][2],Mat[3][2],Mat[1][3],Mat[2][3],Mat[3][3],Latitude,Longitude,Altitude,Vel_X,Vel_Y,Vel_Z,Temperature,GyrTemp_X,GyrTemp_Y,GyrTemp_Z
21428,,,,,,,,,,,,,,-9.255978,3.141181,0.392324,0.000000,0.000000,-0.030353,0.916992,-0.059082,-0.338379,-0.092556,0.031422,0.003926,99921.0000,0.163921,-0.279141,-0.946155,0.582318,-0.746811,0.321215,-0.796264,-0.603617,0.040131,,,0.000000,,,,0.00,,,
21429,,,,,,,,,,,,,,-9.326710,3.133780,0.432601,-0.061959,0.013963,0.035724,0.915039,-0.061279,-0.344971,-0.093263,0.031350,0.004325,,0.166368,-0.279492,-0.945625,0.585197,-0.743865,0.322815,-0.793641,-0.607083,0.039803,,,0.000000,,,,0.00,,,
21430,,,,,,,,,,,,,,-9.381021,3.059158,0.449291,-0.125841,0.072972,0.063684,0.914795,-0.059082,-0.340576,-0.093807,0.030603,0.004487,99913.0000,0.166407,-0.279224,-0.945697,0.586026,-0.743311,0.322586,-0.793021,-0.607884,0.039941,,,0.000000,,,,0.00,,,
21431,,,,,,,,,,,,,,-9.402365,3.069638,0.402110,-0.082959,0.100385,0.085387,0.914551,-0.054932,-0.336426,-0.094020,0.030708,0.004010,,0.166379,-0.279140,-0.945727,0.586914,-0.742666,0.322459,-0.792370,-0.608710,0.040267,,,0.000000,,,,0.00,,,
21432,,,,,,,,,,,,,,-9.401924,2.990886,0.396632,-0.121189,0.162215,0.059389,0.912598,-0.056885,-0.334229,-0.094017,0.029917,0.003948,99911.0000,0.166317,-0.279035,-0.945769,0.587944,-0.741925,0.322286,-0.791619,-0.609661,0.040662,,,0.000000,,,,0.00,,,
21433,,,,,,,,,,,,,,-9.360338,2.964231,0.351516,-0.090350,0.198439,0.009665,0.916992,-0.059082,-0.338379,-0.093602,0.029649,0.003497,,0.166296,-0.278897,-0.945813,0.589048,-0.741127,0.322108,-0.790802,-0.610694,0.041038,,,0.000000,,,,0.00,,,
21434,,,,,,,,,,,,,,-9.298239,2.924593,0.429057,-0.160606,0.164845,-0.058631,0.912598,-0.056885,-0.336426,-0.092982,0.029251,0.004266,99913.0000,0.166187,-0.278928,-0.945823,0.590110,-0.740324,0.322011,-0.790033,-0.611654,0.041566,,,0.000000,,,,0.00,,,
21435,,,,,,,,,,,,,,-9.236740,2.962209,0.442649,-0.134248,0.113931,-0.104084,0.918945,-0.059082,-0.338379,-0.092367,0.029628,0.004402,,0.166041,-0.278979,-0.945833,0.591149,-0.739539,0.321908,-0.789287,-0.612578,0.042124,,,0.000000,,,,0.00,,,
21436,,,,,,,,,,,,,,-9.228821,2.927176,0.471663,-0.171924,0.121839,-0.121581,0.918945,-0.056885,-0.340820,-0.092287,0.029279,0.004693,99913.0000,0.165902,-0.278976,-0.945859,0.592176,-0.738779,0.321766,-0.788545,-0.613497,0.042638,,,0.000000,,,,0.00,,,
21437,,,,,,,,,,,,,,-9.239785,2.970962,0.419479,-0.101963,0.126302,-0.099302,0.919189,-0.059082,-0.342773,-0.092396,0.029717,0.004175,,0.165797,-0.278928,-0.945891,0.593236,-0.737997,0.321607,-0.787771,-0.614458,0.043113,,,0.000000,,,,0.00,,,
21438,,,,,,,,,,,,,,-9.280793,2.918282,0.389483,-0.112762,0.195758,-0.078718,0.914795,-0.061279,-0.338379,-0.092806,0.029191,0.003882,99913.0000,0.165850,-0.278733,-0.945939,0.594359,-0.737172,0.321425,-0.786912,-0.615536,0.043407,,,0.000000,,,,0.00,,,
21439,,,,,,,,,,,,,,-9.332808,2.910185,0.375329,-0.111677,0.225945,-0.032717,0.912598,-0.059082,-0.336426,-0.093326,0.029109,0.003742,,0.165880,-0.278628,-0.945965,0.595443,-0.736351,0.321301,-0.786086,-0.616566,0.043761,,,0.000000,,,,0.00,,,
21440,,,,,,,,,,,,,,-9.358283,2.867841,0.327498,-0.101365,0.293702,-0.024291,0.914795,-0.056885,-0.336426,-0.093581,0.028684,0.003269,99920.0000,0.166077,-0.278388,-0.946002,0.596538,-0.735520,0.321174,-0.785214,-0.617665,0.043916,,,0.000000,,,,0.00,,,
21441,,,,,,,,,,,,,,-9.382504,2.889474,0.394005,-0.142416,0.243030,0.008531,0.914551,-0.050781,-0.336670,-0.093823,0.028901,0.003934,,0.166188,-0.278138,-0.946055,0.597608,-0.734732,0.320988,-0.784376,-0.618714,0.044114,,,0.000000,,,,0.00,,,
21442,,,,,,,,,,,,,,-9.467945,2.873665,0.378356,-0.152032,0.287937,0.083628,0.916748,-0.054932,-0.340820,-0.094678,0.028742,0.003777,99914.0000,0.166353,-0.277939,-0.946085,0.598648,-0.733934,0.320875,-0.783548,-0.619751,0.044296,,,0.000000,,,,0.00,,,
21443,,,,,,,,,,,,,,-9.468236,2.872433,0.380424,-0.151174,0.286943,0.083670,0.912354,-0.052734,-0.336670,-0.094681,0.028731,0.003790,,0.166306,-0.277700,-0.946163,0.599753,-0.733153,0.320599,-0.782713,-0.620782,0.044623,,,0.000000,,,,0.00,,,
21444,,,,,,,,,,,,,,-9.380915,2.873592,0.432644,-0.173535,0.229913,0.003794,0.912598,-0.054932,-0.338623,-0.093807,0.028745,0.004311,99914.0000,0.166331,-0.277524,-0.946210,0.600921,-0.732278,0.320411,-0.781811,-0.621892,0.044970,,,0.000000,,,,0.00,,,
21445,,,,,,,,,,,,,,-9.353348,2.902078,0.444485,-0.156488,0.193299,-0.012540,0.914795,-0.056885,-0.343018,-0.093531,0.029031,0.004431,,0.166282,-0.277213,-0.946310,0.602196,-0.731381,0.320067,-0.780840,-0.623085,0.045321,,,0.000000,,,,0.00,,,
21446,,,,,,,,,,,,,,-9.294902,2.950477,0.424129,-0.098341,0.154320,-0.053234,0.914551,-0.054932,-0.340820,-0.092946,0.029516,0.004229,99920.0000,0.166415,-0.276912,-0.946375,0.603572,-0.730346,0.319836,-0.779748,-0.624431,0.045596,,,0.000000,,,,0.00,,,
21447,,,,,,,,,,,,,,-9.295489,2.948301,0.426389,-0.096943,0.153970,-0.053215,0.918945,-0.054932,-0.345215,-0.092952,0.029494,0.004253,,0.166418,-0.276582,-0.946471,0.604939,-0.729360,0.319504,-0.778687,-0.625728,0.045937,,,0.000000,,,,0.00,,,
21448,,,,,,,,,,,,,,-9.292942,2.936523,0.387381,-0.070678,0.186145,-0.061157,0.912598,-0.054932,-0.343018,-0.092928,0.029371,0.003865,99920.0000,0.166648,-0.276324,-0.946506,0.606250,-0.728329,0.319369,-0.777618,-0.627042,0.046147,,,0.000000,,,,0.00,,,
21449,,,,,,,,,,,,,,-9.324240,2.915032,0.420864,-0.111273,0.189211,-0.036809,0.918701,-0.052734,-0.338623,-0.093241,0.029156,0.004201,,0.166647,-0.276087,-0.946575,0.607369,-0.727506,0.319120,-0.776744,-0.628101,0.046450,,,0.000000,,,,0.00,,,
21450,,,,,,,,,,,,,,-9.313279,2.870153,0.405216,-0.122689,0.229309,-0.062225,0.916748,-0.054932,-0.343018,-0.093133,0.028702,0.004042,99916.0000,0.166815,-0.276002,-0.946571,0.608386,-0.726665,0.319098,-0.775912,-0.629111,0.046697,,,0.000000,,,,0.00,,,
21451,,,,,,,,,,,,,,-9.332591,2.807894,0.348230,-0.116510,0.315851,-0.066434,0.916748,-0.052734,-0.340820,-0.093327,0.028077,0.003472,,0.166814,-0.275853,-0.946614,0.609319,-0.725959,0.318927,-0.775180,-0.629992,0.046982,,,0.000000,,,,0.00,,,
21452,,,,,,,,,,,,,,-9.286351,2.836698,0.375915,-0.111468,0.266448,-0.099754,0.914551,-0.050781,-0.338867,-0.092865,0.028364,0.003749,99918.0000,0.166994,-0.275852,-0.946583,0.610214,-0.725181,0.318984,-0.774437,-0.630886,0.047228,,,0.000000,,,,0.00,,,
21453,,,,,,,,,,,,,,-9.294672,2.869162,0.427705,-0.130313,0.212210,-0.079037,0.916504,-0.050781,-0.336670,-0.092948,0.028689,0.004268,,0.166987,-0.275643,-0.946645,0.611074,-0.724552,0.318767,-0.773759,-0.631700,0.047448,,,0.000000,,,,0.00,,,
21454,,,,,,,,,,,,,,-9.323569,2.915723,0.430817,-0.108012,0.185919,-0.036709,0.916748,-0.052734,-0.340820,-0.093237,0.029156,0.004300,99913.0000,0.167182,-0.275594,-0.946625,0.611952,-0.723798,0.318798,-0.773023,-0.632586,0.047644,,,0.000000,,,,0.00,,,
21455,,,,,,,,,,,,,,-9.394160,2.988124,0.409599,-0.056396,0.164730,0.052230,0.916504,-0.048584,-0.338867,-0.093941,0.029882,0.004092,,0.167224,-0.275206,-0.946730,0.612831,-0.723197,0.318473,-0.772318,-0.633442,0.047719,,,0.000000,,,,0.00,,,
21456,,,,,,,,,,,,,,-9.436920,3.090377,0.397255,0.009308,0.110418,0.124688,0.912598,-0.052734,-0.343018,-0.094368,0.030906,0.003971,99920.0000,0.167506,-0.274971,-0.946748,0.613791,-0.722409,0.318411,-0.771493,-0.634442,0.047767,,,0.000000,,,,0.00,,,
21457,,,,,,,,,,,,,,-9.474274,3.170180,0.376166,0.071367,0.073950,0.184455,0.914551,-0.048584,-0.341064,-0.094741,0.031707,0.003757,,0.167530,-0.274503,-0.946880,0.614847,-0.721690,0.318004,-0.770647,-0.635461,0.047872,,,0.000000,,,,0.00,,,
21458,,,,,,,,,,,,,,-9.344295,3.150262,0.305270,0.137898,0.098002,0.051621,0.918701,-0.050537,-0.341064,-0.093441,0.031509,0.003037,99918.0000,0.167607,-0.274321,-0.946919,0.616045,-0.720740,0.317838,-0.769673,-0.636617,0.048193,,,0.000000,,,,0.00,,,
21459,,,,,,,,,,,,,,-9.307457,3.068410,0.330338,0.079707,0.129973,-0.008108,0.918457,-0.048584,-0.334473,-0.093074,0.030689,0.003283,,0.167453,-0.274013,-0.947036,0.617278,-0.719865,0.317429,-0.768718,-0.637739,0.048599,,,0.000000,,,,0.00,,,
21460,,,,,,,,,,,,,,-9.240485,3.084114,0.335680,0.100081,0.098961,-0.066345,0.918701,-0.050537,-0.341064,-0.092405,0.030843,0.003336,99917.0000,0.167536,-0.273962,-0.947036,0.618526,-0.718822,0.317364,-0.767696,-0.638936,0.049024,,,0.000000,,,,0.00,,,
21461,,,,,,,,,,,,,,-9.270806,3.066419,0.297974,0.117196,0.143772,-0.045131,0.914307,-0.046387,-0.345459,-0.092709,0.030663,0.002960,,0.167514,-0.273704,-0.947114,0.619657,-0.717972,0.317082,-0.766788,-0.640001,0.049332,,,0.000000,,,,0.00,,,
21462,,,,,,,,,,,,,,-9.251173,3.128406,0.361960,0.112508,0.055968,-0.040976,0.916504,-0.050781,-0.336670,-0.092514,0.031280,0.003600,99918.0000,0.167662,-0.273768,-0.947069,0.620765,-0.716983,0.317153,-0.765859,-0.641082,0.049735,,,0.000000,,,,0.00,,,
21463,,,,,,,,,,,,,,-9.272845,3.217336,0.402281,0.136186,-0.026472,0.009710,0.914307,-0.048584,-0.338867,-0.092732,0.032167,0.004005,,0.167765,-0.273660,-0.947082,0.621792,-0.716130,0.317069,-0.765003,-0.642082,0.050018,,,0.000000,,,,0.00,,,
21464,,,,,,,,,,,,,,-9.254207,3.216517,0.421916,0.125279,-0.040262,-0.007228,0.918457,-0.046387,-0.338867,-0.092545,0.032157,0.004205,99918.0000,0.168091,-0.273682,-0.947018,0.622953,-0.715054,0.317217,-0.763986,-0.643270,0.050297,,,0.000000,,,,0.00,,,
21465,,,,,,,,,,,,,,-9.240312,3.241646,0.377076,0.178674,-0.032189,-0.014685,0.918701,-0.046387,-0.343262,-0.092407,0.032406,0.003758,,0.168400,-0.273532,-0.947007,0.623983,-0.714149,0.317233,-0.763077,-0.644338,0.050417,,,0.000000,,,,0.00,,,
21466,,,,,,,,,,,,,,-9.187162,3.253617,0.323229,0.236221,-0.017220,-0.063926,0.918701,-0.048584,-0.343262,-0.091877,0.032523,0.003223,99920.0000,0.168861,-0.273557,-0.946917,0.625055,-0.713103,0.317474,-0.762097,-0.645484,0.050573,,,0.000000,,,,0.00,,,
21467,,,,,,,,,,,,,,-9.151464,3.188577,0.313211,0.208640,0.027641,-0.118869,0.916504,-0.046387,-0.341064,-0.091521,0.031868,0.003127,,0.169337,-0.273489,-0.946852,0.625967,-0.712217,0.317666,-0.761243,-0.646491,0.050590,,,0.000000,,,,0.00,,,
21468,,,,,,,,,,,,,,-9.133574,3.126567,0.286151,0.191541,0.087885,-0.156857,0.912354,-0.048584,-0.336670,-0.091342,0.031246,0.002859,99911.0000,0.169936,-0.273558,-0.946725,0.626927,-0.711206,0.318038,-0.760318,-0.647574,0.050642,,,0.000000,,,,0.00,,,
21469,,,,,,,,,,,,,,-9.212664,3.090410,0.332203,0.117259,0.106885,-0.091114,0.918457,-0.048584,-0.334473,-0.092132,0.030887,0.003323,,0.170621,-0.273407,-0.946645,0.627822,-0.710298,0.318303,-0.759427,-0.648633,0.050459,,,0.000000,,,,0.00,,,
21470,,,,,,,,,,,,,,-9.306277,3.106191,0.437104,0.028933,0.055166,0.007822,0.916504,-0.050781,-0.336670,-0.093067,0.031049,0.004378,99917.0000,0.171372,-0.273213,-0.946565,0.629004,-0.709135,0.318561,-0.758278,-0.649986,0.050327,,,0.000000,,,,0.00,,,
21471,,,,,,,,,,,,,,-9.417326,3.127719,0.452164,0.008356,0.059361,0.120565,0.918457,-0.044434,-0.338867,-0.094176,0.031269,0.004525,,0.172167,-0.272764,-0.946551,0.630243,-0.707993,0.318654,-0.757068,-0.651419,0.050014,,,0.000000,,,,0.00,,,
21472,,,,,,,,,,,,,,-9.388793,3.159147,0.462441,0.024215,0.023802,0.104083,0.920654,-0.048584,-0.332275,-0.093891,0.031584,0.004621,99921.0000,0.172847,-0.272507,-0.946501,0.631869,-0.706480,0.318792,-0.755557,-0.653167,0.050075,,,0.000000,,,,0.00,,,
21473,,,,,,,,,,,,,,-9.257654,3.143100,0.391350,0.089926,0.045768,-0.028711,0.916504,-0.046387,-0.336670,-0.092579,0.031425,0.003900,,0.173463,-0.272120,-0.946499,0.633580,-0.704947,0.318788,-0.753981,-0.654981,0.050128,,,0.000000,,,,0.00,,,
21474,,,,,,,,,,,,,,-9.179015,3.116731,0.376882,0.098890,0.055007,-0.112297,0.916260,-0.046387,-0.330322,-0.091792,0.031162,0.003757,99925.0000,0.174047,-0.271875,-0.946463,0.635458,-0.703223,0.318859,-0.752264,-0.656933,0.050371,,,0.000000,,,,0.00,,,
21475,,,,,,,,,,,,,,-9.152728,3.161056,0.357918,0.145393,0.029671,-0.123993,0.914062,-0.042236,-0.328125,-0.091530,0.031604,0.003569,,0.174724,-0.271503,-0.946445,0.636998,-0.701800,0.318919,-0.750803,-0.658607,0.050326,,,0.000000,,,,0.00,,,
21476,,,,,,,,,,,,,,-9.138639,3.186822,0.312555,0.198469,0.040022,-0.131404,0.914062,-0.044434,-0.330322,-0.091390,0.031859,0.003118,99914.0000,0.175338,-0.271314,-0.946386,0.638534,-0.700332,0.319076,-0.749353,-0.660246,0.050448,,,0.000000,,,,0.00,,,
21477,,,,,,,,,,,,,,-9.153618,3.178011,0.328719,0.175681,0.039646,-0.119180,0.916260,-0.042236,-0.330322,-0.091540,0.031770,0.003286,,0.176130,-0.270923,-0.946350,0.639777,-0.699131,0.319221,-0.748107,-0.661677,0.050192,,,0.000000,,,,0.00,,,
21478,,,,,,,,,,,,,,-9.311800,3.166996,0.389930,0.093220,0.050965,0.030088,0.916260,-0.042236,-0.330322,-0.093121,0.031660,0.003906,99914.0000,0.176908,-0.270600,-0.946297,0.641163,-0.697779,0.319399,-0.746736,-0.663235,0.050056,,,0.000000,,,,0.00,,,
21479,,,,,,,,,,,,,,-9.456684,3.179817,0.402938,0.062301,0.070640,0.171981,0.914062,-0.042236,-0.332520,-0.094568,0.031793,0.004039,,0.177837,-0.269953,-0.946308,0.642571,-0.696465,0.319436,-0.745303,-0.664877,0.049607,,,0.000000,,,,0.00,,,
21480,,,,,,,,,,,,,,-9.633269,3.170350,0.445969,-0.009274,0.095688,0.338206,0.913818,-0.038086,-0.326172,-0.096334,0.031700,0.004468,99914.0000,0.178623,-0.269481,-0.946295,0.644155,-0.694970,0.319501,-0.743746,-0.666631,0.049450,,,0.000000,,,,0.00,,,
21481,,,,,,,,,,,,,,-9.623623,3.222828,0.336039,0.106588,0.128368,0.340431,0.913818,-0.033936,-0.328613,-0.096236,0.032229,0.003352,,0.179258,-0.268930,-0.946331,0.645944,-0.693356,0.319397,-0.742040,-0.668531,0.049424,,,0.000000,,,,0.00,,,
21482,,,,,,,,,,,,,,-9.504198,3.167921,0.344945,0.088109,0.130263,0.210274,0.911865,-0.040283,-0.330566,-0.095043,0.031679,0.003429,99920.0000,0.179706,-0.268663,-0.946322,0.648007,-0.691446,0.319359,-0.740131,-0.670614,0.049839,,,0.000000,,,,0.00,,,
21483,,,,,,,,,,,,,,-9.396137,3.176987,0.271536,0.170476,0.146547,0.107183,0.917969,-0.033936,-0.328369,-0.093964,0.031765,0.002682,,0.180097,-0.268450,-0.946308,0.650065,-0.689528,0.319323,-0.738228,-0.672671,0.050328,,,0.000000,,,,0.00,,,
21484,,,,,,,,,,,,,,-9.279860,3.130327,0.326423,0.125676,0.116324,-0.015138,0.917969,-0.033936,-0.326172,-0.092801,0.031301,0.003221,99921.0000,0.180275,-0.268494,-0.946262,0.652303,-0.687412,0.319320,-0.736207,-0.674815,0.051216,,,0.000000,,,,0.00,,,
21485,,,,,,,,,,,,,,-9.219115,3.161920,0.421848,0.092301,0.018467,-0.057745,0.913574,-0.031738,-0.328613,-0.092196,0.031613,0.004166,,0.180499,-0.268473,-0.946225,0.654483,-0.685346,0.319300,-0.734215,-0.676922,0.052007,,,0.000000,,,,0.00,,,
21486,,,,,,,,,,,,,,-9.162004,3.222357,0.455708,0.123987,-0.052667,-0.090783,0.911621,-0.031738,-0.333008,-0.091626,0.032214,0.004502,99911.0000,0.180692,-0.268755,-0.946109,0.656794,-0.683053,0.319467,-0.732101,-0.679124,0.053094,,,0.000000,,,,0.00,,,
21487,,,,,,,,,,,,,,-9.237013,3.236910,0.515178,0.082326,-0.075443,-0.012028,0.915527,-0.027588,-0.326416,-0.092376,0.032360,0.005099,,0.181012,-0.268853,-0.946019,0.659130,-0.680745,0.319582,-0.729919,-0.681398,0.053986,,,0.000000,,,,0.00,,,
21488,,,,,,,,,,,,,,-9.290459,3.218405,0.653003,-0.033644,-0.134613,0.040125,0.917480,-0.023193,-0.331055,-0.092908,0.032182,0.006482,99925.0000,0.181380,-0.268884,-0.945940,0.661762,-0.678153,0.319655,-0.727442,-0.683967,0.054934,,,0.000000,,,,0.00,,,
21489,,,,,,,,,,,,,,-9.372665,3.191579,0.674327,-0.075100,-0.104287,0.110579,0.917480,-0.023193,-0.328857,-0.093730,0.031915,0.006695,,0.181857,-0.268609,-0.945927,0.664698,-0.675322,0.319557,-0.724641,-0.686870,0.055732,,,0.000000,,,,0.00,,,
21490,,,,,,,,,,,,,,-9.461604,3.101489,0.762215,-0.207296,-0.073974,0.170984,0.921875,-0.027588,-0.326416,-0.094616,0.031025,0.007574,99918.0000,0.182344,-0.268346,-0.945907,0.668068,-0.672045,0.319438,-0.721412,-0.690178,0.056730,,,0.000000,,,,0.00,,,
21491,,,,,,,,,,,,,,-9.528851,3.058756,0.872379,-0.318294,-0.101535,0.227452,0.919678,-0.023193,-0.328857,-0.095284,0.030615,0.008675,,0.182750,-0.267618,-0.946036,0.671778,-0.668591,0.318904,-0.717856,-0.693806,0.057595,,,0.000000,,,,0.00,,,
21492,,,,,,,,,,,,,,-9.618320,3.021970,1.008700,-0.444418,-0.145337,0.308736,0.917236,-0.014893,-0.335693,-0.096175,0.030264,0.010028,99912.0000,0.182894,-0.267024,-0.946175,0.675822,-0.664814,0.318255,-0.714013,-0.697653,0.058870,,,0.000000,,,,0.00,,,
21493,,,,,,,,,,,,,,-9.573446,2.962177,1.033572,-0.475851,-0.133630,0.249584,0.915283,-0.019043,-0.329102,-0.095725,0.029678,0.010258,,0.182510,-0.266418,-0.946420,0.680165,-0.660877,0.317202,-0.709976,-0.701614,0.060592,,,0.000000,,,,0.00,,,
21494,,,,,,,,,,,,,,-9.590418,2.862798,1.047477,-0.534945,-0.069936,0.236085,0.921631,-0.016846,-0.333252,-0.095894,0.028699,0.010377,99917.0000,0.181842,-0.266004,-0.946665,0.684726,-0.656703,0.316055,-0.705750,-0.705679,0.062724,,,0.000000,,,,0.00,,,
21495,,,,,,,,,,,,,,-9.568251,2.747914,1.055969,-0.587903,-0.002100,0.180902,0.921387,-0.012695,-0.331299,-0.095673,0.027558,0.010440,,0.180571,-0.265782,-0.946971,0.689497,-0.652405,0.314582,-0.701419,-0.709738,0.065450,,,0.000000,,,,0.00,,,
21496,,,,,,,,,,,,,,-9.596967,2.600627,1.151645,-0.732085,0.039260,0.169985,0.925537,-0.010498,-0.340088,-0.095959,0.026100,0.011390,99921.0000,0.179231,-0.265590,-0.947279,0.694479,-0.647847,0.313037,-0.696832,-0.713972,0.068333,,,0.000000,,,,0.00,,,
21497,,,,,,,,,,,,,,-9.675199,2.562524,1.329325,-0.860398,-0.039074,0.247194,0.918945,-0.004395,-0.335938,-0.096738,0.025743,0.013165,,0.177409,-0.265115,-0.947755,0.699841,-0.643092,0.310894,-0.691916,-0.718434,0.071448,,,0.000000,,,,0.00,,,
21498,,,,,,,,,,,,,,-9.868101,2.551518,1.493715,-0.978813,-0.098704,0.441721,0.918701,0.001953,-0.338379,-0.098662,0.025665,0.014808,99913.0000,0.175728,-0.264325,-0.948289,0.705649,-0.637849,0.308558,-0.686425,-0.723381,0.074433,,,0.000000,,,,0.00,,,
21499,,,,,,,,,,,,,,-10.042453,2.596921,1.653337,-1.038455,-0.202288,0.637618,0.916504,0.006104,-0.338623,-0.100394,0.026167,0.016404,,0.173258,-0.262922,-0.949133,0.712248,-0.632139,0.305127,-0.680209,-0.728884,0.077743,,,0.000000,,,,0.00,,,
21500,,,,,,,,,,,,,,-10.175357,2.814953,1.816603,-0.963805,-0.434826,0.847688,0.922852,0.010498,-0.345215,-0.101708,0.028412,0.018013,99917.0000,0.170565,-0.260987,-0.950154,0.719380,-0.625974,0.301080,-0.673350,-0.734876,0.080979,,,0.000000,,,,0.00,,,
21501,,,,,,,,,,,,,,-10.110469,3.168745,1.881241,-0.666335,-0.732576,0.902742,0.924805,0.014648,-0.347412,-0.101042,0.032008,0.018603,,0.166177,-0.258944,-0.951490,0.727363,-0.619334,0.295583,-0.665829,-0.741197,0.085427,,,0.000000,,,,0.00,,,
21502,,,,,,,,,,,,,,-9.930675,3.503708,1.789490,-0.245876,-0.928980,0.825562,0.922119,0.029297,-0.343750,-0.099225,0.035410,0.017611,99909.0000,0.161003,-0.256829,-0.952952,0.735738,-0.612350,0.289338,-0.657850,-0.747707,0.090369,,,0.000000,,,,0.00,,,
21503,,,,,,,,,,,,,,-9.557972,3.811415,1.749098,0.178199,-1.185486,0.555672,0.917725,0.035645,-0.350342,-0.095478,0.038531,0.017128,,0.153761,-0.255086,-0.954614,0.745015,-0.604700,0.281585,-0.649084,-0.754499,0.097064,,,0.000000,,,,0.00,,,
21504,,,,,,,,,,,,,,-9.053519,4.057678,1.741388,0.565074,-1.456208,0.138300,0.917236,0.048340,-0.359619,-0.090410,0.041036,0.016978,99913.0000,0.145749,-0.253206,-0.956370,0.754836,-0.596427,0.272944,-0.639516,-0.761684,0.104201,,,0.000000,,,,0.00,,,
21505,,,,,,,,,,,,,,-8.471511,4.260541,1.714950,0.961542,-1.691778,-0.374923,0.916748,0.061035,-0.355713,-0.084567,0.043092,0.016655,,0.136177,-0.251765,-0.958160,0.765955,-0.586636,0.263004,-0.628306,-0.769723,0.112954,,,0.000000,,,,0.00,,,
21506,,,,,,,,,,,,,,-8.208441,4.241774,1.922100,0.999892,-1.895065,-0.621790,0.916260,0.077881,-0.360596,-0.081931,0.042948,0.018686,99913.0000,0.126907,-0.249584,-0.960001,0.778106,-0.575191,0.252401,-0.615179,-0.779014,0.121207,,,0.000000,,,,0.00,,,
21507,,,,,,,,,,,,,,-7.845210,4.150558,2.228009,0.950402,-2.152237,-0.969566,0.919922,0.092529,-0.367676,-0.078295,0.042094,0.021718,,0.117199,-0.247619,-0.961743,0.792008,-0.560955,0.240943,-0.599156,-0.789946,0.130372,,,0.000000,,,,0.00,,,
21508,,,,,,,,,,,,,,-8.333258,3.224849,2.423246,0.208215,-1.664940,-0.707892,0.914795,0.113525,-0.364014,-0.083198,0.032926,0.023775,99911.0000,0.108725,-0.243696,-0.963738,0.807201,-0.544184,0.228671,-0.580177,-0.802792,0.137545,,,0.000000,,,,0.00,,,
21509,,,,,,,,,,,,,,-9.403659,2.779642,3.090921,-0.471072,-1.712639,0.314050,0.914307,0.126221,-0.357910,-0.093895,0.028679,0.030526,,0.100183,-0.239341,-0.965753,0.823973,-0.524105,0.215364,-0.557702,-0.817331,0.144704,,,0.000000,,,,0.00,,,
21510,,,,,,,,,,,,,,-10.206236,0.554275,1.509950,-1.344807,0.878054,0.393832,0.913574,0.145264,-0.358643,-0.102019,0.006298,0.015093,99920.0000,0.092009,-0.232589,-0.968213,0.839958,-0.504086,0.200916,-0.534794,-0.831745,0.148985,,,0.000000,,,,0.00,,,
21511,,,,,,,,,,,,,,-12.101314,-2.389573,0.889053,-3.533754,3.191706,1.600584,0.912598,0.166260,-0.348389,-0.121173,-0.022822,0.009485,,0.080761,-0.221566,-0.971795,0.854541,-0.486478,0.181932,-0.513067,-0.845132,0.150049,,,0.000000,,,,0.00,,,
21512,,,,,,,,,,,,,,-12.409147,-2.051548,2.799305,-4.081467,1.247941,2.344831,0.919922,0.197754,-0.342773,-0.124207,-0.018830,0.028636,99922.0000,0.065402,-0.205593,-0.976450,0.868194,-0.470651,0.157247,-0.491896,-0.858032,0.147713,,,0.000000,,,,0.00,,,
21513,,,,,,,,,,,,,,-12.111203,-0.184794,3.446656,-2.493742,-0.469055,2.522058,0.914551,0.225098,-0.337402,-0.121067,-0.000118,0.034658,,0.046465,-0.193568,-0.979986,0.880517,-0.455353,0.131691,-0.471731,-0.869014,0.149282,,,0.000000,,,,0.00,,,
21514,,,,,,,,,,,,,,-10.921554,0.186296,2.373761,-1.342979,-0.089701,1.283808,0.913574,0.248291,-0.335938,-0.109194,0.003196,0.023680,99920.0000,0.028286,-0.185021,-0.982327,0.890292,-0.442173,0.108919,-0.454511,-0.877639,0.152215,,,0.000000,,,,0.00,,,
21515,,,,,,,,,,,,,,-10.185990,0.020826,2.166086,-1.139344,-0.051757,0.538260,0.906738,0.262939,-0.338623,-0.101876,0.001275,0.021538,,0.010174,-0.180322,-0.983555,0.897896,-0.431250,0.088352,-0.440090,-0.884029,0.157523,,,0.000000,,,,0.00,,,
21516,,,,,,,,,,,,,,-9.942588,-0.192062,2.289299,-1.192086,-0.174911,0.320340,0.901611,0.286133,-0.339600,-0.099470,-0.000997,0.022754,99921.0000,-0.005242,-0.176286,-0.984325,0.903485,-0.422717,0.070894,-0.428589,-0.888951,0.161488,,,0.000000,,,,0.00,,,
21517,,,,,,,,,,,,,,-9.538560,-0.551948,2.259252,-1.327878,-0.108258,-0.085619,0.901123,0.300781,-0.337891,-0.095446,-0.004721,0.022512,,-0.020633,-0.173324,-0.984649,0.907530,-0.416464,0.054291,-0.419481,-0.892478,0.165890,,,0.000000,,,,0.00,,,
21518,,,,,,,,,,,,,,-9.628378,0.006381,2.836918,-0.917475,-0.885650,0.143516,0.902588,0.313477,-0.338379,-0.096309,0.000767,0.028269,99922.0000,-0.032948,-0.169968,-0.984899,0.910074,-0.412440,0.040731,-0.413135,-0.894988,0.168272,,,0.000000,,,,0.00,,,
21519,,,,,,,,,,,,,,-9.613776,0.441198,3.090736,-0.484693,-1.317475,0.197310,0.891602,0.326172,-0.343262,-0.096152,0.005017,0.030768,,-0.045103,-0.168815,-0.984615,0.912091,-0.409006,0.028345,-0.407499,-0.896781,0.172422,,,0.000000,,,,0.00,,,
21520,,,,,,,,,,,,,,-9.690627,0.731952,3.033240,-0.076727,-1.389508,0.272297,0.891113,0.338867,-0.341553,-0.096918,0.007842,0.030162,99911.0000,-0.054681,-0.167920,-0.984283,0.913835,-0.405666,0.018440,-0.402386,-0.898464,0.175633,,,0.000000,,,,0.00,,,
21521,,,,,,,,,,,,,,-9.605682,0.906471,2.704766,0.323265,-1.179186,0.132705,0.888916,0.344971,-0.345947,-0.096064,0.009507,0.026869,,-0.064010,-0.168471,-0.983626,0.915611,-0.401959,0.009261,-0.396938,-0.900026,0.179983,,,0.000000,,,,0.00,,,
21522,,,,,,,,,,,,,,-9.784540,0.835878,2.140706,0.583991,-0.611917,0.202424,0.884277,0.353516,-0.346436,-0.097854,0.008734,0.021215,99920.0000,-0.071347,-0.169023,-0.983026,0.917326,-0.398133,0.001877,-0.391692,-0.901622,0.183455,,,0.000000,,,,0.00,,,
21523,,,,,,,,,,,,,,-9.125221,1.047001,1.601359,1.025888,-0.301740,-0.550598,0.879883,0.357666,-0.348633,-0.091260,0.010743,0.015784,,-0.078718,-0.171767,-0.981988,0.918660,-0.395022,-0.004545,-0.387126,-0.902471,0.188890,,,0.000000,,,,0.00,,,
21524,,,,,,,,,,,,,,-8.641599,0.770702,1.311408,0.906661,0.008942,-1.085224,0.886230,0.364014,-0.351074,-0.086432,0.007897,0.012895,99923.0000,-0.084264,-0.174592,-0.981029,0.919421,-0.393172,-0.009000,-0.384142,-0.902737,0.193654,,,0.000000,,,,0.00,,,
21525,,,,,,,,,,,,,,-8.344520,0.275195,1.738694,0.315318,-0.201783,-1.292743,0.884033,0.366211,-0.355469,-0.083483,0.002898,0.017181,,-0.089736,-0.178431,-0.979852,0.919678,-0.392465,-0.012758,-0.382281,-0.902293,0.199317,,,0.000000,,,,0.00,,,
21526,,,,,,,,,,,,,,-8.374586,-0.351413,2.119008,-0.362726,-0.267218,-1.178787,0.881836,0.372314,-0.364502,-0.083797,-0.003389,0.021007,99920.0000,-0.093917,-0.181423,-0.978910,0.919922,-0.391789,-0.015647,-0.380688,-0.901990,0.203691,,,0.000000,,,,0.00,,,
21527,,,,,,,,,,,,,,-8.285452,-0.729184,2.183216,-0.701076,-0.164923,-1.243673,0.871094,0.372314,-0.364502,-0.082905,-0.007169,0.021679,,-0.098245,-0.184636,-0.977884,0.920430,-0.390458,-0.018750,-0.378360,-0.901916,0.208305,,,0.000000,,,,0.00,,,
21528,,,,,,,,,,,,,,-8.027338,-0.841969,2.302642,-0.840827,-0.257639,-1.465488,0.877197,0.378662,-0.369141,-0.080324,-0.008298,0.022893,99920.0000,-0.101702,-0.187066,-0.977069,0.921237,-0.388405,-0.021527,-0.375472,-0.902301,0.211834,,,0.000000,,,,0.00,,,
21529,,,,,,,,,,,,,,-7.724759,-0.748313,2.331748,-0.759091,-0.353922,-1.752455,0.875488,0.376709,-0.377686,-0.077299,-0.007381,0.023181,,-0.105480,-0.190419,-0.976020,0.922018,-0.386386,-0.024261,-0.372501,-0.902467,0.216326,,,0.000000,,,,0.00,,,
21530,,,,,,,,,,,,,,-7.580194,-0.571463,2.356619,-0.592318,-0.451771,-1.889018,0.881592,0.378662,-0.375488,-0.075852,-0.005638,0.023424,99921.0000,-0.108260,-0.193420,-0.975125,0.922590,-0.384900,-0.026081,-0.370281,-0.902463,0.220117,,,0.000000,,,,0.00,,,
21531,,,,,,,,,,,,,,-7.831030,-0.535397,2.669398,-0.617766,-0.671205,-1.572231,0.883789,0.378662,-0.388672,-0.078364,-0.005294,0.026549,,-0.111383,-0.197055,-0.974045,0.922861,-0.384126,-0.027819,-0.368674,-0.902007,0.224640,,,0.000000,,,,0.00,,,
21532,,,,,,,,,,,,,,-8.130681,-0.464045,2.935997,-0.593928,-0.855687,-1.218599,0.881592,0.380859,-0.390869,-0.081363,-0.004585,0.029214,99914.0000,-0.113754,-0.199963,-0.973178,0.923025,-0.383641,-0.029063,-0.367540,-0.901573,0.228211,,,0.000000,,,,0.00,,,
21533,,,,,,,,,,,,,,-8.593748,-0.417674,3.363169,-0.626207,-1.134651,-0.666202,0.875488,0.380859,-0.397461,-0.085999,-0.004116,0.033481,,-0.116818,-0.203412,-0.972099,0.923082,-0.383375,-0.030707,-0.366432,-0.900915,0.232551,,,0.000000,,,,0.00,,,
21534,,,,,,,,,,,,,,-8.994205,-0.475863,3.291629,-0.581684,-0.938076,-0.287011,0.873535,0.376709,-0.397461,-0.090011,-0.004698,0.032735,99928.0000,-0.119393,-0.206673,-0.971098,0.923147,-0.383115,-0.031962,-0.365437,-0.900283,0.236531,,,0.000000,,,,0.00,,,
21535,,,,,,,,,,,,,,-9.196805,-0.872350,3.074408,-0.811157,-0.507419,-0.123591,0.881836,0.378662,-0.401855,-0.092042,-0.008672,0.030537,,-0.122720,-0.211076,-0.969735,0.923017,-0.383308,-0.033376,-0.364663,-0.899178,0.241866,,,0.000000,,,,0.00,,,
21536,,,,,,,,,,,,,,-9.439836,-1.379646,2.695211,-1.085099,0.115248,0.040597,0.877686,0.378662,-0.408203,-0.094462,-0.013746,0.026752,99925.0000,-0.125285,-0.214499,-0.968656,0.922869,-0.383572,-0.034425,-0.364165,-0.898255,0.246011,,,0.000000,,,,0.00,,,
21537,,,,,,,,,,,,,,-9.430213,-2.001335,2.668562,-1.617243,0.417368,0.049648,0.875732,0.374512,-0.408203,-0.094369,-0.019958,0.026490,,-0.128713,-0.218307,-0.967355,0.922426,-0.384496,-0.035964,-0.364093,-0.896942,0.250862,,,0.000000,,,,0.00,,,
21538,,,,,,,,,,,,,,-9.318468,-2.319747,2.580744,-1.867309,0.628213,-0.066218,0.869629,0.372314,-0.412598,-0.093251,-0.023145,0.025614,99926.0000,-0.131507,-0.221192,-0.966323,0.921743,-0.386024,-0.037079,-0.364822,-0.895578,0.254647,,,0.000000,,,,0.00,,,
21539,,,,,,,,,,,,,,-8.858212,-2.386695,2.769688,-2.027174,0.423364,-0.456054,0.861328,0.372314,-0.423584,-0.088649,-0.023836,0.027509,,-0.135001,-0.224470,-0.965084,0.920591,-0.388637,-0.038384,-0.366451,-0.893630,0.259111,,,0.000000,,,,0.00,,,
21540,,,,,,,,,,,,,,-8.597316,-2.319341,3.093690,-2.100916,0.084775,-0.623404,0.867676,0.370361,-0.421143,-0.086038,-0.023198,0.030752,99925.0000,-0.137298,-0.227118,-0.964140,0.919209,-0.391874,-0.038588,-0.369058,-0.891545,0.262572,,,0.000000,,,,0.00,,,
21541,,,,,,,,,,,,,,-8.364378,-2.236995,3.274449,-2.103248,-0.116412,-0.798719,0.861328,0.372314,-0.425781,-0.083711,-0.022410,0.032543,,-0.140277,-0.230669,-0.962868,0.917422,-0.396022,-0.038783,-0.372370,-0.888796,0.267174,,,0.000000,,,,0.00,,,
21542,,,,,,,,,,,,,,-8.239873,-2.214656,3.327382,-2.112091,-0.155870,-0.902791,0.863525,0.368164,-0.429932,-0.082468,-0.022215,0.033055,99926.0000,-0.142131,-0.234055,-0.961778,0.915466,-0.400616,-0.037794,-0.376458,-0.885847,0.271209,,,0.000000,,,,0.00,,,
21543,,,,,,,,,,,,,,-8.424146,-2.223853,3.805276,-2.259642,-0.475971,-0.589938,0.861572,0.368164,-0.440918,-0.084325,-0.022331,0.037812,,-0.145104,-0.238215,-0.960312,0.913210,-0.405777,-0.037330,-0.380780,-0.882383,0.276420,,,0.000000,,,,0.00,,,
21544,,,,,,,,,,,,,,-8.747251,-2.157540,4.109820,-2.264464,-0.641062,-0.193903,0.857666,0.361816,-0.438477,-0.087557,-0.021669,0.040867,99932.0000,-0.147054,-0.241501,-0.959194,0.911014,-0.410779,-0.036244,-0.385264,-0.879169,0.280417,,,0.000000,,,,0.00,,,
21545,,,,,,,,,,,,,,-8.915071,-1.923245,4.302415,-2.083942,-0.807662,0.020561,0.855713,0.361816,-0.447266,-0.089247,-0.019309,0.042789,,-0.150489,-0.245420,-0.957665,0.908852,-0.415534,-0.036330,-0.389026,-0.875843,0.285583,,,0.000000,,,,0.00,,,
21546,,,,,,,,,,,,,,-8.917053,-1.700135,4.513505,-1.952317,-1.027978,0.082130,0.849365,0.361816,-0.447266,-0.089298,-0.017067,0.044856,99925.0000,-0.153442,-0.249741,-0.956078,0.906858,-0.419907,-0.035857,-0.392509,-0.872529,0.290912,,,0.000000,,,,0.00,,,
21547,,,,,,,,,,,,,,-8.800015,-1.456792,4.640535,-1.771619,-1.198479,0.011856,0.851562,0.361816,-0.456055,-0.088158,-0.014640,0.046082,,-0.158370,-0.255376,-0.953783,0.904388,-0.425162,-0.036330,-0.396235,-0.868343,0.298292,,,0.000000,,,,0.00,,,
21548,,,,,,,,,,,,,,-8.421319,-1.291546,4.844180,-1.745222,-1.469447,-0.281307,0.845215,0.361816,-0.466797,-0.084392,-0.012999,0.048106,99926.0000,-0.162779,-0.260668,-0.951607,0.901481,-0.431314,-0.036057,-0.401043,-0.863725,0.305196,,,0.000000,,,,0.00,,,
21549,,,,,,,,,,,,,,-8.125246,-1.286834,4.998453,-1.821608,-1.601136,-0.497232,0.845459,0.359619,-0.475586,-0.081440,-0.012955,0.049655,,-0.169034,-0.266199,-0.948981,0.897997,-0.438445,-0.036965,-0.406237,-0.858431,0.313158,,,0.000000,,,,0.00,,,
21550,,,,,,,,,,,,,,-7.758270,-1.292748,4.962881,-1.857451,-1.593588,-0.840394,0.845459,0.359619,-0.479980,-0.077764,-0.013009,0.049323,99926.0000,-0.174377,-0.270544,-0.946783,0.894247,-0.446021,-0.037251,-0.412207,-0.853154,0.319709,,,0.000000,,,,0.00,,,
21551,,,,,,,,,,,,,,-7.520319,-1.390544,4.870634,-1.920004,-1.462138,-1.072709,0.835205,0.357666,-0.492920,-0.075373,-0.013980,0.048421,,-0.181087,-0.274969,-0.944246,0.890266,-0.453803,-0.038585,-0.417891,-0.847617,0.326973,,,0.000000,,,,0.00,,,
21552,,,,,,,,,,,,,,-7.320793,-1.496520,4.893078,-2.044412,-1.424810,-1.235640,0.833008,0.359619,-0.493164,-0.073368,-0.015044,0.048665,99926.0000,-0.186344,-0.278252,-0.942259,0.886259,-0.461548,-0.038973,-0.424053,-0.842348,0.332610,,,0.000000,,,,0.00,,,
21553,,,,,,,,,,,,,,-7.065502,-1.532258,4.657486,-1.998788,-1.215529,-1.536918,0.831055,0.359619,-0.499756,-0.070798,-0.015402,0.046331,,-0.192546,-0.281948,-0.939910,0.882231,-0.469114,-0.040008,-0.429645,-0.836921,0.339069,,,0.000000,,,,0.00,,,
21554,,,,,,,,,,,,,,-6.875452,-1.574025,4.264904,-1.890869,-0.867036,-1.837010,0.827148,0.355469,-0.512695,-0.068879,-0.015805,0.042424,99930.0000,-0.197079,-0.284728,-0.938131,0.878456,-0.476143,-0.040030,-0.435287,-0.831996,0.343959,,,0.000000,,,,0.00,,,
21555,,,,,,,,,,,,,,-6.567305,-1.725103,4.033435,-1.960636,-0.635166,-2.188624,0.822998,0.351318,-0.512451,-0.065781,-0.017319,0.040128,,-0.202501,-0.287920,-0.936000,0.874693,-0.482968,-0.040673,-0.440348,-0.826949,0.349643,,,0.000000,,,,0.00,,,
21556,,,,,,,,,,,,,,-6.224843,-1.581421,4.006732,-1.885011,-0.735731,-2.518255,0.829346,0.351318,-0.521240,-0.062340,-0.015902,0.039889,99931.0000,-0.206088,-0.289989,-0.934577,0.870810,-0.489990,-0.039988,-0.446338,-0.822080,0.353506,,,0.000000,,,,0.00,,,
21557,,,,,,,,,,,,,,-5.772000,-1.388793,4.411346,-1.981797,-1.246088,-2.796685,0.823242,0.349121,-0.523438,-0.057798,-0.014022,0.043969,,-0.210296,-0.292427,-0.932878,0.866728,-0.497212,-0.039524,-0.452281,-0.816864,0.358016,,,0.000000,,,,0.00,,,
21558,,,,,,,,,,,,,,-5.324032,-0.982733,5.070926,-2.035998,-2.078319,-2.989160,0.825195,0.351318,-0.523438,-0.053296,-0.010010,0.050615,99919.0000,-0.212092,-0.293610,-0.932100,0.862768,-0.504208,-0.037491,-0.458964,-0.812138,0.360256,,,0.000000,,,,0.00,,,
21559,,,,,,,,,,,,,,-4.905969,-0.157451,5.567707,-1.654748,-2.985750,-3.221809,0.823486,0.344971,-0.525391,-0.049073,-0.001758,0.055660,,-0.213928,-0.294717,-0.931331,0.859622,-0.509649,-0.036179,-0.463989,-0.808332,0.362373,,,0.000000,,,,0.00,,,
21560,,,,,,,,,,,,,,-5.566150,0.805308,6.183794,-1.002630,-3.767197,-2.418587,0.832031,0.342773,-0.525146,-0.055616,0.007905,0.061898,99917.0000,-0.212648,-0.293849,-0.931898,0.857834,-0.512798,-0.034050,-0.467870,-0.806654,0.361119,,,0.000000,,,,0.00,,,
21561,,,,,,,,,,,,,,-7.435344,1.770171,6.775872,-0.071385,-4.184432,-0.495198,0.832031,0.340820,-0.522949,-0.074282,0.017587,0.067867,,-0.211092,-0.293775,-0.932275,0.857800,-0.512949,-0.032590,-0.468636,-0.806585,0.360280,,,0.000000,,,,0.00,,,
21562,,,,,,,,,,,,,,-10.155226,2.994899,7.521945,1.169224,-4.620763,2.268663,0.833984,0.340820,-0.525146,-0.101525,0.029795,0.075318,99913.0000,-0.207057,-0.293912,-0.933136,0.858881,-0.511323,-0.029528,-0.468455,-0.807567,0.358309,,,0.000000,,,,0.00,,,
21563,,,,,,,,,,,,,,-14.192968,3.660632,8.307234,2.194835,-4.370192,6.309799,0.832275,0.334473,-0.522705,-0.142013,0.036329,0.083052,,-0.203723,-0.297585,-0.932706,0.861129,-0.507716,-0.026099,-0.465783,-0.808497,0.359692,,,0.000000,,,,0.00,,,
21564,,,,,,,,,,,,,,-18.419977,3.349072,7.917267,2.932444,-2.578654,10.135887,0.830078,0.334473,-0.522705,-0.184362,0.033138,0.078943,99914.0000,-0.199971,-0.301831,-0.932153,0.863896,-0.503171,-0.022402,-0.462271,-0.809763,0.361370,,,0.000000,,,,0.00,,,
21565,,,,,,,,,,,,,,-20.424299,1.727895,6.922790,2.418041,-0.226197,11.685300,0.828369,0.328125,-0.526855,-0.204428,0.017147,0.068713,,-0.200060,-0.308598,-0.929916,0.867681,-0.496640,-0.021858,-0.455089,-0.811243,0.367122,,,0.000000,,,,0.00,,,
21566,,,,,,,,,,,,,,-18.185638,-0.654098,4.577121,1.024968,2.239746,8.789134,0.829834,0.338623,-0.520752,-0.181944,-0.006296,0.045457,99917.0000,-0.201721,-0.311826,-0.928479,0.872761,-0.487460,-0.025904,-0.444519,-0.815566,0.370480,,,0.000000,,,,0.00,,,
21567,,,,,,,,,,,,,,-13.260292,-1.290942,1.211573,1.028979,3.764966,2.983239,0.837891,0.353516,-0.519043,-0.132603,-0.012704,0.012325,,-0.203168,-0.311177,-0.928381,0.880350,-0.473099,-0.034082,-0.428610,-0.824225,0.370063,,,0.000000,,,,0.00,,,
21568,,,,,,,,,,,,,,-9.592404,-0.204632,0.162283,1.684324,2.918982,-0.827999,0.839600,0.359619,-0.506104,-0.095917,-0.002044,0.001971,99907.0000,-0.200038,-0.305679,-0.930884,0.888394,-0.457269,-0.040752,-0.413207,-0.835144,0.363035,,,0.000000,,,,0.00,,,
21569,,,,,,,,,,,,,,-7.898300,1.140984,1.324159,2.036044,0.775002,-2.022177,0.845947,0.355469,-0.492920,-0.078948,0.011349,0.013500,,-0.193272,-0.301136,-0.933790,0.896048,-0.441875,-0.042961,-0.399681,-0.845023,0.355234,,,0.000000,,,,0.00,,,
21570,,,,,,,,,,,,,,-7.175465,2.183280,0.758033,3.010734,0.549366,-2.923425,0.851807,0.359863,-0.477539,-0.071804,0.021590,0.007797,99894.0000,-0.181452,-0.295662,-0.937902,0.903827,-0.425969,-0.040578,-0.387520,-0.855064,0.344520,,,0.000000,,,,0.00,,,
21571,,,,,,,,,,,,,,-7.506447,2.510945,-0.627427,3.822407,1.688897,-3.061342,0.860107,0.355469,-0.457764,-0.075260,0.024608,-0.005904,,-0.165287,-0.288589,-0.943078,0.912142,-0.408386,-0.034896,-0.375069,-0.865989,0.330735,,,0.000000,,,,0.00,,,
21572,,,,,,,,,,,,,,-8.983995,2.365802,-1.023394,3.938515,2.493416,-1.711825,0.877197,0.349365,-0.446533,-0.090103,0.022915,-0.009572,99890.0000,-0.144823,-0.278784,-0.949371,0.919518,-0.392246,-0.025085,-0.365394,-0.876597,0.313153,,,0.000000,,,,0.00,,,
21573,,,,,,,,,,,,,,-10.069373,1.811621,-0.788217,3.311538,2.768053,-0.503412,0.892334,0.332520,-0.428467,-0.100899,0.017255,-0.007126,,-0.124049,-0.271243,-0.954484,0.925132,-0.379444,-0.012405,-0.358808,-0.884562,0.298005,,,0.000000,,,,0.00,,,
21574,,,,,,,,,,,,,,-10.374945,1.219528,-1.109230,2.706018,3.310387,-0.217301,0.901123,0.322021,-0.410400,-0.103922,0.011283,-0.010397,99903.0000,-0.103371,-0.265096,-0.958665,0.929355,-0.369182,0.001878,-0.354420,-0.890746,0.284531,,,0.000000,,,,0.00,,,
21575,,,,,,,,,,,,,,-10.690774,0.758222,-1.826643,2.349876,4.163132,-0.048159,0.907715,0.309326,-0.403564,-0.107084,0.006654,-0.017568,,-0.083439,-0.259780,-0.962056,0.932511,-0.360762,0.016538,-0.351369,-0.895748,0.272349,,,0.000000,,,,0.00,,,
21576,,,,,,,,,,,,,,-11.253952,0.258593,-1.903068,1.736343,4.504478,0.532838,0.920654,0.298828,-0.392090,-0.112680,0.001652,-0.018274,99914.0000,-0.063744,-0.253447,-0.965247,0.934797,-0.353811,0.031168,-0.349415,-0.900323,0.259475,,,0.000000,,,,0.00,,,
21577,,,,,,,,,,,,,,-11.232598,-0.412709,-1.296046,0.677847,4.131315,0.698727,0.927490,0.280029,-0.376221,-0.112367,-0.005010,-0.012258,,-0.045106,-0.247953,-0.967721,0.936378,-0.348028,0.045528,-0.348082,-0.904099,0.247876,,,0.000000,,,,0.00,,,
21578,,,,,,,,,,,,,,-11.543228,-1.311728,-0.806477,-0.524647,4.019356,1.104418,0.936279,0.273682,-0.371582,-0.115377,-0.013931,-0.007452,99909.0000,-0.028246,-0.243277,-0.969545,0.936949,-0.344428,0.059127,-0.348323,-0.906744,0.237667,,,0.000000,,,,0.00,,,
21579,,,,,,,,,,,,,,-11.315900,-1.295050,0.196568,-1.042664,2.994102,1.128569,0.942871,0.260986,-0.362305,-0.113068,-0.013629,0.002497,,-0.013922,-0.238902,-0.970944,0.937076,-0.341894,0.070687,-0.348847,-0.908864,0.228629,,,0.000000,,,,0.00,,,
21580,,,,,,,,,,,,,,-10.143372,-0.711169,0.906632,-0.908737,1.813177,0.192338,0.947510,0.250488,-0.353027,-0.101348,-0.007642,0.009565,99910.0000,-0.000684,-0.233597,-0.972333,0.937292,-0.339051,0.080795,-0.348544,-0.911305,0.219180,,,0.000000,,,,0.00,,,
21581,,,,,,,,,,,,,,-9.364881,0.335332,1.130741,-0.132423,1.011541,-0.429206,0.952148,0.235840,-0.341797,-0.093602,0.002891,0.011809,,0.012140,-0.227132,-0.973788,0.937386,-0.336422,0.090155,-0.348080,-0.913910,0.208826,,,0.000000,,,,0.00,,,
21582,,,,,,,,,,,,,,-9.242925,1.253649,0.576230,0.803493,1.124052,-0.570132,0.958740,0.227539,-0.334717,-0.092458,0.012083,0.006231,99909.0000,0.024775,-0.221249,-0.974903,0.937003,-0.334766,0.099785,-0.348442,-0.915959,0.199017,,,0.000000,,,,0.00,,,
21583,,,,,,,,,,,,,,-8.346426,1.786605,0.198053,1.346066,1.047665,-1.447079,0.959229,0.210693,-0.329834,-0.083545,0.017434,0.002354,,0.037073,-0.216974,-0.975473,0.935605,-0.335421,0.110165,-0.351097,-0.916742,0.190567,,,0.000000,,,,0.00,,,
21584,,,,,,,,,,,,,,-7.541776,2.101405,0.077131,1.607033,0.847123,-2.196978,0.969971,0.202148,-0.318604,-0.075531,0.020584,0.001105,99910.0000,0.050303,-0.213904,-0.975559,0.933471,-0.337239,0.122076,-0.355109,-0.916796,0.182709,,,0.000000,,,,0.00,,,
21585,,,,,,,,,,,,,,-7.528986,2.202921,0.319835,1.507025,0.556984,-2.127755,0.977051,0.187500,-0.322266,-0.075409,0.021558,0.003569,,0.064394,-0.210579,-0.975454,0.930433,-0.340700,0.134972,-0.360759,-0.916286,0.173991,,,0.000000,,,,0.00,,,
21586,,,,,,,,,,,,,,-7.701024,2.446568,1.432081,1.196464,-0.536889,-1.712011,0.975342,0.172852,-0.317627,-0.077117,0.023895,0.014698,99921.0000,0.079337,-0.208538,-0.974791,0.926547,-0.345291,0.149279,-0.367717,-0.915033,0.165826,,,0.000000,,,,0.00,,,
