// Start Time: Unknown
// Update Rate: 100.0Hz
// Filter Profile: human (46.1)
// Firmware Version: 4.6.0
PacketCounter,SampleTimeFine,Year,Month,Day,Second,UTC_Nano,UTC_Year,UTC_Month,UTC_Day,UTC_Hour,UTC_Minute,UTC_Second,UTC_Valid,Acc_X,Acc_Y,Acc_Z,FreeAcc_X,FreeAcc_Y,FreeAcc_Z,Mag_X,Mag_Y,Mag_Z,VelInc_X,VelInc_Y,VelInc_Z,Pressure,Mat[1][1],Mat[2][1],Mat[3][1],Mat[1][2],Mat[2][2],Mat[3][2],Mat[1][3],Mat[2][3],Mat[3][3],Latitude,Longitude,Altitude,Vel_X,Vel_Y,Vel_Z,Temperature,GyrTemp_X,GyrTemp_Y,GyrTemp_Z
21428,,,,,,,,,,,,,,9.751738,0.820705,0.553869,-0.000000,-0.000000,-0.010814,-1.026123,-0.082031,0.334717,0.097517,0.008203,0.005547,99723.0000,-0.055648,0.084319,0.994884,-0.013537,-0.996400,0.083690,0.998359,-0.008811,0.056590,,,0.000000,,,,0.00,,,
21429,,,,,,,,,,,,,,9.777748,0.853019,0.516015,-0.034351,-0.020086,0.015674,-1.026367,-0.079834,0.336670,0.097777,0.008527,0.005169,,-0.054883,0.085390,0.994835,-0.014074,-0.996304,0.084739,0.998394,-0.009351,0.055882,,,0.000000,,,,0.00,,,
21430,,,,,,,,,,,,,,9.751773,0.881636,0.553250,0.005493,-0.050707,-0.005657,-1.019531,-0.082031,0.338867,0.097517,0.008815,0.005540,99720.0000,-0.054739,0.085414,0.994841,-0.013976,-0.996302,0.084771,0.998403,-0.009264,0.055730,,,0.000000,,,,0.00,,,
21431,,,,,,,,,,,,,,9.741107,0.833497,0.518384,-0.026545,-0.003166,-0.022289,-1.024170,-0.079834,0.336670,0.097411,0.008334,0.005190,,-0.054605,0.085419,0.994848,-0.013866,-0.996303,0.084783,0.998412,-0.009165,0.055588,,,0.000000,,,,0.00,,,
21432,,,,,,,,,,,,,,9.771810,0.872472,0.539963,-0.005792,-0.039511,0.012762,-1.021973,-0.079834,0.336670,0.097718,0.008725,0.005408,99727.0000,-0.054451,0.085413,0.994857,-0.013783,-0.996304,0.084783,0.998421,-0.009095,0.055427,,,0.000000,,,,0.00,,,
21433,,,,,,,,,,,,,,9.791808,0.862786,0.528150,-0.017199,-0.028253,0.031181,-1.019775,-0.079834,0.334717,0.097918,0.008630,0.005287,,-0.054351,0.085365,0.994866,-0.013652,-0.996309,0.084743,0.998429,-0.008976,0.055316,,,0.000000,,,,0.00,,,
21434,,,,,,,,,,,,,,9.730568,0.844323,0.483786,-0.056828,-0.015112,-0.033760,-1.023926,-0.086426,0.332520,0.097305,0.008445,0.004843,99727.0000,-0.054249,0.085317,0.994876,-0.013558,-0.996314,0.084701,0.998435,-0.008894,0.055205,,,0.000000,,,,0.00,,,
21435,,,,,,,,,,,,,,9.752237,0.821152,0.544342,0.003792,0.008834,-0.010818,-1.032715,-0.082031,0.341064,0.097522,0.008214,0.005448,,-0.054159,0.085264,0.994885,-0.013505,-0.996319,0.084652,0.998441,-0.008851,0.055111,,,0.000000,,,,0.00,,,
21436,,,,,,,,,,,,,,9.758388,0.861641,0.517596,-0.022760,-0.031340,-0.002745,-1.021729,-0.086426,0.338867,0.097583,0.008620,0.005182,99727.0000,-0.054047,0.085192,0.994898,-0.013403,-0.996326,0.084586,0.998448,-0.008763,0.054990,,,0.000000,,,,0.00,,,
21437,,,,,,,,,,,,,,9.789205,0.840048,0.536817,-0.003835,-0.008094,0.027145,-1.021973,-0.079834,0.330322,0.097891,0.008405,0.005373,,-0.053957,0.085103,0.994910,-0.013278,-0.996335,0.084504,0.998455,-0.008651,0.054890,,,0.000000,,,,0.00,,,
21438,,,,,,,,,,,,,,9.735724,0.848874,0.538972,0.001980,-0.022457,-0.025201,-1.021729,-0.082031,0.334717,0.097357,0.008494,0.005394,99714.0000,-0.053877,0.084984,0.994925,-0.013203,-0.996345,0.084390,0.998460,-0.008589,0.054802,,,0.000000,,,,0.00,,,
21439,,,,,,,,,,,,,,9.772614,0.808620,0.529792,-0.007525,0.020186,0.007601,-1.026367,-0.079834,0.334717,0.097726,0.008088,0.005304,,-0.053749,0.084950,0.994934,-0.013102,-0.996349,0.084363,0.998469,-0.008501,0.054666,,,0.000000,,,,0.00,,,
21440,,,,,,,,,,,,,,9.738982,0.867972,0.524133,-0.011247,-0.042481,-0.021164,-1.021729,-0.082031,0.334717,0.097389,0.008685,0.005244,99721.0000,-0.053705,0.084834,0.994947,-0.013010,-0.996360,0.084252,0.998472,-0.008419,0.054613,,,0.000000,,,,0.00,,,
21441,,,,,,,,,,,,,,9.755984,0.837035,0.525501,-0.009321,-0.011066,-0.006781,-1.026123,-0.084229,0.334717,0.097559,0.008374,0.005263,,-0.053557,0.084760,0.994961,-0.012874,-0.996367,0.084187,0.998482,-0.008300,0.054453,,,0.000000,,,,0.00,,,
21442,,,,,,,,,,,,,,9.776012,0.826744,0.513698,-0.020736,0.000181,0.011638,-1.023926,-0.082031,0.334717,0.097759,0.008272,0.005143,99719.0000,-0.053452,0.084668,0.994974,-0.012765,-0.996375,0.084101,0.998489,-0.008205,0.054339,,,0.000000,,,,0.00,,,
21443,,,,,,,,,,,,,,9.770103,0.844639,0.540596,0.007788,-0.019103,0.008726,-1.023926,-0.082031,0.330322,0.097700,0.008450,0.005415,,-0.053264,0.084591,0.994991,-0.012645,-0.996383,0.084033,0.998500,-0.008105,0.054141,,,0.000000,,,,0.00,,,
21444,,,,,,,,,,,,,,9.819082,0.826770,0.476993,-0.056746,0.002677,0.052515,-1.021729,-0.082031,0.336670,0.098190,0.008271,0.004774,99720.0000,-0.053185,0.084529,0.995001,-0.012542,-0.996389,0.083976,0.998506,-0.008013,0.054053,,,0.000000,,,,0.00,,,
21445,,,,,,,,,,,,,,9.759489,0.854839,0.508018,-0.022356,-0.030955,-0.002743,-1.021973,-0.079834,0.334717,0.097595,0.008550,0.005080,,-0.053174,0.084495,0.995004,-0.012454,-0.996392,0.083948,0.998508,-0.007928,0.054035,,,0.000000,,,,0.00,,,
21446,,,,,,,,,,,,,,9.810116,0.824062,0.517600,-0.014894,0.003497,0.045565,-1.026367,-0.079834,0.336670,0.098101,0.008243,0.005178,99721.0000,-0.053142,0.084448,0.995010,-0.012384,-0.996397,0.083904,0.998510,-0.007863,0.053996,,,0.000000,,,,0.00,,,
21447,,,,,,,,,,,,,,9.728891,0.874766,0.487445,-0.041043,-0.054024,-0.032630,-1.030762,-0.079834,0.332520,0.097289,0.008751,0.004873,,-0.053154,0.084396,0.995014,-0.012273,-0.996402,0.083858,0.998511,-0.007754,0.053999,,,0.000000,,,,0.00,,,
21448,,,,,,,,,,,,,,9.793361,0.852954,0.515163,-0.016564,-0.027700,0.031184,-1.023926,-0.082031,0.341064,0.097933,0.008533,0.005152,99721.0000,-0.053139,0.084328,0.995020,-0.012287,-0.996408,0.083789,0.998512,-0.007773,0.053984,,,0.000000,,,,0.00,,,
21449,,,,,,,,,,,,,,9.750599,0.851063,0.549078,0.019804,-0.029859,-0.009693,-1.028320,-0.082031,0.338867,0.097506,0.008511,0.005490,,-0.053146,0.084331,0.995019,-0.012190,-0.996408,0.083798,0.998512,-0.007676,0.053983,,,0.000000,,,,0.00,,,
21450,,,,,,,,,,,,,,9.802495,0.853837,0.474307,-0.058003,-0.028164,0.038138,-1.023926,-0.082031,0.332520,0.098025,0.008542,0.004741,99726.0000,-0.053198,0.084245,0.995024,-0.012129,-0.996416,0.083715,0.998510,-0.007615,0.054030,,,0.000000,,,,0.00,,,
21451,,,,,,,,,,,,,,9.773567,0.860729,0.526862,-0.004584,-0.038374,0.012767,-1.017334,-0.084229,0.332520,0.097736,0.008612,0.005263,,-0.053287,0.084193,0.995024,-0.012125,-0.996420,0.083662,0.998506,-0.007606,0.054117,,,0.000000,,,,0.00,,,
21452,,,,,,,,,,,,,,9.799523,0.831606,0.488910,-0.044426,-0.007751,0.034100,-1.028320,-0.082031,0.338867,0.097995,0.008321,0.004886,99720.0000,-0.053360,0.084099,0.995028,-0.012069,-0.996429,0.083570,0.998502,-0.007550,0.054184,,,0.000000,,,,0.00,,,
21453,,,,,,,,,,,,,,9.773574,0.799280,0.526234,-0.006105,0.021553,0.007599,-1.021729,-0.084229,0.338867,0.097736,0.007997,0.005255,,-0.053476,0.084061,0.995025,-0.012063,-0.996432,0.083532,0.998496,-0.007536,0.054299,,,0.000000,,,,0.00,,,
21454,,,,,,,,,,,,,,9.776633,0.878948,0.517295,-0.017501,-0.058081,0.016810,-1.028564,-0.079834,0.341064,0.097766,0.008792,0.005167,99720.0000,-0.053597,0.084020,0.995022,-0.012077,-0.996436,0.083489,0.998490,-0.007542,0.054421,,,0.000000,,,,0.00,,,
21455,,,,,,,,,,,,,,9.753629,0.807603,0.539662,0.005755,0.010718,-0.010821,-1.019775,-0.073242,0.332520,0.097537,0.008080,0.005386,,-0.053758,0.083982,0.995016,-0.012097,-0.996439,0.083448,0.998481,-0.007551,0.054582,,,0.000000,,,,0.00,,,
21456,,,,,,,,,,,,,,9.753645,0.866676,0.543810,0.007636,-0.048829,-0.005649,-1.026123,-0.082031,0.336670,0.097537,0.008669,0.005433,99720.0000,-0.053866,0.083929,0.995015,-0.012097,-0.996443,0.083394,0.998475,-0.007545,0.054689,,,0.000000,,,,0.00,,,
21457,,,,,,,,,,,,,,9.762708,0.807866,0.501289,-0.035664,0.010359,-0.003863,-1.023926,-0.084229,0.330322,0.097627,0.008085,0.005005,,-0.054008,0.083843,0.995014,-0.012059,-0.996451,0.083309,0.998468,-0.007500,0.054827,,,0.000000,,,,0.00,,,
21458,,,,,,,,,,,,,,9.753676,0.864691,0.546400,0.007920,-0.048479,-0.005648,-1.024170,-0.079834,0.334717,0.097537,0.008652,0.005460,99726.0000,-0.054097,0.083734,0.995019,-0.012066,-0.996460,0.083200,0.998463,-0.007505,0.054916,,,0.000000,,,,0.00,,,
21459,,,,,,,,,,,,,,9.808658,0.827791,0.456846,-0.084751,-0.006799,0.041068,-1.028564,-0.079834,0.332520,0.098087,0.008281,0.004563,,-0.054188,0.083714,0.995015,-0.012018,-0.996462,0.083181,0.998458,-0.007451,0.055002,,,0.000000,,,,0.00,,,
21460,,,,,,,,,,,,,,9.750600,0.842485,0.562135,0.021477,-0.027879,-0.009691,-1.028564,-0.077637,0.332520,0.097506,0.008429,0.005608,99720.0000,-0.054454,0.083622,0.995009,-0.012015,-0.996470,0.083087,0.998444,-0.007431,0.055267,,,0.000000,,,,0.00,,,
21461,,,,,,,,,,,,,,9.799475,0.824342,0.502010,-0.042671,-0.005584,0.034109,-1.026367,-0.077637,0.334717,0.097995,0.008247,0.005013,,-0.054566,0.083597,0.995005,-0.012043,-0.996472,0.083060,0.998438,-0.007451,0.055380,,,0.000000,,,,0.00,,,
21462,,,,,,,,,,,,,,9.759688,0.842428,0.524659,-0.019855,-0.028089,-0.002729,-1.023926,-0.082031,0.332520,0.097597,0.008430,0.005237,99716.0000,-0.054770,0.083473,0.995004,-0.012050,-0.996482,0.082934,0.998426,-0.007448,0.055584,,,0.000000,,,,0.00,,,
21463,,,,,,,,,,,,,,9.770324,0.770194,0.554989,0.009053,0.043931,0.003546,-1.019775,-0.079834,0.334717,0.097703,0.007707,0.005538,,-0.054957,0.083417,0.994998,-0.012029,-0.996487,0.082877,0.998416,-0.007414,0.055768,,,0.000000,,,,0.00,,,
21464,,,,,,,,,,,,,,9.803982,0.769123,0.564279,0.014660,0.047059,0.037469,-1.015137,-0.082031,0.338867,0.098040,0.007693,0.005636,99720.0000,-0.055092,0.083387,0.994993,-0.012056,-0.996490,0.082844,0.998408,-0.007432,0.055904,,,0.000000,,,,0.00,,,
21465,,,,,,,,,,,,,,9.756458,0.820190,0.542964,-0.005538,-0.007267,-0.006775,-1.021729,-0.082031,0.330322,0.097565,0.008199,0.005422,,-0.055204,0.083465,0.994980,-0.011986,-0.996484,0.082926,0.998403,-0.007348,0.056011,,,0.000000,,,,0.00,,,
21466,,,,,,,,,,,,,,9.793125,0.840713,0.539220,-0.013195,-0.024222,0.031198,-1.028320,-0.082031,0.332520,0.097932,0.008406,0.005384,99722.0000,-0.055378,0.083488,0.994969,-0.011991,-0.996482,0.082947,0.998393,-0.007337,0.056184,,,0.000000,,,,0.00,,,
21467,,,,,,,,,,,,,,9.753206,0.860056,0.561878,0.009949,-0.046246,-0.005639,-1.021729,-0.084229,0.332520,0.097533,0.008599,0.005609,,-0.055538,0.083565,0.994954,-0.011954,-0.996476,0.083025,0.998385,-0.007283,0.056341,,,0.000000,,,,0.00,,,
21468,,,,,,,,,,,,,,9.710215,0.858653,0.597299,0.046037,-0.048666,-0.046529,-1.023926,-0.082031,0.326172,0.097102,0.008588,0.005966,99717.0000,-0.055692,0.083539,0.994947,-0.011945,-0.996478,0.082999,0.998377,-0.007262,0.056494,,,0.000000,,,,0.00,,,
21469,,,,,,,,,,,,,,9.762241,0.861628,0.523813,-0.031667,-0.046314,0.001332,-1.024170,-0.077637,0.332520,0.097623,0.008617,0.005231,,-0.055839,0.083585,0.994935,-0.011909,-0.996475,0.083046,0.998369,-0.007212,0.056637,,,0.000000,,,,0.00,,,
21470,,,,,,,,,,,,,,9.733094,0.868928,0.576954,0.021437,-0.056852,-0.024055,-1.028564,-0.079834,0.332520,0.097331,0.008693,0.005762,99716.0000,-0.055992,0.083510,0.994933,-0.011906,-0.996481,0.082970,0.998360,-0.007200,0.056789,,,0.000000,,,,0.00,,,
21471,,,,,,,,,,,,,,9.733086,0.868138,0.578272,0.021740,-0.056314,-0.024052,-1.021973,-0.079834,0.338867,0.097331,0.008686,0.005777,,-0.056084,0.083479,0.994930,-0.011865,-0.996484,0.082940,0.998356,-0.007154,0.056877,,,0.000000,,,,0.00,,,
21472,,,,,,,,,,,,,,9.713094,0.817013,0.587371,0.031260,-0.008019,-0.047665,-1.028320,-0.082031,0.332520,0.097131,0.008175,0.005867,99717.0000,-0.056231,0.083372,0.994931,-0.011841,-0.996493,0.082834,0.998348,-0.007123,0.057021,,,0.000000,,,,0.00,,,
21473,,,,,,,,,,,,,,9.766848,0.865663,0.587804,0.027825,-0.052446,0.009873,-1.026123,-0.084229,0.328369,0.097668,0.008663,0.005878,,-0.056195,0.083313,0.994938,-0.011786,-0.996498,0.082778,0.998350,-0.007075,0.056980,,,0.000000,,,,0.00,,,
21474,,,,,,,,,,,,,,9.736254,0.825645,0.564853,0.007054,-0.016118,-0.025191,-1.021729,-0.082031,0.334717,0.097362,0.008262,0.005648,99721.0000,-0.056207,0.083200,0.994947,-0.011663,-0.996509,0.082671,0.998351,-0.006957,0.056981,,,0.000000,,,,0.00,,,
21475,,,,,,,,,,,,,,9.742451,0.805797,0.536616,-0.021296,0.004222,-0.022277,-1.023926,-0.082031,0.330322,0.097424,0.008064,0.005365,,-0.056226,0.083177,0.994947,-0.011619,-0.996511,0.082651,0.998350,-0.006913,0.056996,,,0.000000,,,,0.00,,,
21476,,,,,,,,,,,,,,9.730333,0.842085,0.593353,0.035560,-0.034519,-0.028103,-1.026367,-0.075439,0.332520,0.097303,0.008427,0.005934,99721.0000,-0.056215,0.083053,0.994958,-0.011589,-0.996521,0.082529,0.998351,-0.006892,0.056982,,,0.000000,,,,0.00,,,
21477,,,,,,,,,,,,,,9.767270,0.860962,0.587697,0.027906,-0.050850,0.009881,-1.019775,-0.079834,0.334717,0.097672,0.008616,0.005879,,-0.056182,0.082979,0.994966,-0.011449,-0.996528,0.082462,0.998355,-0.006758,0.056937,,,0.000000,,,,0.00,,,
21478,,,,,,,,,,,,,,9.710705,0.848940,0.603186,0.046965,-0.045161,-0.046517,-1.028320,-0.082031,0.334717,0.097106,0.008498,0.006032,99725.0000,-0.056177,0.082798,0.994982,-0.011375,-0.996544,0.082285,0.998356,-0.006695,0.056924,,,0.000000,,,,0.00,,,
21479,,,,,,,,,,,,,,9.612730,0.822071,0.724248,0.174345,-0.028361,-0.139336,-1.024170,-0.079834,0.334717,0.096126,0.008231,0.007247,,-0.056082,0.082656,0.994999,-0.011186,-0.996557,0.082155,0.998363,-0.006523,0.056814,,,0.000000,,,,0.00,,,
21480,,,,,,,,,,,,,,9.674587,0.884367,0.608431,0.056744,-0.086863,-0.079283,-1.024170,-0.077637,0.330322,0.096744,0.008856,0.006102,99721.0000,-0.055740,0.082390,0.995040,-0.010924,-0.996580,0.081906,0.998386,-0.006305,0.056450,,,0.000000,,,,0.00,,,
21481,,,,,,,,,,,,,,9.671731,0.801309,0.615535,0.067765,-0.006404,-0.088556,-1.026367,-0.079834,0.334717,0.096715,0.008029,0.006170,,-0.055499,0.082128,0.995075,-0.010673,-0.996603,0.081658,0.998402,-0.006088,0.056187,,,0.000000,,,,0.00,,,
21482,,,,,,,,,,,,,,9.751957,0.819435,0.572563,0.024029,-0.020878,-0.009680,-1.026367,-0.079834,0.338867,0.097517,0.008210,0.005749,99725.0000,-0.055048,0.081777,0.995129,-0.010317,-0.996634,0.081330,0.998430,-0.005789,0.055706,,,0.000000,,,,0.00,,,
21483,,,,,,,,,,,,,,9.718808,0.816493,0.560432,0.018312,-0.022942,-0.043598,-1.030518,-0.082031,0.330322,0.097185,0.008183,0.005627,,-0.054616,0.081505,0.995175,-0.009985,-0.996658,0.081078,0.998458,-0.005509,0.055247,,,0.000000,,,,0.00,,,
21484,,,,,,,,,,,,,,9.759357,0.853391,0.537383,-0.002608,-0.059935,-0.001546,-1.028564,-0.079834,0.336670,0.097591,0.008552,0.005398,99727.0000,-0.054159,0.081111,0.995233,-0.009650,-0.996691,0.080705,0.998486,-0.005233,0.054762,,,0.000000,,,,0.00,,,
21485,,,,,,,,,,,,,,9.663250,0.798708,0.567204,0.036704,-0.015753,-0.099991,-1.019775,-0.079834,0.336670,0.096630,0.008007,0.005693,,-0.053823,0.080837,0.995273,-0.009310,-0.996715,0.080451,0.998507,-0.004935,0.054399,,,0.000000,,,,0.00,,,
21486,,,,,,,,,,,,,,9.625814,0.800952,0.655211,0.131519,-0.025593,-0.132338,-1.026123,-0.082031,0.334717,0.096254,0.008031,0.006580,99722.0000,-0.053271,0.080371,0.995341,-0.008894,-0.996754,0.080009,0.998540,-0.004591,0.053813,,,0.000000,,,,0.00,,,
21487,,,,,,,,,,,,,,9.735222,0.809550,0.557347,0.034146,-0.028132,-0.028077,-1.024170,-0.075439,0.334717,0.097348,0.008119,0.005613,,-0.052553,0.079999,0.995409,-0.008458,-0.996786,0.079663,0.998582,-0.004232,0.053061,,,0.000000,,,,0.00,,,
21488,,,,,,,,,,,,,,9.791009,0.827843,0.462164,-0.056916,-0.046407,0.023846,-1.026367,-0.075439,0.338867,0.097906,0.008303,0.004653,99721.0000,-0.051956,0.079469,0.995482,-0.007981,-0.996830,0.079160,0.998617,-0.003832,0.052426,,,0.000000,,,,0.00,,,
21489,,,,,,,,,,,,,,9.683258,0.809944,0.547023,0.039336,-0.041594,-0.080399,-1.026367,-0.075439,0.341064,0.096829,0.008124,0.005503,,-0.051388,0.079022,0.995547,-0.007513,-0.996867,0.078739,0.998650,-0.003433,0.051821,,,0.000000,,,,0.00,,,
21490,,,,,,,,,,,,,,9.708353,0.742771,0.586738,0.084781,0.021854,-0.058692,-1.028564,-0.075439,0.341064,0.097079,0.007456,0.005901,99714.0000,-0.050746,0.078415,0.995628,-0.007016,-0.996916,0.078159,0.998687,-0.003019,0.051140,,,0.000000,,,,0.00,,,
21491,,,,,,,,,,,,,,9.631439,0.703970,0.690696,0.200110,0.050146,-0.133086,-1.021973,-0.075439,0.343018,0.096309,0.007063,0.006951,,-0.049915,0.078012,0.995702,-0.006394,-0.996949,0.077789,0.998733,-0.002484,0.050261,,,0.000000,,,,0.00,,,
21492,,,,,,,,,,,,,,9.795542,0.734509,0.500977,0.012171,0.028041,0.023073,-1.024170,-0.075439,0.338867,0.097951,0.007371,0.005064,99720.0000,-0.048843,0.077463,0.995798,-0.005833,-0.996993,0.077270,0.998789,-0.002034,0.049148,,,0.000000,,,,0.00,,,
21493,,,,,,,,,,,,,,9.876043,0.664376,0.361171,-0.121325,0.101020,0.091005,-1.017578,-0.073242,0.341064,0.098757,0.006663,0.003661,,-0.047961,0.077166,0.995864,-0.005246,-0.997017,0.077003,0.998835,-0.001531,0.048223,,,0.000000,,,,0.00,,,
21494,,,,,,,,,,,,,,9.911506,0.779700,0.363863,-0.111969,-0.014831,0.135454,-1.026367,-0.073242,0.347412,0.099112,0.007814,0.003679,99722.0000,-0.047188,0.076807,0.995929,-0.004691,-0.997045,0.076671,0.998875,-0.001054,0.047409,,,0.000000,,,,0.00,,,
21495,,,,,,,,,,,,,,9.852239,0.746191,0.386098,-0.079745,0.011612,0.074981,-1.026611,-0.071045,0.338867,0.098520,0.007476,0.003892,,-0.046596,0.076585,0.995974,-0.004262,-0.997063,0.076470,0.998905,-0.000681,0.046785,,,0.000000,,,,0.00,,,
21496,,,,,,,,,,,,,,9.766033,0.814246,0.378472,-0.077666,-0.065504,-0.005990,-1.026611,-0.071045,0.343018,0.097658,0.008156,0.003813,99722.0000,-0.046058,0.076307,0.996020,-0.003815,-0.997084,0.076212,0.998931,-0.000290,0.046215,,,0.000000,,,,0.00,,,
21497,,,,,,,,,,,,,,9.672572,0.808104,0.483388,0.035242,-0.068994,-0.094697,-1.019775,-0.075439,0.341064,0.096723,0.008100,0.004853,,-0.045793,0.075974,0.996058,-0.003387,-0.997110,0.075899,0.998945,0.000102,0.045918,,,0.000000,,,,0.00,,,
21498,,,,,,,,,,,,,,9.505465,0.761916,0.599730,0.164504,-0.039429,-0.259393,-1.019775,-0.073242,0.341064,0.095051,0.007638,0.006030,99722.0000,-0.045143,0.075549,0.996120,-0.002932,-0.997142,0.075494,0.998976,0.000488,0.045236,,,0.000000,,,,0.00,,,
21499,,,,,,,,,,,,,,9.632895,0.726750,0.574976,0.140618,0.002061,-0.136343,-1.015625,-0.068848,0.345215,0.096325,0.007292,0.005791,,-0.044421,0.075141,0.996183,-0.002486,-0.997173,0.075104,0.999010,0.000859,0.044482,,,0.000000,,,,0.00,,,
21500,,,,,,,,,,,,,,9.572416,0.599175,0.679274,0.256397,0.120100,-0.201683,-1.024414,-0.071045,0.349365,0.095720,0.006014,0.006838,99725.0000,-0.043520,0.074640,0.996260,-0.001904,-0.997210,0.074628,0.999051,0.001351,0.043541,,,0.000000,,,,0.00,,,
21501,,,,,,,,,,,,,,9.662258,0.676773,0.587861,0.172277,0.046076,-0.110573,-1.024170,-0.073242,0.347412,0.096617,0.006783,0.005951,,-0.042119,0.074352,0.996342,-0.001247,-0.997230,0.074365,0.999112,0.001890,0.042095,,,0.000000,,,,0.00,,,
21502,,,,,,,,,,,,,,9.839857,0.749608,0.324465,-0.083995,-0.016726,0.060641,-1.022217,-0.068848,0.345215,0.098395,0.007510,0.003317,99720.0000,-0.040706,0.074056,0.996423,-0.000592,-0.997251,0.074094,0.999171,0.002426,0.040638,,,0.000000,,,,0.00,,,
21503,,,,,,,,,,,,,,9.901699,0.677613,0.263790,-0.134936,0.057789,0.114590,-1.022217,-0.068848,0.349365,0.099014,0.006791,0.002703,,-0.039586,0.073868,0.996482,-0.000081,-0.997264,0.073922,0.999216,0.002845,0.039484,,,0.000000,,,,0.00,,,
21504,,,,,,,,,,,,,,10.174190,0.554759,-0.141857,-0.539188,0.197366,0.361414,-1.022217,-0.068848,0.345215,0.101742,0.005553,-0.001365,99719.0000,-0.038555,0.073778,0.996529,0.000316,-0.997270,0.073845,0.999256,0.003162,0.038426,,,0.000000,,,,0.00,,,
21505,,,,,,,,,,,,,,10.115421,0.797289,0.077653,-0.312947,-0.048017,0.329463,-1.020020,-0.071045,0.347412,0.101154,0.007973,0.000780,,-0.038651,0.073841,0.996521,0.000911,-0.997263,0.073931,0.999252,0.003765,0.038478,,,0.000000,,,,0.00,,,
21506,,,,,,,,,,,,,,10.009628,0.692675,-0.019885,-0.405469,0.048927,0.212583,-1.024170,-0.073242,0.349609,0.100097,0.006920,-0.000192,99719.0000,-0.038537,0.073984,0.996515,0.001090,-0.997252,0.074081,0.999257,0.003941,0.038350,,,0.000000,,,,0.00,,,
21507,,,,,,,,,,,,,,10.087436,1.031619,-0.020049,-0.411908,-0.281138,0.315110,-1.022217,-0.066650,0.347412,0.100874,0.010315,-0.000240,,-0.039355,0.074152,0.996470,0.001080,-0.997239,0.074252,0.999225,0.003998,0.039167,,,0.000000,,,,0.00,,,
21508,,,,,,,,,,,,,,9.734999,0.853869,0.400996,0.013558,-0.128590,-0.032944,-1.024170,-0.075439,0.343018,0.097352,0.008544,0.003961,99720.0000,-0.040360,0.074055,0.996437,0.000952,-0.997246,0.074154,0.999185,0.003942,0.040178,,,0.000000,,,,0.00,,,
21509,,,,,,,,,,,,,,9.884041,0.640374,0.434841,0.031727,0.095654,0.101104,-1.022217,-0.071045,0.343018,0.098842,0.006411,0.004308,,-0.041195,0.074069,0.996402,0.000526,-0.997247,0.074154,0.999151,0.003579,0.041043,,,0.000000,,,,0.00,,,
21510,,,,,,,,,,,,,,9.656738,0.568879,0.595117,0.193399,0.150805,-0.124023,-1.015625,-0.068848,0.347412,0.096570,0.005682,0.005914,99716.0000,-0.041966,0.074230,0.996358,0.000508,-0.997235,0.074316,0.999119,0.003625,0.041813,,,0.000000,,,,0.00,,,
21511,,,,,,,,,,,,,,9.944820,0.626950,0.574531,0.156615,0.116318,0.166518,-1.020020,-0.066650,0.349365,0.099449,0.006263,0.005740,,-0.042050,0.074450,0.996338,0.000214,-0.997219,0.074525,0.999115,0.003347,0.041917,,,0.000000,,,,0.00,,,
21512,,,,,,,,,,,,,,10.258464,0.555144,-0.008561,-0.441154,0.213263,0.449098,-1.022217,-0.068848,0.347412,0.102586,0.005520,-0.000099,99719.0000,-0.042315,0.075078,0.996279,0.000073,-0.997172,0.075148,0.999104,0.003252,0.042190,,,0.000000,,,,0.00,,,
21513,,,,,,,,,,,,,,10.062069,0.966269,0.214595,-0.216336,-0.204258,0.293569,-1.017822,-0.071045,0.341064,0.100625,0.009629,0.002085,,-0.043380,0.075749,0.996183,-0.000421,-0.997123,0.075802,0.999059,0.002868,0.043287,,,0.000000,,,,0.00,,,
21514,,,,,,,,,,,,,,10.138445,0.978145,0.025223,-0.419376,-0.204267,0.362177,-1.020020,-0.071045,0.343018,0.101387,0.009751,0.000209,99722.0000,-0.044165,0.076358,0.996102,-0.001287,-0.997078,0.076376,0.999023,0.002091,0.044134,,,0.000000,,,,0.00,,,
21515,,,,,,,,,,,,,,10.160509,1.185474,-0.049439,-0.509962,-0.403717,0.396164,-1.024170,-0.073242,0.347412,0.101607,0.011833,-0.000604,,-0.046131,0.076830,0.995976,-0.002464,-0.997044,0.076798,0.998932,0.001088,0.046184,,,0.000000,,,,0.00,,,
21516,,,,,,,,,,,,,,9.529531,1.039925,0.684697,0.230688,-0.304580,-0.209762,-1.021973,-0.073242,0.343018,0.095302,0.010406,0.006736,99720.0000,-0.048315,0.076803,0.995875,-0.003840,-0.997046,0.076707,0.998825,-0.000118,0.048467,,,0.000000,,,,0.00,,,
21517,,,,,,,,,,,,,,9.759417,0.574568,0.491029,0.012654,0.176931,-0.025656,-1.019775,-0.077637,0.336670,0.097597,0.005754,0.004848,,-0.049280,0.076844,0.995825,-0.005476,-0.997042,0.076667,0.998770,-0.001675,0.049555,,,0.000000,,,,0.00,,,
21518,,,,,,,,,,,,,,9.615132,0.615522,0.765367,0.278156,0.123934,-0.152323,-1.028564,-0.075439,0.343018,0.096158,0.006155,0.007563,99718.0000,-0.051112,0.076929,0.995726,-0.006333,-0.997034,0.076705,0.998673,-0.002385,0.051447,,,0.000000,,,,0.00,,,
21519,,,,,,,,,,,,,,9.133554,0.485662,1.188720,0.714524,0.217177,-0.619591,-1.024414,-0.071045,0.336670,0.091341,0.004854,0.011848,,-0.051808,0.077234,0.995666,-0.007031,-0.997008,0.076972,0.998632,-0.003013,0.052196,,,0.000000,,,,0.00,,,
21520,,,,,,,,,,,,,,9.845119,0.756581,0.461412,-0.052950,0.005463,0.072091,-1.024170,-0.075439,0.334717,0.098451,0.007558,0.004630,99721.0000,-0.051458,0.077430,0.995669,-0.007357,-0.996992,0.077152,0.998648,-0.003355,0.051873,,,0.000000,,,,0.00,,,
21521,,,,,,,,,,,,,,9.781909,0.899256,0.440314,-0.073710,-0.139688,0.019063,-1.013184,-0.073242,0.336670,0.097821,0.008986,0.004367,,-0.052173,0.077618,0.995617,-0.007483,-0.996977,0.077332,0.998610,-0.003416,0.052597,,,0.000000,,,,0.00,,,
21522,,,,,,,,,,,,,,9.561472,1.046390,0.576072,0.066815,-0.303389,-0.181902,-1.024170,-0.077637,0.336670,0.095615,0.010467,0.005743,99722.0000,-0.052519,0.077584,0.995602,-0.007783,-0.996979,0.077281,0.998590,-0.003690,0.052964,,,0.000000,,,,0.00,,,
21523,,,,,,,,,,,,,,9.912676,0.860716,0.331400,-0.196259,-0.091268,0.140450,-1.017578,-0.075439,0.338867,0.099125,0.008626,0.003305,,-0.052559,0.077338,0.995619,-0.008391,-0.996996,0.077002,0.998583,-0.004308,0.053050,,,0.000000,,,,0.00,,,
21524,,,,,,,,,,,,,,9.936806,0.841594,0.225466,-0.308163,-0.072976,0.157214,-1.028809,-0.071045,0.336670,0.099368,0.008430,0.002215,99725.0000,-0.053338,0.077080,0.995597,-0.008731,-0.997014,0.076722,0.998538,-0.004600,0.053852,,,0.000000,,,,0.00,,,
21525,,,,,,,,,,,,,,9.843924,0.967646,0.508089,-0.030010,-0.210016,0.089450,-1.026611,-0.073242,0.330322,0.098440,0.009698,0.005027,,-0.054213,0.076744,0.995576,-0.009396,-0.997037,0.076345,0.998485,-0.005216,0.054774,,,0.000000,,,,0.00,,,
21526,,,,,,,,,,,,,,9.689231,0.432804,0.608518,0.073077,0.306958,-0.099849,-1.021973,-0.077637,0.336670,0.096895,0.004348,0.006034,99722.0000,-0.055244,0.076416,0.995544,-0.010244,-0.997058,0.075964,0.998420,-0.006001,0.055865,,,0.000000,,,,0.00,,,
21527,,,,,,,,,,,,,,9.675087,0.699562,0.624322,0.079185,0.038717,-0.092672,-1.024170,-0.073242,0.334717,0.096753,0.007000,0.006211,,-0.055820,0.076471,0.995508,-0.010474,-0.997053,0.076002,0.998386,-0.006185,0.056456,,,0.000000,,,,0.00,,,
21528,,,,,,,,,,,,,,9.737509,0.821702,0.520312,-0.036707,-0.078863,-0.027115,-1.024170,-0.075439,0.336670,0.097376,0.008227,0.005163,99715.0000,-0.056613,0.076309,0.995476,-0.010913,-0.997063,0.075810,0.998337,-0.006572,0.057280,,,0.000000,,,,0.00,,,
21529,,,,,,,,,,,,,,9.685806,0.876364,0.605600,0.044651,-0.139398,-0.069578,-1.021973,-0.073242,0.332520,0.096859,0.008778,0.006018,,-0.057189,0.076126,0.995457,-0.011255,-0.997074,0.075604,0.998300,-0.006880,0.057878,,,0.000000,,,,0.00,,,
21530,,,,,,,,,,,,,,9.769417,0.695177,0.538184,-0.033042,0.044595,-0.003950,-1.019775,-0.073242,0.336670,0.097695,0.006975,0.005344,99717.0000,-0.057919,0.075720,0.995446,-0.011898,-0.997101,0.075154,0.998250,-0.007491,0.058653,,,0.000000,,,,0.00,,,
21531,,,,,,,,,,,,,,9.787318,0.575054,0.689929,0.113206,0.161398,0.013777,-1.026367,-0.077637,0.330322,0.097875,0.005767,0.006860,,-0.058481,0.075501,0.995429,-0.012396,-0.997114,0.074901,0.998212,-0.007959,0.059248,,,0.000000,,,,0.00,,,
21532,,,,,,,,,,,,,,10.014003,0.540000,0.472419,-0.123995,0.213425,0.223951,-1.021973,-0.073242,0.328125,0.100141,0.005405,0.004692,99716.0000,-0.059104,0.075456,0.995396,-0.012854,-0.997114,0.074823,0.998169,-0.008372,0.059903,,,0.000000,,,,0.00,,,
21533,,,,,,,,,,,,,,9.895015,0.731499,0.476752,-0.123344,0.014991,0.119999,-1.026367,-0.075439,0.332520,0.098953,0.007308,0.004711,,-0.060158,0.075740,0.995311,-0.013140,-0.997091,0.075081,0.998102,-0.008562,0.060978,,,0.000000,,,,0.00,,,
21534,,,,,,,,,,,,,,9.690372,0.703059,0.758065,0.159327,0.026808,-0.068656,-1.024170,-0.073242,0.328125,0.096908,0.007028,0.007530,99727.0000,-0.061171,0.075872,0.995239,-0.013655,-0.997077,0.075173,0.998034,-0.008992,0.062028,,,0.000000,,,,0.00,,,
21535,,,,,,,,,,,,,,9.710273,0.681960,0.596720,-0.009651,0.053033,-0.060373,-1.026611,-0.068604,0.323975,0.097106,0.006808,0.005933,,-0.061699,0.076203,0.995182,-0.013957,-0.997050,0.075481,0.997997,-0.009232,0.062580,,,0.000000,,,,0.00,,,
21536,,,,,,,,,,,,,,9.847777,1.051669,0.579361,-0.048227,-0.303519,0.103256,-1.024170,-0.073242,0.328125,0.098480,0.010518,0.005752,99725.0000,-0.062513,0.076232,0.995129,-0.014198,-0.997046,0.075487,0.997943,-0.009410,0.063411,,,0.000000,,,,0.00,,,
21537,,,,,,,,,,,,,,9.659293,0.567666,0.741202,0.123949,0.162471,-0.110533,-1.028564,-0.075439,0.328125,0.096596,0.005680,0.007367,,-0.063351,0.076167,0.995080,-0.014630,-0.997047,0.075386,0.997884,-0.009782,0.064279,,,0.000000,,,,0.00,,,
21538,,,,,,,,,,,,,,9.837049,0.844484,0.541288,-0.098325,-0.097649,0.074399,-1.026611,-0.073242,0.323975,0.098372,0.008441,0.005384,99714.0000,-0.063934,0.076270,0.995035,-0.014724,-0.997039,0.075477,0.997845,-0.009825,0.064868,,,0.000000,,,,0.00,,,
21539,,,,,,,,,,,,,,9.991072,0.977547,0.431281,-0.226444,-0.217041,0.230456,-1.028564,-0.079834,0.323975,0.099912,0.009781,0.004266,,-0.064725,0.076244,0.994986,-0.015144,-0.997037,0.075416,0.997788,-0.010187,0.065688,,,0.000000,,,,0.00,,,
21540,,,,,,,,,,,,,,9.913773,0.902603,0.537028,-0.125803,-0.150527,0.154634,-1.026367,-0.077637,0.323975,0.099140,0.009037,0.005307,99718.0000,-0.065961,0.076081,0.994917,-0.015458,-0.997047,0.075219,0.997702,-0.010418,0.066943,,,0.000000,,,,0.00,,,
21541,,,,,,,,,,,,,,9.999725,0.828709,0.552375,-0.126481,-0.071020,0.235463,-1.024170,-0.077637,0.321777,0.099999,0.008305,0.005460,,-0.067063,0.075986,0.994851,-0.016025,-0.997049,0.075073,0.997620,-0.010908,0.068083,,,0.000000,,,,0.00,,,
21542,,,,,,,,,,,,,,10.010030,0.960105,0.459113,-0.236549,-0.203039,0.248927,-1.024414,-0.073242,0.321777,0.100102,0.009616,0.004513,99720.0000,-0.068610,0.075743,0.994764,-0.016224,-0.997067,0.074800,0.997512,-0.011007,0.069637,,,0.000000,,,,0.00,,,
21543,,,,,,,,,,,,,,10.024868,1.083902,0.499950,-0.214025,-0.329009,0.275360,-1.026367,-0.075439,0.323975,0.100250,0.010870,0.004908,,-0.070201,0.075282,0.994688,-0.016663,-0.997098,0.074289,0.997394,-0.011360,0.071252,,,0.000000,,,,0.00,,,
21544,,,,,,,,,,,,,,9.997715,0.522370,0.647674,-0.074778,0.220854,0.216881,-1.028564,-0.075439,0.317627,0.099982,0.005261,0.006375,99721.0000,-0.072189,0.074635,0.994595,-0.017402,-0.997139,0.073563,0.997239,-0.011997,0.073281,,,0.000000,,,,0.00,,,
21545,,,,,,,,,,,,,,9.982034,0.666052,0.670799,-0.070364,0.071843,0.213501,-1.022217,-0.072998,0.313232,0.099825,0.006684,0.006610,,-0.073867,0.074347,0.994493,-0.017430,-0.997161,0.073252,0.997116,-0.011923,0.074953,,,0.000000,,,,0.00,,,
21546,,,,,,,,,,,,,,10.260591,0.756458,0.502102,-0.280943,0.000366,0.484161,-1.028809,-0.073242,0.319824,0.102609,0.007588,0.004916,99714.0000,-0.075878,0.073959,0.994371,-0.017681,-0.997188,0.072819,0.996960,-0.012056,0.076972,,,0.000000,,,,0.00,,,
21547,,,,,,,,,,,,,,10.156952,0.840365,0.591172,-0.205995,-0.095012,0.393578,-1.028809,-0.072998,0.309082,0.101575,0.008422,0.005784,,-0.078082,0.073712,0.994218,-0.017666,-0.997209,0.072547,0.996790,-0.011900,0.079166,,,0.000000,,,,0.00,,,
21548,,,,,,,,,,,,,,10.299517,1.005919,0.558686,-0.278236,-0.253365,0.544068,-1.030762,-0.075439,0.315430,0.102999,0.010089,0.005456,99725.0000,-0.080594,0.073203,0.994055,-0.017868,-0.997245,0.071989,0.996587,-0.011960,0.081680,,,0.000000,,,,0.00,,,
21549,,,,,,,,,,,,,,10.637940,1.163667,0.388830,-0.502808,-0.388212,0.876909,-1.031006,-0.072998,0.309082,0.106381,0.011672,0.003736,,-0.083135,0.072752,0.993879,-0.018016,-0.997278,0.071494,0.996375,-0.011962,0.084219,,,0.000000,,,,0.00,,,
21550,,,,,,,,,,,,,,10.780754,0.657227,0.365341,-0.564241,0.120254,0.978842,-1.039795,-0.068604,0.304688,0.107811,0.006618,0.003452,99720.0000,-0.086767,0.072033,0.993621,-0.019366,-0.997316,0.070610,0.996040,-0.013116,0.087929,,,0.000000,,,,0.00,,,
21551,,,,,,,,,,,,,,9.714185,1.044456,1.051267,0.167823,-0.356735,0.005963,-1.037598,-0.072998,0.300537,0.097160,0.010464,0.010321,,-0.090427,0.071714,0.993318,-0.018860,-0.997348,0.070288,0.995724,-0.012378,0.091540,,,0.000000,,,,0.00,,,
21552,,,,,,,,,,,,,,11.997119,2.093194,-0.344893,-1.489539,-1.234556,2.215954,-1.031250,-0.064209,0.296143,0.119944,0.021048,-0.003668,99722.0000,-0.093818,0.069805,0.993139,-0.020201,-0.997467,0.068201,0.995384,-0.013664,0.094990,,,0.000000,,,,0.00,,,
21553,,,,,,,,,,,,,,11.487872,0.383096,0.359434,-0.759932,0.399339,1.655078,-1.026855,-0.064209,0.289795,0.114883,0.004004,0.003233,,-0.099733,0.067044,0.992753,-0.020712,-0.997651,0.065294,0.994799,-0.014050,0.100888,,,0.000000,,,,0.00,,,
21554,,,,,,,,,,,,,,13.062170,0.633890,0.147870,-1.208271,0.218539,3.207896,-1.029053,-0.064209,0.281250,0.130614,0.006572,0.001086,99721.0000,-0.105712,0.063616,0.992360,-0.021614,-0.997863,0.061666,0.994162,-0.014930,0.106861,,,0.000000,,,,0.00,,,
21555,,,,,,,,,,,,,,12.734588,-0.847221,0.055011,-1.324667,1.638533,2.774998,-1.037842,-0.064209,0.274902,0.127359,-0.008290,-0.000018,,-0.114234,0.061010,0.991579,-0.022086,-0.998022,0.058862,0.993208,-0.015176,0.115355,,,0.000000,,,,0.00,,,
21556,,,,,,,,,,,,,,11.735601,1.138723,0.914853,-0.513175,-0.431504,1.994403,-1.035645,-0.062012,0.264404,0.117400,0.011370,0.008589,99718.0000,-0.123650,0.061498,0.990418,-0.022364,-0.997997,0.059176,0.992074,-0.014833,0.124778,,,0.000000,,,,0.00,,,
21557,,,,,,,,,,,,,,13.222154,0.321770,0.024000,-1.669898,0.497371,3.298086,-1.037842,-0.066406,0.255859,0.132222,0.003190,-0.000349,,-0.131865,0.062243,0.989312,-0.025262,-0.997914,0.059417,0.990946,-0.017156,0.133162,,,0.000000,,,,0.00,,,
21558,,,,,,,,,,,,,,13.568754,0.315248,-0.023686,-1.902017,0.540123,3.614872,-1.044434,-0.063965,0.249512,0.135685,0.003069,-0.001060,99721.0000,-0.143792,0.063709,0.987555,-0.026802,-0.997810,0.060468,0.989245,-0.017774,0.145185,,,0.000000,,,,0.00,,,
21559,,,,,,,,,,,,,,14.116649,1.109008,0.011763,-2.126841,-0.193405,4.185391,-1.041992,-0.072998,0.238770,0.141172,0.010982,-0.000789,,-0.155548,0.065605,0.985647,-0.028566,-0.997674,0.061897,0.987415,-0.018528,0.157060,,,0.000000,,,,0.00,,,
21560,,,,,,,,,,,,,,16.456634,1.594491,-1.243656,-3.950608,-0.473720,6.283065,-1.041992,-0.068359,0.223877,0.164482,0.015818,-0.013641,99725.0000,-0.169672,0.067252,0.983203,-0.031365,-0.997532,0.062819,0.985001,-0.020180,0.171363,,,0.000000,,,,0.00,,,
21561,,,,,,,,,,,,,,18.163834,2.387175,-2.047347,-5.320120,-1.100952,7.802338,-1.052734,-0.077148,0.202637,0.181446,0.023764,-0.022209,,-0.186915,0.068791,0.979965,-0.034126,-0.997398,0.063506,0.981783,-0.021572,0.188776,,,0.000000,,,,0.00,,,
21562,,,,,,,,,,,,,,17.929619,2.809629,-1.676686,-5.298882,-1.522788,7.558673,-1.050537,-0.079346,0.181396,0.179090,0.028028,-0.018902,99722.0000,-0.209824,0.069846,0.975241,-0.036682,-0.997305,0.063534,0.977051,-0.022443,0.211820,,,0.000000,,,,0.00,,,
21563,,,,,,,,,,,,,,19.394929,3.148312,-2.611276,-6.951560,-1.709931,8.670371,-1.052979,-0.074951,0.157959,0.193586,0.031448,-0.028679,,-0.233436,0.070741,0.969796,-0.040887,-0.997182,0.062897,0.971512,-0.024969,0.235671,,,0.000000,,,,0.00,,,
21564,,,,,,,,,,,,,,20.288750,3.065241,-3.599368,-8.657303,-1.531215,9.072628,-1.046387,-0.074951,0.130371,0.202275,0.030687,-0.039217,99714.0000,-0.263632,0.070459,0.962047,-0.044701,-0.997150,0.060780,0.963587,-0.026981,0.266030,,,0.000000,,,,0.00,,,
21565,,,,,,,,,,,,,,20.315339,4.047971,-3.874312,-9.570507,-2.496794,8.794606,-1.052979,-0.074707,0.089844,0.202363,0.040596,-0.042509,,-0.296260,0.069982,0.952540,-0.048450,-0.997129,0.058189,0.953878,-0.028911,0.298800,,,0.000000,,,,0.00,,,
21566,,,,,,,,,,,,,,21.321747,4.547709,-4.956896,-11.653586,-2.903418,9.043732,-1.057373,-0.076904,0.053711,0.212108,0.045569,-0.053978,99714.0000,-0.334413,0.068880,0.939906,-0.053509,-0.997104,0.054034,0.940906,-0.032224,0.337130,,,0.000000,,,,0.00,,,
21567,,,,,,,,,,,,,,23.400415,5.578270,-6.620451,-14.752728,-3.725960,9.958336,-1.055176,-0.074463,0.015381,0.232343,0.055912,-0.071641,,-0.373810,0.068057,0.925005,-0.058917,-0.997033,0.049548,0.925632,-0.035977,0.376711,,,0.000000,,,,0.00,,,
21568,,,,,,,,,,,,,,25.188046,7.041711,-7.875202,-17.664762,-5.029181,10.399521,-1.041992,-0.074463,-0.041992,0.249574,0.070565,-0.085560,99726.0000,-0.421530,0.066039,0.904407,-0.065294,-0.996966,0.042365,0.904461,-0.041194,0.424563,,,0.000000,,,,0.00,,,
21569,,,,,,,,,,,,,,26.842311,8.008905,-7.306851,-19.031407,-5.884361,11.186504,-1.031494,-0.058838,-0.095215,0.265889,0.080292,-0.081456,,-0.471819,0.065003,0.879296,-0.073509,-0.996707,0.034238,0.878626,-0.048482,0.475043,,,0.000000,,,,0.00,,,
21570,,,,,,,,,,,,,,29.099940,6.072103,-5.583126,-19.839073,-3.912404,12.673245,-1.014160,-0.052002,-0.150635,0.288779,0.061278,-0.065597,99721.0000,-0.527214,0.060830,0.847552,-0.085406,-0.996177,0.018371,0.845429,-0.062701,0.530394,,,0.000000,,,,0.00,,,
21571,,,,,,,,,,,,,,28.107916,0.444135,-6.185633,-20.708380,1.679114,10.100131,-0.999268,-0.038574,-0.208008,0.278683,0.004971,-0.071615,,-0.582001,0.058205,0.811103,-0.097679,-0.995217,0.001328,0.807300,-0.078455,0.584902,,,0.000000,,,,0.00,,,
21572,,,,,,,,,,,,,,22.720199,-0.051582,-4.383234,-17.350136,1.754852,5.387681,-0.979492,-0.036133,-0.284668,0.225290,-0.000315,-0.052537,99714.0000,-0.642788,0.060012,0.763690,-0.105053,-0.994414,-0.010278,0.758806,-0.086835,0.645502,,,0.000000,,,,0.00,,,
21573,,,,,,,,,,,,,,17.806900,0.621869,-3.958456,-14.863810,0.818940,0.741080,-0.946777,-0.031494,-0.335693,0.176406,0.006619,-0.046214,,-0.694650,0.060326,0.716814,-0.109527,-0.993729,-0.022509,0.710961,-0.094146,0.696901,,,0.000000,,,,0.00,,,
21574,,,,,,,,,,,,,,14.881717,5.292042,-7.808841,-16.624280,-3.701440,-5.312763,-0.916504,-0.013672,-0.388916,0.145504,0.053977,-0.083347,99721.0000,-0.745036,0.051944,0.664998,-0.099544,-0.994457,-0.033846,0.659554,-0.091413,0.746077,,,0.000000,,,,0.00,,,
21575,,,,,,,,,,,,,,3.988987,5.796616,-12.293418,-11.388150,-4.468271,-16.945351,-0.866699,0.008545,-0.452881,0.034337,0.058196,-0.124448,,-0.792619,0.033583,0.608791,-0.082635,-0.995186,-0.052690,0.604091,-0.092071,0.791579,,,0.000000,,,,0.00,,,
21576,,,,,,,,,,,,,,-13.940159,-2.712039,-12.209015,4.598607,3.543076,-27.613047,-0.823486,0.035400,-0.501953,-0.143627,-0.029681,-0.116386,99720.0000,-0.839813,0.011084,0.542762,-0.062113,-0.995188,-0.075783,0.539310,-0.097356,0.836461,,,0.000000,,,,0.00,,,
21577,,,,,,,,,,,,,,-21.195084,-13.331296,-0.596187,18.592899,13.108110,-20.282768,-0.799561,0.044434,-0.529541,-0.211292,-0.134421,0.001051,,-0.864815,0.007667,0.502032,-0.066116,-0.992915,-0.098730,0.497719,-0.118576,0.859195,,,0.000000,,,,0.00,,,
21578,,,,,,,,,,,,,,-14.063624,-6.234554,8.782880,16.947766,5.039824,-8.732224,-0.818115,0.006592,-0.525146,-0.140756,-0.062313,0.087659,99722.0000,-0.867320,0.022051,0.497262,-0.067503,-0.995000,-0.073615,0.493152,-0.097415,0.864472,,,0.000000,,,,0.00,,,
21579,,,,,,,,,,,,,,-12.169418,0.448459,-9.950670,5.097923,0.032399,-24.686327,-0.857178,-0.015625,-0.488770,-0.118568,0.007110,-0.103017,,-0.832800,0.030207,0.552750,-0.059767,-0.997580,-0.035533,0.550339,-0.062628,0.832589,,,0.000000,,,,0.00,,,
21580,,,,,,,,,,,,,,11.277751,2.883941,-19.247577,-20.379226,-1.363029,-19.231350,-0.874756,-0.013428,-0.461182,0.117245,0.029124,-0.189720,99715.0000,-0.806153,0.030879,0.590900,-0.059747,-0.997781,-0.029370,0.588682,-0.058982,0.806210,,,0.000000,,,,0.00,,,
21581,,,,,,,,,,,,,,6.661637,-2.908557,-15.293988,-14.329688,3.788660,-17.999805,-0.878418,-0.035645,-0.458984,0.067703,-0.026866,-0.152862,,-0.796394,0.022836,0.604346,-0.038421,-0.999179,-0.012875,0.603556,-0.033473,0.796618,,,0.000000,,,,0.00,,,
21582,,,,,,,,,,,,,,-1.227330,1.064131,-9.198948,-4.690950,-0.922336,-17.837285,-0.891357,-0.044678,-0.441895,-0.011349,0.012051,-0.091929,99717.0000,-0.784296,0.028103,0.619750,-0.024553,-0.999597,0.014256,0.619901,-0.004036,0.784669,,,0.000000,,,,0.00,,,
21583,,,,,,,,,,,,,,0.961957,5.231973,-9.534868,-6.931777,-5.240836,-16.421884,-0.910889,-0.055664,-0.422607,0.011376,0.053289,-0.094608,,-0.759851,0.036882,0.649051,-0.018544,-0.999213,0.035069,0.649833,0.014611,0.759936,,,0.000000,,,,0.00,,,
21584,,,,,,,,,,,,,,2.787886,2.551724,-10.983023,-9.407702,-2.665411,-16.080507,-0.936523,-0.075684,-0.395020,0.029820,0.026180,-0.109155,99720.0000,-0.737654,0.047416,0.673512,-0.016164,-0.998485,0.052591,0.674985,0.027907,0.737303,,,0.000000,,,,0.00,,,
21585,,,,,,,,,,,,,,0.103865,4.410152,-7.132749,-5.076771,-4.638053,-14.612935,-0.949219,-0.091309,-0.371582,0.002517,0.044657,-0.070938,,-0.710657,0.062337,0.700772,-0.015470,-0.997211,0.073019,0.703369,0.041051,0.709639,,,0.000000,,,,0.00,,,
21586,,,,,,,,,,,,,,0.879981,5.004145,-6.607829,-5.434450,-5.223865,-13.368979,-0.973389,-0.098145,-0.328857,0.010442,0.050337,-0.065605,99720.0000,-0.678363,0.071242,0.731265,-0.013086,-0.996302,0.084923,0.734611,0.048039,0.676786,,,0.000000,,,,0.00,,,
21587,,,,,,,,,,,,,,3.761133,3.917738,-7.816480,-8.409913,-4.005154,-11.764075,-0.984131,-0.102539,-0.290527,0.039526,0.039422,-0.077079,,-0.638081,0.076312,0.766178,-0.009777,-0.995799,0.091040,0.769907,0.050600,0.636147,,,0.000000,,,,0.00,,,
21588,,,,,,,,,,,,,,4.312946,3.387077,-6.830561,-8.057527,-3.393028,-10.341996,-1.003906,-0.100586,-0.243896,0.044769,0.034094,-0.067120,99718.0000,-0.598683,0.075876,0.797384,-0.004310,-0.995794,0.091520,0.800974,0.051355,0.596492,,,0.000000,,,,0.00,,,
