PacketCounter,SampleTimeFine,Year,Month,Day,Second,UTC_Nano,UTC_Year,UTC_Month,UTC_Day,UTC_Hour,UTC_Minute,UTC_Second,UTC_Valid,Acc_X,Acc_Y,Acc_Z,FreeAcc_X,FreeAcc_Y,FreeAcc_Z,Mag_X,Mag_Y,Mag_Z,VelInc_X,VelInc_Y,VelInc_Z,Pressure,Mat[1][1],Mat[2][1],Mat[3][1],Mat[1][2],Mat[2][2],Mat[3][2],Mat[1][3],Mat[2][3],Mat[3][3],Latitude,Longitude,Altitude,Vel_X,Vel_Y,Vel_Z,Temperature,GyrTemp_X,GyrTemp_Y,GyrTemp_Z
21428,,,,,,,,,,,,,,-9.359837,-2.782939,0.528203,0.000000,-0.000000,-0.033613,0.839355,-0.092773,0.031494,-0.093600,-0.027826,0.005265,99854.0000,0.289063,-0.017498,-0.957150,-0.927510,0.242405,-0.284543,0.236997,0.970017,0.053841,,,0.000000,,,,0.00,,,
21429,,,,,,,,,,,,,,-9.337631,-2.701607,0.600526,-0.045501,0.126329,-0.074483,0.841309,-0.090576,0.040283,-0.093379,-0.027011,0.005984,,0.288681,-0.018425,-0.957248,-0.929637,0.233740,-0.284853,0.228995,0.972125,0.050348,,,0.000000,,,,0.00,,,
21430,,,,,,,,,,,,,,-9.291297,-2.704540,0.662141,-0.017552,0.180683,-0.114842,0.841064,-0.084229,0.035889,-0.092916,-0.027039,0.006599,99849.0000,0.288918,-0.017689,-0.957190,-0.929845,0.232773,-0.284966,0.227849,0.972370,0.050805,,,0.000000,,,,0.00,,,
21431,,,,,,,,,,,,,,-9.300762,-2.686657,0.716406,-0.026490,0.234303,-0.108052,0.837158,-0.090576,0.027100,-0.093009,-0.026865,0.007147,,0.289045,-0.017028,-0.957164,-0.930104,0.231698,-0.284995,0.226626,0.972639,0.051133,,,0.000000,,,,0.00,,,
21432,,,,,,,,,,,,,,-9.311873,-2.637751,0.698258,-0.080277,0.225958,-0.112236,0.839111,-0.088379,0.033691,-0.093120,-0.026376,0.006976,99854.0000,0.289108,-0.016564,-0.957153,-0.930376,0.230585,-0.285011,0.225426,0.972911,0.051253,,,0.000000,,,,0.00,,,
21433,,,,,,,,,,,,,,-9.356220,-2.666175,0.713092,-0.063234,0.233278,-0.060897,0.843262,-0.086426,0.031494,-0.093561,-0.026667,0.007126,,0.289018,-0.016099,-0.957188,-0.930685,0.229503,-0.284876,0.224264,0.973175,0.051347,,,0.000000,,,,0.00,,,
21434,,,,,,,,,,,,,,-9.417362,-2.612481,0.670762,-0.139506,0.204314,-0.019808,0.837158,-0.090576,0.029297,-0.094172,-0.026130,0.006704,99849.0000,0.288923,-0.015667,-0.957224,-0.930998,0.228392,-0.284746,0.223083,0.973443,0.051402,,,0.000000,,,,0.00,,,
21435,,,,,,,,,,,,,,-9.431290,-2.635880,0.618771,-0.131942,0.147281,-0.002444,0.843506,-0.092773,0.029297,-0.094311,-0.026368,0.006185,,0.288751,-0.015193,-0.957284,-0.931340,0.227260,-0.284533,0.221875,0.973716,0.051471,,,0.000000,,,,0.00,,,
21436,,,,,,,,,,,,,,-9.419354,-2.668393,0.587213,-0.103371,0.107864,-0.006207,0.841309,-0.092773,0.029297,-0.094191,-0.026695,0.005868,99860.0000,0.288560,-0.014703,-0.957349,-0.931705,0.226049,-0.284302,0.220588,0.974005,0.051530,,,0.000000,,,,0.00,,,
21437,,,,,,,,,,,,,,-9.411094,-2.699630,0.590071,-0.069089,0.101747,-0.005050,0.843506,-0.092773,0.031494,-0.094108,-0.027006,0.005896,,0.288365,-0.014123,-0.957416,-0.932094,0.224754,-0.284054,0.219195,0.974313,0.051647,,,0.000000,,,,0.00,,,
21438,,,,,,,,,,,,,,-9.365199,-2.790809,0.633371,0.039852,0.121735,-0.020838,0.837158,-0.092773,0.029297,-0.093651,-0.027912,0.006331,99854.0000,0.288305,-0.013579,-0.957442,-0.932477,0.223285,-0.283955,0.217638,0.974659,0.051712,,,0.000000,,,,0.00,,,
21439,,,,,,,,,,,,,,-9.365305,-2.790351,0.633811,0.040113,0.121144,-0.020832,0.835205,-0.094727,0.029297,-0.093653,-0.027904,0.006337,,0.288274,-0.013020,-0.957459,-0.932853,0.221801,-0.283882,0.216062,0.975005,0.051794,,,0.000000,,,,0.00,,,
21440,,,,,,,,,,,,,,-9.359062,-2.807779,0.617354,0.054399,0.101435,-0.022716,0.843506,-0.092773,0.033691,-0.093591,-0.028074,0.006177,99854.0000,0.288329,-0.012655,-0.957448,-0.933181,0.220354,-0.283934,0.214570,0.975338,0.051725,,,0.000000,,,,0.00,,,
21441,,,,,,,,,,,,,,-9.412003,-2.804041,0.628333,0.037554,0.113766,0.027480,0.845703,-0.090576,0.027100,-0.094121,-0.028036,0.006287,,0.288385,-0.012270,-0.957436,-0.933472,0.219065,-0.283974,0.213225,0.975633,0.051721,,,0.000000,,,,0.00,,,
21442,,,,,,,,,,,,,,-9.406830,-2.747301,0.678396,-0.003938,0.176192,0.008987,0.845703,-0.092773,0.029297,-0.094069,-0.027468,0.006790,99854.0000,0.288443,-0.012035,-0.957422,-0.933747,0.217793,-0.284048,0.211938,0.975921,0.051583,,,0.000000,,,,0.00,,,
21443,,,,,,,,,,,,,,-9.412845,-2.730963,0.693709,-0.018091,0.194844,0.010894,0.839111,-0.088379,0.029297,-0.094129,-0.027307,0.006940,,0.288461,-0.011641,-0.957421,-0.934025,0.216599,-0.284046,0.210683,0.976191,0.051608,,,0.000000,,,,0.00,,,
21444,,,,,,,,,,,,,,-9.453884,-2.670802,0.687329,-0.087529,0.202904,0.032753,0.836914,-0.088379,0.033691,-0.094538,-0.026709,0.006877,99858.0000,0.288422,-0.011350,-0.957436,-0.934323,0.215355,-0.284012,0.209412,0.976470,0.051509,,,0.000000,,,,0.00,,,
21445,,,,,,,,,,,,,,-9.427025,-2.664911,0.654705,-0.091381,0.170996,0.003707,0.834961,-0.088379,0.026855,-0.094269,-0.026652,0.006549,,0.288324,-0.010859,-0.957471,-0.934635,0.214178,-0.283876,0.208151,0.976734,0.051603,,,0.000000,,,,0.00,,,
21446,,,,,,,,,,,,,,-9.361834,-2.702703,0.610241,-0.045796,0.118487,-0.050269,0.839111,-0.090576,0.031494,-0.093617,-0.027031,0.006100,99852.0000,0.288248,-0.010395,-0.957499,-0.934958,0.212898,-0.283773,0.206799,0.977019,0.051649,,,0.000000,,,,0.00,,,
21447,,,,,,,,,,,,,,-9.334011,-2.770614,0.510884,0.006292,0.004143,-0.062764,0.841309,-0.092773,0.018066,-0.093339,-0.027710,0.005106,,0.288157,-0.009722,-0.957534,-0.935300,0.211606,-0.283614,0.205377,0.977307,0.051883,,,0.000000,,,,0.00,,,
21448,,,,,,,,,,,,,,-9.269611,-2.824369,0.518659,0.077091,-0.000598,-0.108780,0.841309,-0.090576,0.027100,-0.092696,-0.028244,0.005187,99852.0000,0.288164,-0.009281,-0.957536,-0.935623,0.210183,-0.283606,0.203890,0.977618,0.051883,,,0.000000,,,,0.00,,,
21449,,,,,,,,,,,,,,-9.281772,-2.880179,0.535265,0.129810,0.002692,-0.080453,0.839111,-0.086426,0.024658,-0.092817,-0.028804,0.005357,,0.288090,-0.008755,-0.957563,-0.935946,0.208889,-0.283496,0.202507,0.977900,0.051985,,,0.000000,,,,0.00,,,
21450,,,,,,,,,,,,,,-9.249806,-2.906657,0.537379,0.165209,0.000325,-0.103463,0.837158,-0.090576,0.027100,-0.092496,-0.029071,0.005385,99855.0000,0.287965,-0.008557,-0.957603,-0.936258,0.207616,-0.283402,0.201238,0.978173,0.051774,,,0.000000,,,,0.00,,,
21451,,,,,,,,,,,,,,-9.330147,-2.907448,0.578962,0.152136,0.042184,-0.024165,0.841064,-0.086426,0.026855,-0.093300,-0.029076,0.005803,,0.287903,-0.008241,-0.957624,-0.936558,0.206335,-0.283345,0.199927,0.978447,0.051686,,,0.000000,,,,0.00,,,
21452,,,,,,,,,,,,,,-9.326993,-2.907440,0.542181,0.146670,0.008453,-0.029110,0.845703,-0.092773,0.022705,-0.093268,-0.029078,0.005433,99861.0000,0.287804,-0.008037,-0.957656,-0.936863,0.205042,-0.283276,0.198636,0.978720,0.051483,,,0.000000,,,,0.00,,,
21453,,,,,,,,,,,,,,-9.339458,-2.873134,0.573341,0.117505,0.046146,-0.025289,0.843506,-0.090576,0.027100,-0.093393,-0.028734,0.005742,,0.287786,-0.007644,-0.957664,-0.937129,0.203870,-0.283242,0.197405,0.978968,0.051507,,,0.000000,,,,0.00,,,
21454,,,,,,,,,,,,,,-9.341562,-2.840045,0.501966,0.072537,-0.015630,-0.036333,0.843262,-0.084229,0.026855,-0.093415,-0.028402,0.005026,99861.0000,0.287733,-0.007402,-0.957682,-0.937389,0.202725,-0.283203,0.196242,0.979208,0.051392,,,0.000000,,,,0.00,,,
21455,,,,,,,,,,,,,,-9.344532,-2.822680,0.483125,0.051888,-0.031314,-0.039380,0.839355,-0.092773,0.031494,-0.093443,-0.028233,0.004836,,0.287684,-0.006996,-0.957700,-0.937618,0.201771,-0.283126,0.195217,0.979408,0.051486,,,0.000000,,,,0.00,,,
21456,,,,,,,,,,,,,,-9.332780,-2.855166,0.449115,0.080458,-0.070725,-0.043195,0.841064,-0.084229,0.029053,-0.093326,-0.028557,0.004494,99857.0000,0.287577,-0.006742,-0.957734,-0.937852,0.200829,-0.283021,0.194249,0.979603,0.051430,,,0.000000,,,,0.00,,,
21457,,,,,,,,,,,,,,-9.333064,-2.854432,0.447866,0.079425,-0.071989,-0.043196,0.836914,-0.088379,0.029297,-0.093330,-0.028546,0.004488,,0.287613,-0.006515,-0.957725,-0.938029,0.199947,-0.283059,0.193339,0.979785,0.051396,,,0.000000,,,,0.00,,,
21458,,,,,,,,,,,,,,-9.331369,-2.886980,0.515639,0.124390,-0.010213,-0.032124,0.841309,-0.088379,0.029297,-0.093312,-0.028872,0.005167,99854.0000,0.287532,-0.006436,-0.957749,-0.938241,0.199017,-0.283013,0.192430,0.979975,0.051186,,,0.000000,,,,0.00,,,
21459,,,,,,,,,,,,,,-9.369844,-2.842835,0.526615,0.073420,0.010809,-0.007204,0.843506,-0.090576,0.024902,-0.093698,-0.028428,0.005279,,0.287618,-0.006284,-0.957725,-0.938417,0.198036,-0.283119,0.191443,0.980175,0.051062,,,0.000000,,,,0.00,,,
21460,,,,,,,,,,,,,,-9.378666,-2.809615,0.522948,0.039382,0.016498,-0.008353,0.839111,-0.090576,0.024902,-0.093786,-0.028095,0.005243,99857.0000,0.287594,-0.006225,-0.957732,-0.938650,0.196891,-0.283144,0.190331,0.980406,0.050782,,,0.000000,,,,0.00,,,
21461,,,,,,,,,,,,,,-9.361297,-2.786937,0.539237,0.025094,0.038400,-0.030582,0.841309,-0.090576,0.029297,-0.093613,-0.027868,0.005406,,0.287706,-0.006009,-0.957700,-0.938865,0.195673,-0.283276,0.189098,0.980651,0.050655,,,0.000000,,,,0.00,,,
21462,,,,,,,,,,,,,,-9.372004,-2.810248,0.449125,0.027076,-0.052091,-0.018290,0.838867,-0.082031,0.024658,-0.093720,-0.028101,0.004502,99857.0000,0.287704,-0.005829,-0.957702,-0.939127,0.194366,-0.283307,0.187796,0.980912,0.050446,,,0.000000,,,,0.00,,,
21463,,,,,,,,,,,,,,-9.371394,-2.793531,0.395000,0.000428,-0.100823,-0.026334,0.836914,-0.088379,0.022461,-0.093713,-0.027937,0.003961,,0.287789,-0.005555,-0.957678,-0.939361,0.193084,-0.283405,0.186487,0.981166,0.050349,,,0.000000,,,,0.00,,,
21464,,,,,,,,,,,,,,-9.333983,-2.854011,0.431080,0.075339,-0.075120,-0.043187,0.836914,-0.088379,0.026855,-0.093339,-0.028540,0.004322,99858.0000,0.287765,-0.005343,-0.957686,-0.939654,0.191639,-0.283416,0.185044,0.981451,0.050126,,,0.000000,,,,0.00,,,
21465,,,,,,,,,,,,,,-9.372184,-2.900386,0.425094,0.105351,-0.087999,0.006271,0.836914,-0.086426,0.024658,-0.093723,-0.028998,0.004261,,0.287991,-0.005053,-0.957620,-0.939876,0.190188,-0.283658,0.183561,0.981735,0.050023,,,0.000000,,,,0.00,,,
21466,,,,,,,,,,,,,,-9.385941,-2.924408,0.369848,0.112788,-0.144765,0.023529,0.845459,-0.088379,0.026855,-0.093861,-0.029237,0.003706,99859.0000,0.288138,-0.004814,-0.957577,-0.940098,0.188835,-0.283827,0.182191,0.981997,0.049885,,,0.000000,,,,0.00,,,
21467,,,,,,,,,,,,,,-9.382094,-2.925990,0.333940,0.105539,-0.178722,0.018566,0.841064,-0.082031,0.029053,-0.093824,-0.029250,0.003347,,0.288516,-0.004597,-0.957464,-0.940227,0.187594,-0.284222,0.180921,0.982236,0.049802,,,0.000000,,,,0.00,,,
21468,,,,,,,,,,,,,,-9.369407,-2.871749,0.316283,0.053136,-0.183708,-0.009821,0.841064,-0.086426,0.029053,-0.093697,-0.028706,0.003174,99857.0000,0.288733,-0.004473,-0.957399,-0.940403,0.186321,-0.284477,0.179656,0.982479,0.049591,,,0.000000,,,,0.00,,,
21469,,,,,,,,,,,,,,-9.342596,-2.884713,0.333241,0.072257,-0.165853,-0.030868,0.836914,-0.084229,0.026855,-0.093429,-0.028835,0.003350,,0.289131,-0.004510,-0.957279,-0.940533,0.184944,-0.284944,0.178328,0.982739,0.049231,,,0.000000,,,,0.00,,,
21470,,,,,,,,,,,,,,-9.393037,-2.827442,0.428921,0.019175,-0.056626,0.005864,0.838867,-0.084229,0.031250,-0.093933,-0.028262,0.004311,99857.0000,0.289303,-0.004546,-0.957227,-0.940759,0.183397,-0.285197,0.176849,0.983029,0.048781,,,0.000000,,,,0.00,,,
21471,,,,,,,,,,,,,,-9.351502,-2.801174,0.446110,0.005901,-0.029296,-0.040518,0.841309,-0.090576,0.020264,-0.093518,-0.027997,0.004483,,0.289693,-0.004665,-0.957108,-0.940930,0.181756,-0.285683,0.175293,0.983333,0.048264,,,0.000000,,,,0.00,,,
21472,,,,,,,,,,,,,,-9.356321,-2.770059,0.406670,-0.033611,-0.057313,-0.046678,0.847168,-0.080078,0.020264,-0.093566,-0.027688,0.004091,99857.0000,0.289882,-0.004718,-0.957051,-0.941168,0.180082,-0.285959,0.173697,0.983640,0.047762,,,0.000000,,,,0.00,,,
21473,,,,,,,,,,,,,,-9.362462,-2.773679,0.470203,-0.024688,0.010747,-0.036729,0.839111,-0.086426,0.020264,-0.093627,-0.027723,0.004730,,0.290254,-0.004889,-0.956937,-0.941352,0.178356,-0.286438,0.172075,0.983954,0.047167,,,0.000000,,,,0.00,,,
21474,,,,,,,,,,,,,,-9.303419,-2.814485,0.487293,0.031878,0.025767,-0.080745,0.841064,-0.084229,0.020264,-0.093037,-0.028130,0.004899,99854.0000,0.290464,-0.004936,-0.956873,-0.941595,0.176580,-0.286738,0.170380,0.984274,0.046642,,,0.000000,,,,0.00,,,
21475,,,,,,,,,,,,,,-9.308675,-2.890530,0.480522,0.097027,0.011621,-0.054207,0.836914,-0.088379,0.024658,-0.093090,-0.028889,0.004828,,0.290859,-0.004948,-0.956753,-0.941799,0.174706,-0.287216,0.168571,0.984608,0.046154,,,0.000000,,,,0.00,,,
21476,,,,,,,,,,,,,,-9.296382,-2.944233,0.493381,0.150787,0.019967,-0.049926,0.841064,-0.084229,0.022461,-0.092968,-0.029425,0.004957,99857.0000,0.291126,-0.004898,-0.956672,-0.942035,0.172864,-0.287556,0.166783,0.984934,0.045711,,,0.000000,,,,0.00,,,
21477,,,,,,,,,,,,,,-9.351082,-3.016126,0.464618,0.193299,-0.014815,0.021846,0.843018,-0.082031,0.020264,-0.093516,-0.030142,0.004669,,0.291599,-0.004897,-0.956528,-0.942203,0.171019,-0.288107,0.164995,0.985256,0.045255,,,0.000000,,,,0.00,,,
21478,,,,,,,,,,,,,,-9.375559,-3.080205,0.369252,0.227860,-0.114315,0.059502,0.840820,-0.080078,0.020264,-0.093760,-0.030785,0.003717,99854.0000,0.291889,-0.004877,-0.956440,-0.942417,0.169212,-0.288473,0.163248,0.985568,0.044795,,,0.000000,,,,0.00,,,
21479,,,,,,,,,,,,,,-9.324815,-3.088632,0.386469,0.247747,-0.092976,0.014375,0.834717,-0.084229,0.024658,-0.093254,-0.030866,0.003888,,0.292499,-0.004872,-0.956253,-0.942546,0.167313,-0.289158,0.161403,0.985892,0.044347,,,0.000000,,,,0.00,,,
21480,,,,,,,,,,,,,,-9.315263,-3.036362,0.401495,0.200808,-0.064242,-0.009098,0.841064,-0.082031,0.020264,-0.093157,-0.030348,0.004038,99865.0000,0.292757,-0.004795,-0.956175,-0.942779,0.165427,-0.289485,0.159565,0.986210,0.043909,,,0.000000,,,,0.00,,,
21481,,,,,,,,,,,,,,-9.259345,-2.881639,0.441631,0.073299,0.006475,-0.105529,0.832520,-0.082275,0.022461,-0.092596,-0.028806,0.004438,,0.293152,-0.004793,-0.956054,-0.942964,0.163536,-0.289958,0.157739,0.986526,0.043421,,,0.000000,,,,0.00,,,
21482,,,,,,,,,,,,,,-9.194948,-2.759392,0.482119,-0.017692,0.070588,-0.200796,0.843018,-0.077881,0.017822,-0.091950,-0.027588,0.004842,99852.0000,0.293197,-0.004674,-0.956041,-0.943259,0.161628,-0.290067,0.155879,0.986841,0.042980,,,0.000000,,,,0.00,,,
21483,,,,,,,,,,,,,,-9.181187,-2.649760,0.551963,-0.108575,0.162407,-0.242843,0.838623,-0.075684,0.011230,-0.091811,-0.026497,0.005544,,0.293354,-0.004673,-0.955992,-0.943528,0.159610,-0.290309,0.153943,0.987169,0.042413,,,0.000000,,,,0.00,,,
21484,,,,,,,,,,,,,,-9.209421,-2.497273,0.671616,-0.241247,0.309380,-0.255127,0.841064,-0.082031,0.018066,-0.092092,-0.024976,0.006736,99854.0000,0.293157,-0.004503,-0.956054,-0.943920,0.157516,-0.290178,0.151901,0.987506,0.041927,,,0.000000,,,,0.00,,,
21485,,,,,,,,,,,,,,-9.323984,-2.329271,0.611315,-0.443232,0.279708,-0.197013,0.834473,-0.080078,0.022461,-0.093237,-0.023300,0.006128,,0.293146,-0.004125,-0.956059,-0.944305,0.155128,-0.290212,0.149509,0.987886,0.041580,,,0.000000,,,,0.00,,,
21486,,,,,,,,,,,,,,-9.392197,-2.166551,0.608585,-0.614892,0.304794,-0.179064,0.834473,-0.080078,0.020264,-0.093918,-0.021679,0.006097,99855.0000,0.292781,-0.003697,-0.956172,-0.944826,0.152528,-0.289896,0.146915,0.988292,0.041164,,,0.000000,,,,0.00,,,
21487,,,,,,,,,,,,,,-9.489963,-2.081718,0.599971,-0.721263,0.311267,-0.110327,0.838867,-0.082031,0.022461,-0.094895,-0.020835,0.006016,,0.292280,-0.003244,-0.956327,-0.945431,0.149582,-0.289457,0.143989,0.988744,0.040653,,,0.000000,,,,0.00,,,
21488,,,,,,,,,,,,,,-9.538667,-2.020220,0.663808,-0.779928,0.386768,-0.078715,0.834473,-0.082031,0.015625,-0.095381,-0.020223,0.006658,99850.0000,0.291681,-0.002837,-0.956511,-0.946121,0.146166,-0.288946,0.140630,0.989256,0.039950,,,0.000000,,,,0.00,,,
21489,,,,,,,,,,,,,,-9.500371,-2.134754,0.813450,-0.633193,0.520464,-0.075948,0.843018,-0.077881,0.022461,-0.094998,-0.021363,0.008161,,0.290929,-0.002251,-0.956742,-0.946917,0.142282,-0.288276,0.136777,0.989824,0.039262,,,0.000000,,,,0.00,,,
21490,,,,,,,,,,,,,,-9.487699,-2.220131,0.892038,-0.534555,0.590577,-0.060425,0.844971,-0.077881,0.020020,-0.094872,-0.022211,0.008943,99861.0000,0.290410,-0.001601,-0.956901,-0.947706,0.137823,-0.287850,0.132344,0.990456,0.038508,,,0.000000,,,,0.00,,,
21491,,,,,,,,,,,,,,-9.429418,-2.238299,0.857218,-0.501445,0.555524,-0.112240,0.838867,-0.080078,0.017822,-0.094292,-0.022384,0.008595,,0.289883,-0.000624,-0.957062,-0.948533,0.133023,-0.287386,0.127490,0.991113,0.037969,,,0.000000,,,,0.00,,,
21492,,,,,,,,,,,,,,-9.441289,-2.276147,0.814614,-0.474397,0.512788,-0.091865,0.834473,-0.077881,0.013428,-0.094413,-0.022754,0.008168,99852.0000,0.289700,0.000222,-0.957118,-0.949286,0.127734,-0.287299,0.122192,0.991808,0.037215,,,0.000000,,,,0.00,,,
21493,,,,,,,,,,,,,,-9.431178,-2.250889,0.657067,-0.512937,0.360205,-0.114621,0.840820,-0.077881,0.013428,-0.094313,-0.022498,0.006587,,0.289370,0.001584,-0.957216,-0.950093,0.122251,-0.287014,0.116566,0.992498,0.036881,,,0.000000,,,,0.00,,,
21494,,,,,,,,,,,,,,-9.480160,-2.227254,0.581751,-0.560852,0.291770,-0.077553,0.844971,-0.075684,0.013428,-0.094805,-0.022256,0.005832,99852.0000,0.289491,0.002656,-0.957177,-0.950769,0.116353,-0.287230,0.110608,0.993204,0.036208,,,0.000000,,,,0.00,,,
21495,,,,,,,,,,,,,,-9.549754,-2.228040,0.520193,-0.587147,0.229783,-0.012941,0.840820,-0.077881,0.013428,-0.095501,-0.022261,0.005219,,0.289368,0.004116,-0.957209,-0.951498,0.110391,-0.287167,0.104486,0.993880,0.035860,,,0.000000,,,,0.00,,,
21496,,,,,,,,,,,,,,-9.567557,-2.383274,0.570496,-0.443066,0.267763,0.050152,0.840576,-0.071533,0.008789,-0.095679,-0.023811,0.005735,99858.0000,0.289539,0.005069,-0.957153,-0.952126,0.104011,-0.287467,0.098097,0.994563,0.034942,,,0.000000,,,,0.00,,,
21497,,,,,,,,,,,,,,-9.537292,-2.397414,0.548466,-0.423681,0.247133,0.024374,0.836182,-0.069580,0.013184,-0.095378,-0.023945,0.005518,,0.289476,0.006459,-0.957163,-0.952817,0.097372,-0.287505,0.091344,0.995227,0.034341,,,0.000000,,,,0.00,,,
21498,,,,,,,,,,,,,,-9.483171,-2.428274,0.352024,-0.401486,0.056527,-0.025626,0.836182,-0.069580,0.006592,-0.094837,-0.024258,0.003557,99859.0000,0.289834,0.007479,-0.957048,-0.953362,0.090281,-0.288012,0.084249,0.995888,0.033297,,,0.000000,,,,0.00,,,
21499,,,,,,,,,,,,,,-9.397025,-2.507012,0.205268,-0.315242,-0.092398,-0.090373,0.836426,-0.073730,0.013428,-0.093977,-0.025044,0.002086,,0.290008,0.008970,-0.956982,-0.953902,0.083414,-0.288293,0.077240,0.996475,0.032747,,,0.000000,,,,0.00,,,
21500,,,,,,,,,,,,,,-9.284215,-2.575509,0.027661,-0.236557,-0.267922,-0.184452,0.842529,-0.069336,0.010986,-0.092851,-0.025725,0.000300,99855.0000,0.290744,0.010349,-0.956745,-0.954229,0.076403,-0.289153,0.070106,0.997023,0.032089,,,0.000000,,,,0.00,,,
21501,,,,,,,,,,,,,,-9.261603,-2.558170,0.010776,-0.251405,-0.280877,-0.211670,0.840332,-0.069580,0.002197,-0.092628,-0.025540,0.000125,,0.291352,0.011964,-0.956541,-0.954514,0.069878,-0.289861,0.063373,0.997484,0.031778,,,0.000000,,,,0.00,,,
21502,,,,,,,,,,,,,,-9.346982,-2.409185,-0.013328,-0.430094,-0.292774,-0.174238,0.840088,-0.061035,-0.000244,-0.093484,-0.024037,-0.000130,99854.0000,0.292597,0.013494,-0.956141,-0.954557,0.063350,-0.291219,0.056642,0.997900,0.031417,,,0.000000,,,,0.00,,,
21503,,,,,,,,,,,,,,-9.500081,-2.165809,-0.095639,-0.721336,-0.364522,-0.101962,0.835693,-0.058838,-0.004639,-0.095016,-0.021591,-0.000970,,0.293801,0.015384,-0.955743,-0.954551,0.057153,-0.292515,0.050124,0.998247,0.031476,,,0.000000,,,,0.00,,,
21504,,,,,,,,,,,,,,-9.650395,-1.857257,-0.127989,-1.077098,-0.384953,-0.051153,0.840088,-0.061035,-0.000244,-0.096519,-0.018493,-0.001310,99852.0000,0.295593,0.017204,-0.955159,-0.954341,0.050440,-0.294431,0.043113,0.998579,0.031328,,,0.000000,,,,0.00,,,
21505,,,,,,,,,,,,,,-9.740288,-1.476761,-0.189783,-1.483838,-0.438679,-0.081511,0.837402,-0.050537,-0.000488,-0.097416,-0.014670,-0.001959,,0.297367,0.019599,-0.954562,-0.954105,0.043223,-0.296337,0.035451,0.998873,0.031553,,,0.000000,,,,0.00,,,
21506,,,,,,,,,,,,,,-9.825829,-1.199061,-0.292087,-1.799576,-0.545130,-0.089814,0.841553,-0.048340,0.001709,-0.098269,-0.011878,-0.003015,99855.0000,0.299922,0.022443,-0.953700,-0.953596,0.034803,-0.299070,0.026479,0.999142,0.031840,,,0.000000,,,,0.00,,,
21507,,,,,,,,,,,,,,-9.781792,-0.999193,-0.475881,-1.998300,-0.741659,-0.202019,0.841553,-0.044189,-0.011475,-0.097823,-0.009883,-0.004888,,0.302001,0.025874,-0.952956,-0.953165,0.025513,-0.301374,0.016515,0.999340,0.032367,,,0.000000,,,,0.00,,,
21508,,,,,,,,,,,,,,-9.745107,-1.009893,-0.567185,-1.999609,-0.859058,-0.243352,0.834961,-0.041992,-0.009521,-0.097453,-0.009999,-0.005818,99850.0000,0.304650,0.029923,-0.951994,-0.952452,0.014770,-0.304332,0.004954,0.999443,0.033000,,,0.000000,,,,0.00,,,
21509,,,,,,,,,,,,,,-9.714283,-1.297496,-0.411183,-1.725297,-0.732777,-0.184283,0.834961,-0.040039,-0.020508,-0.097151,-0.012873,-0.004244,,0.306135,0.034059,-0.951379,-0.951959,0.003161,-0.306209,-0.007422,0.999415,0.033390,,,0.000000,,,,0.00,,,
21510,,,,,,,,,,,,,,-9.746023,-1.342153,-0.019949,-1.718930,-0.370195,-0.133077,0.832275,-0.027344,-0.016357,-0.097478,-0.013288,-0.000340,99852.0000,0.308757,0.038756,-0.950351,-0.950899,-0.009949,-0.309340,-0.021444,0.999199,0.033781,,,0.000000,,,,0.00,,,
21511,,,,,,,,,,,,,,-9.583240,-1.734357,-0.576767,-1.292578,-0.940079,-0.188521,0.832275,-0.027344,-0.025146,-0.095842,-0.017254,-0.005882,,0.309885,0.043337,-0.949786,-0.950120,-0.022938,-0.311040,-0.035266,0.998797,0.034067,,,0.000000,,,,0.00,,,
21512,,,,,,,,,,,,,,-9.728829,-2.172234,-0.748918,-0.929848,-1.127413,0.076392,0.834229,-0.022949,-0.031982,-0.097295,-0.021666,-0.007564,99854.0000,0.311641,0.047226,-0.949026,-0.949071,-0.033195,-0.313308,-0.046299,0.998333,0.034476,,,0.000000,,,,0.00,,,
21513,,,,,,,,,,,,,,-9.972145,-2.340466,-0.907604,-0.830816,-1.302539,0.353843,0.836426,-0.025146,-0.029785,-0.099721,-0.023382,-0.009142,,0.311309,0.050478,-0.948967,-0.948641,-0.042631,-0.313470,-0.056279,0.997815,0.034614,,,0.000000,,,,0.00,,,
21514,,,,,,,,,,,,,,-9.805937,-2.756690,-0.957386,-0.380795,-1.336503,0.323439,0.836182,-0.020996,-0.027588,-0.098049,-0.027592,-0.009613,99857.0000,0.311461,0.053624,-0.948745,-0.948023,-0.050921,-0.314102,-0.065155,0.997262,0.034977,,,0.000000,,,,0.00,,,
21515,,,,,,,,,,,,,,-9.507523,-3.398644,-0.737595,0.329138,-1.062816,0.249613,0.829834,-0.018799,-0.031982,-0.095060,-0.034039,-0.007338,,0.309445,0.054855,-0.949334,-0.948151,-0.058289,-0.312428,-0.072474,0.996792,0.033973,,,0.000000,,,,0.00,,,
21516,,,,,,,,,,,,,,-9.243844,-3.766211,-0.409690,0.745323,-0.688593,0.125681,0.833984,-0.020996,-0.027588,-0.092420,-0.037716,-0.004028,99852.0000,0.308569,0.055684,-0.949571,-0.947974,-0.064171,-0.311813,-0.078298,0.996384,0.032986,,,0.000000,,,,0.00,,,
21517,,,,,,,,,,,,,,-8.799928,-3.769487,-0.303555,0.898098,-0.538151,-0.291989,0.833984,-0.016602,-0.034180,-0.087983,-0.037738,-0.002974,,0.306566,0.055714,-0.950217,-0.948218,-0.069235,-0.309981,-0.083059,0.996043,0.031604,,,0.000000,,,,0.00,,,
21518,,,,,,,,,,,,,,-8.652364,-3.559747,-0.074513,0.732019,-0.305071,-0.490036,0.834229,-0.020996,-0.038574,-0.086511,-0.035628,-0.000700,99861.0000,0.305921,0.056163,-0.950399,-0.948096,-0.072986,-0.309493,-0.086748,0.995750,0.030920,,,0.000000,,,,0.00,,,
21519,,,,,,,,,,,,,,-8.644102,-3.356861,0.296391,0.523729,0.063450,-0.549937,0.835938,-0.014648,-0.036621,-0.086434,-0.033585,0.002992,,0.304459,0.056127,-0.950870,-0.948269,-0.076408,-0.308136,-0.089949,0.995496,0.029961,,,0.000000,,,,0.00,,,
21520,,,,,,,,,,,,,,-8.928275,-2.970171,0.354825,0.066946,0.080839,-0.397227,0.833984,-0.018799,-0.034180,-0.089280,-0.029709,0.003565,99860.0000,0.304210,0.056570,-0.950924,-0.948102,-0.078967,-0.308005,-0.092516,0.995271,0.029611,,,0.000000,,,,0.00,,,
21521,,,,,,,,,,,,,,-9.216421,-2.515609,0.291109,-0.437305,-0.025493,-0.264726,0.833984,-0.018799,-0.038818,-0.092164,-0.025153,0.002932,,0.303358,0.056185,-0.951219,-0.948163,-0.081377,-0.307190,-0.094667,0.995098,0.028586,,,0.000000,,,,0.00,,,
21522,,,,,,,,,,,,,,-9.451010,-2.458785,-0.028527,-0.533427,-0.356470,-0.068129,0.831787,-0.016846,-0.029785,-0.094511,-0.024586,-0.000257,99864.0000,0.303451,0.056031,-0.951198,-0.947973,-0.083088,-0.307317,-0.096252,0.994966,0.027903,,,0.000000,,,,0.00,,,
21523,,,,,,,,,,,,,,-9.441452,-2.492135,-0.044436,-0.490998,-0.356861,-0.066647,0.831787,-0.014648,-0.029785,-0.094418,-0.024910,-0.000403,,0.302922,0.054994,-0.951427,-0.948041,-0.084478,-0.306727,-0.097242,0.994907,0.026546,,,0.000000,,,,0.00,,,
21524,,,,,,,,,,,,,,-9.254534,-2.446881,0.216066,-0.510324,-0.079572,-0.251645,0.833740,-0.014648,-0.034424,-0.092556,-0.024421,0.002243,99858.0000,0.303996,0.053994,-0.951142,-0.947477,-0.087000,-0.307763,-0.099366,0.994744,0.024710,,,0.000000,,,,0.00,,,
21525,,,,,,,,,,,,,,-9.238318,-2.429423,0.691550,-0.576902,0.416496,-0.261745,0.833740,-0.012451,-0.032227,-0.092398,-0.024204,0.007034,,0.304912,0.052109,-0.950954,-0.946835,-0.091006,-0.308579,-0.102622,0.994486,0.021589,,,0.000000,,,,0.00,,,
21526,,,,,,,,,,,,,,-9.541825,-2.885167,1.464641,-0.345376,1.233440,0.181060,0.833496,-0.006104,-0.034424,-0.095446,-0.028691,0.014778,99857.0000,0.307727,0.050806,-0.950117,-0.945562,-0.094820,-0.311322,-0.105907,0.994197,0.018861,,,0.000000,,,,0.00,,,
21527,,,,,,,,,,,,,,-9.524626,-2.764687,1.218104,-0.462678,1.001841,0.118464,0.833008,0.004395,-0.028076,-0.095301,-0.027406,0.012295,,0.311135,0.050051,-0.949047,-0.943885,-0.100144,-0.314725,-0.110794,0.993713,0.016084,,,0.000000,,,,0.00,,,
21528,,,,,,,,,,,,,,-9.508178,-2.294858,1.268098,-0.963967,1.020257,-0.050034,0.839355,0.004395,-0.034668,-0.095141,-0.022648,0.012777,99857.0000,0.316438,0.050043,-0.947292,-0.941462,-0.105819,-0.320080,-0.116259,0.993125,0.013629,,,0.000000,,,,0.00,,,
21529,,,,,,,,,,,,,,-9.585082,-1.726485,0.773181,-1.517027,0.478955,-0.173118,0.836914,0.014893,-0.032715,-0.095892,-0.016990,0.007823,,0.320694,0.049499,-0.945889,-0.939401,-0.111129,-0.324310,-0.121169,0.992573,0.010861,,,0.000000,,,,0.00,,,
21530,,,,,,,,,,,,,,-9.513407,-1.570901,0.386980,-1.649104,0.095466,-0.305140,0.832275,0.021240,-0.021729,-0.095172,-0.015448,0.003978,99852.0000,0.325857,0.048669,-0.944166,-0.937047,-0.115987,-0.329379,-0.125542,0.992058,0.007810,,,0.000000,,,,0.00,,,
21531,,,,,,,,,,,,,,-8.957873,-1.434818,-0.142869,-1.570384,-0.396805,-0.885269,0.834229,0.023438,-0.030518,-0.089615,-0.014136,-0.001271,,0.329778,0.046293,-0.942923,-0.935232,-0.120236,-0.332992,-0.128788,0.991665,0.003644,,,0.000000,,,,0.00,,,
21532,,,,,,,,,,,,,,-9.107054,-1.829603,0.228733,-1.345360,0.040323,-0.618869,0.840820,0.023438,-0.019531,-0.091109,-0.018081,0.002468,99857.0000,0.334512,0.043867,-0.941370,-0.933074,-0.124704,-0.337375,-0.132192,0.991224,-0.000784,,,0.000000,,,,0.00,,,
21533,,,,,,,,,,,,,,-9.087051,-2.118921,0.255800,-1.111017,0.135940,-0.545723,0.840088,0.036133,-0.019775,-0.090917,-0.020964,0.002741,,0.338274,0.041814,-0.940118,-0.930959,-0.131020,-0.340806,-0.137425,0.990497,-0.005393,,,0.000000,,,,0.00,,,
21534,,,,,,,,,,,,,,-9.186658,-2.492945,0.230401,-0.844963,0.184863,-0.330383,0.833496,0.040283,-0.019775,-0.091926,-0.024692,0.002481,99861.0000,0.343128,0.040944,-0.938396,-0.928060,-0.139238,-0.345424,-0.144803,0.989412,-0.009778,,,0.000000,,,,0.00,,,
21535,,,,,,,,,,,,,,-9.279982,-2.719796,0.053322,-0.682626,0.067214,-0.166579,0.833252,0.050781,-0.008789,-0.092865,-0.026971,0.000713,,0.346716,0.040475,-0.937097,-0.925333,-0.148683,-0.348785,-0.153448,0.988056,-0.014097,,,0.000000,,,,0.00,,,
21536,,,,,,,,,,,,,,-9.144370,-2.966184,-0.218679,-0.417831,-0.130031,-0.206763,0.835205,0.052979,-0.013184,-0.091518,-0.029444,-0.001998,99860.0000,0.351514,0.040213,-0.935319,-0.922072,-0.157939,-0.353325,-0.161932,0.986630,-0.018439,,,0.000000,,,,0.00,,,
21537,,,,,,,,,,,,,,-8.899985,-3.004800,-0.413430,-0.305619,-0.274503,-0.419050,0.834961,0.057129,-0.011230,-0.089079,-0.029838,-0.003941,,0.355444,0.039465,-0.933864,-0.919236,-0.166215,-0.356901,-0.169307,0.985299,-0.022803,,,0.000000,,,,0.00,,,
21538,,,,,,,,,,,,,,-8.652971,-3.166959,-0.528723,-0.100443,-0.319788,-0.589324,0.836670,0.065674,-0.002441,-0.086617,-0.031463,-0.005084,99866.0000,0.360607,0.038366,-0.931928,-0.916089,-0.173256,-0.361611,-0.175336,0.984129,-0.027330,,,0.000000,,,,0.00,,,
21539,,,,,,,,,,,,,,-8.557990,-3.322974,-0.500869,0.029692,-0.227844,-0.621436,0.832275,0.069824,-0.004639,-0.085672,-0.033023,-0.004803,,0.364839,0.036897,-0.930339,-0.913411,-0.179503,-0.365319,-0.180478,0.983065,-0.031787,,,0.000000,,,,0.00,,,
21540,,,,,,,,,,,,,,-8.492384,-3.490576,-0.424057,0.140513,-0.087136,-0.622645,0.834229,0.076172,-0.000488,-0.085018,-0.034700,-0.004031,99865.0000,0.370012,0.035406,-0.928352,-0.910417,-0.185193,-0.369926,-0.185022,0.982064,-0.036290,,,0.000000,,,,0.00,,,
21541,,,,,,,,,,,,,,-8.770332,-3.629275,-0.218437,0.081195,0.165541,-0.320389,0.833740,0.084717,0.003906,-0.087798,-0.036074,-0.001967,,0.374311,0.033512,-0.926697,-0.907866,-0.190296,-0.373586,-0.188866,0.981155,-0.040806,,,0.000000,,,,0.00,,,
21542,,,,,,,,,,,,,,-8.991258,-3.632327,-0.159116,-0.066032,0.249562,-0.117593,0.837891,0.088867,-0.000488,-0.090008,-0.036095,-0.001383,99857.0000,0.379567,0.031669,-0.924622,-0.905086,-0.194369,-0.378205,-0.191696,0.980417,-0.045113,,,0.000000,,,,0.00,,,
21543,,,,,,,,,,,,,,-9.142697,-3.428055,-0.155994,-0.358381,0.239090,-0.056723,0.837402,0.099365,0.003662,-0.091521,-0.034036,-0.001366,,0.384266,0.029490,-0.922751,-0.902800,-0.197059,-0.382255,-0.193109,0.979948,-0.049099,,,0.000000,,,,0.00,,,
21544,,,,,,,,,,,,,,-9.252247,-3.051313,-0.149292,-0.803059,0.195843,-0.104277,0.837158,0.103516,0.010254,-0.092613,-0.030247,-0.001297,99860.0000,0.390244,0.026926,-0.920318,-0.900282,-0.198240,-0.387548,-0.192879,0.979784,-0.053121,,,0.000000,,,,0.00,,,
21545,,,,,,,,,,,,,,-9.280538,-2.664660,-0.340773,-1.183097,-0.039826,-0.223989,0.833008,0.105713,0.016846,-0.092898,-0.026348,-0.003194,,0.396125,0.023691,-0.917891,-0.898023,-0.198401,-0.392672,-0.191414,0.979834,-0.057317,,,0.000000,,,,0.00,,,
21546,,,,,,,,,,,,,,-9.309800,-2.397059,-0.602394,-1.457177,-0.319865,-0.296653,0.834717,0.114258,0.016846,-0.093195,-0.023646,-0.005799,99866.0000,0.403319,0.020134,-0.914838,-0.895395,-0.197465,-0.399093,-0.188684,0.980103,-0.061613,,,0.000000,,,,0.00,,,
21547,,,,,,,,,,,,,,-9.295564,-2.208576,-0.688240,-1.672675,-0.409695,-0.389701,0.830078,0.120605,0.025635,-0.093055,-0.021732,-0.006657,,0.410162,0.016357,-0.911866,-0.893048,-0.195635,-0.405207,-0.185021,0.980540,-0.065634,,,0.000000,,,,0.00,,,
21548,,,,,,,,,,,,,,-9.297571,-2.148836,-0.734408,-1.799790,-0.437035,-0.422758,0.838379,0.128906,0.025391,-0.093077,-0.021121,-0.007118,99860.0000,0.418092,0.012716,-0.908316,-0.890138,-0.193777,-0.412437,-0.181255,0.980963,-0.069698,,,0.000000,,,,0.00,,,
21549,,,,,,,,,,,,,,-9.311008,-2.264395,-0.668535,-1.788735,-0.318060,-0.380410,0.833496,0.139404,0.029541,-0.093218,-0.022266,-0.006446,,0.425295,0.008785,-0.905012,-0.887409,-0.192449,-0.418890,-0.177849,0.981268,-0.074052,,,0.000000,,,,0.00,,,
21550,,,,,,,,,,,,,,-9.358366,-2.423810,-0.493571,-1.785637,-0.082700,-0.299466,0.833496,0.143799,0.045166,-0.093697,-0.023845,-0.004680,99872.0000,0.433733,0.004760,-0.901029,-0.884003,-0.191299,-0.426547,-0.174396,0.981520,-0.078765,,,0.000000,,,,0.00,,,
21551,,,,,,,,,,,,,,-9.442476,-2.474881,-0.594505,-1.838276,-0.136308,-0.208511,0.830811,0.154297,0.042725,-0.094544,-0.024348,-0.005690,,0.441164,0.000642,-0.897426,-0.880992,-0.190192,-0.433221,-0.170961,0.981747,-0.083340,,,0.000000,,,,0.00,,,
21552,,,,,,,,,,,,,,-9.246203,-2.746679,-0.919278,-1.545353,-0.373090,-0.254781,0.826172,0.162598,0.051514,-0.092595,-0.027083,-0.008986,99868.0000,0.449220,-0.002467,-0.893418,-0.877491,-0.189216,-0.440689,-0.167961,0.981932,-0.087164,,,0.000000,,,,0.00,,,
21553,,,,,,,,,,,,,,-9.012186,-3.162621,-1.330591,-1.078162,-0.677218,-0.253894,0.830078,0.171143,0.049072,-0.090265,-0.031274,-0.013165,,0.455480,-0.004638,-0.890234,-0.874747,-0.188119,-0.446576,-0.165398,0.982135,-0.089742,,,0.000000,,,,0.00,,,
21554,,,,,,,,,,,,,,-9.036578,-3.064686,-1.211572,-1.269987,-0.568912,-0.295178,0.830078,0.173340,0.049072,-0.090486,-0.030323,-0.012028,99871.0000,0.462024,-0.005540,-0.886850,-0.871664,-0.187203,-0.452943,-0.163512,0.982306,-0.091321,,,0.000000,,,,0.00,,,
21555,,,,,,,,,,,,,,-9.419457,-2.658349,-0.864082,-1.914882,-0.296661,-0.180217,0.827393,0.183838,0.053223,-0.094289,-0.026267,-0.008578,,0.467011,-0.006151,-0.884230,-0.869334,-0.186098,-0.457849,-0.161737,0.982512,-0.092257,,,0.000000,,,,0.00,,,
21556,,,,,,,,,,,,,,-10.030967,-2.099138,-0.687114,-2.780773,-0.222750,0.072459,0.826904,0.192139,0.051025,-0.100380,-0.020670,-0.006811,99866.0000,0.472724,-0.006767,-0.881185,-0.866856,-0.183326,-0.463629,-0.158406,0.983029,-0.092529,,,0.000000,,,,0.00,,,
21557,,,,,,,,,,,,,,-10.511156,-1.607918,-0.738072,-3.475628,-0.357328,0.257393,0.827148,0.190186,0.053223,-0.105163,-0.015764,-0.007320,,0.476796,-0.007782,-0.878979,-0.865526,-0.178655,-0.467917,-0.153393,0.983881,-0.091917,,,0.000000,,,,0.00,,,
21558,,,,,,,,,,,,,,-10.961168,-1.221774,-0.517058,-4.117000,-0.203601,0.430156,0.822510,0.196533,0.052979,-0.109646,-0.011931,-0.005103,99864.0000,0.481395,-0.008834,-0.876459,-0.864122,-0.172266,-0.472883,-0.146807,0.985011,-0.090561,,,0.000000,,,,0.00,,,
21559,,,,,,,,,,,,,,-11.176298,-0.834446,-0.141382,-4.644641,0.108182,0.387378,0.822510,0.200684,0.048584,-0.111781,-0.008114,-0.001346,,0.483836,-0.010064,-0.875101,-0.863917,-0.165249,-0.475753,-0.139822,0.986201,-0.088647,,,0.000000,,,,0.00,,,
21560,,,,,,,,,,,,,,-11.152505,-0.712864,0.359051,-4.843942,0.584699,0.247617,0.828857,0.196533,0.052979,-0.111533,-0.006981,0.003621,99860.0000,0.486487,-0.010555,-0.873624,-0.863424,-0.158630,-0.478890,-0.133528,0.987282,-0.086285,,,0.000000,,,,0.00,,,
21561,,,,,,,,,,,,,,-11.351394,-0.799098,0.751824,-4.918081,0.984229,0.429466,0.822510,0.200684,0.048584,-0.113521,-0.007944,0.007460,,0.485934,-0.009922,-0.873939,-0.864444,-0.152886,-0.478918,-0.128861,0.988194,-0.082870,,,0.000000,,,,0.00,,,
21562,,,,,,,,,,,,,,-11.935291,-0.739435,0.898530,-5.269230,1.101301,0.903072,0.828613,0.204834,0.043945,-0.119363,-0.007454,0.008793,99848.0000,0.485082,-0.007152,-0.874439,-0.865393,-0.147621,-0.478856,-0.125661,0.989018,-0.077798,,,0.000000,,,,0.00,,,
21563,,,,,,,,,,,,,,-12.693963,-0.851617,1.048243,-5.510310,1.223518,1.637194,0.822510,0.200684,0.037354,-0.126955,-0.008692,0.010145,,0.480638,-0.002633,-0.876915,-0.868081,-0.143044,-0.475366,-0.124186,0.989713,-0.071038,,,0.000000,,,,0.00,,,
21564,,,,,,,,,,,,,,-13.588040,-1.117006,0.993734,-5.651958,1.134927,2.582320,0.824707,0.196533,0.032959,-0.135889,-0.011482,0.009446,99849.0000,0.476022,0.003639,-0.879426,-0.870545,-0.139867,-0.471794,-0.124720,0.990164,-0.063412,,,0.000000,,,,0.00,,,
21565,,,,,,,,,,,,,,-14.377374,-1.484958,0.764624,-5.567084,0.857266,3.520327,0.827148,0.187988,0.017578,-0.143756,-0.015311,0.007023,,0.467407,0.011200,-0.883971,-0.874765,-0.138619,-0.464296,-0.127736,0.990282,-0.054994,,,0.000000,,,,0.00,,,
21566,,,,,,,,,,,,,,-14.614798,-2.289993,0.504806,-4.825824,0.590788,4.167677,0.831787,0.179688,0.009033,-0.146072,-0.023515,0.004326,99852.0000,0.458742,0.019935,-0.888346,-0.878549,-0.139539,-0.456815,-0.133065,0.990016,-0.046499,,,0.000000,,,,0.00,,,
21567,,,,,,,,,,,,,,-14.179781,-3.833160,0.310391,-3.056266,0.494619,4.549285,0.832031,0.173340,-0.001953,-0.141603,-0.039094,0.002344,,0.445458,0.029675,-0.894811,-0.884249,-0.141987,-0.444909,-0.140255,0.989424,-0.037009,,,0.000000,,,,0.00,,,
21568,,,,,,,,,,,,,,-13.563250,-5.115846,0.518954,-1.487178,0.771484,4.595330,0.834717,0.162842,-0.012939,-0.135320,-0.052048,0.004387,99852.0000,0.431904,0.040541,-0.901008,-0.889635,-0.145169,-0.432984,-0.148352,0.988576,-0.026633,,,0.000000,,,,0.00,,,
21569,,,,,,,,,,,,,,-12.971529,-6.014984,0.638447,-0.185437,0.909787,4.469448,0.837646,0.143799,-0.023682,-0.129265,-0.061189,0.005531,,0.412898,0.052878,-0.909241,-0.897006,-0.149335,-0.416027,-0.157781,0.987372,-0.014228,,,0.000000,,,,0.00,,,
21570,,,,,,,,,,,,,,-12.591674,-6.966850,0.427080,1.132408,0.733244,4.520521,0.832031,0.128906,-0.036865,-0.125260,-0.070883,0.003414,99852.0000,0.392691,0.066122,-0.917290,-0.904038,-0.155367,-0.398217,-0.168847,0.985641,-0.001234,,,0.000000,,,,0.00,,,
21571,,,,,,,,,,,,,,-11.977315,-7.764130,0.107830,2.500348,0.455942,4.232902,0.832764,0.107910,-0.054199,-0.118899,-0.078974,0.000173,,0.367086,0.080569,-0.926691,-0.912646,-0.161364,-0.375552,-0.179793,0.983601,0.014296,,,0.000000,,,,0.00,,,
21572,,,,,,,,,,,,,,-11.227688,-8.155125,-0.321775,3.561940,0.026474,3.602565,0.837891,0.091064,-0.076172,-0.111221,-0.082932,-0.004226,99846.0000,0.340805,0.096330,-0.935186,-0.920837,-0.166306,-0.352706,-0.189503,0.981358,0.032027,,,0.000000,,,,0.00,,,
21573,,,,,,,,,,,,,,-10.028830,-7.445539,0.236885,3.590675,0.415621,2.145180,0.838867,0.065674,-0.093506,-0.099337,-0.075739,0.001168,,0.310556,0.115346,-0.943531,-0.930004,-0.168418,-0.326693,-0.196590,0.978944,0.054969,,,0.000000,,,,0.00,,,
21574,,,,,,,,,,,,,,-9.439500,-7.326571,1.421516,3.775660,1.440650,1.521277,0.835938,0.038086,-0.113037,-0.093552,-0.074567,0.012911,99850.0000,0.280097,0.135393,-0.950376,-0.938702,-0.168616,-0.300678,-0.200958,0.976339,0.079865,,,0.000000,,,,0.00,,,
21575,,,,,,,,,,,,,,-9.804796,-7.559703,3.300628,3.880579,3.070712,2.005754,0.830566,0.014893,-0.139404,-0.097399,-0.076979,0.031687,,0.249584,0.152445,-0.956279,-0.947425,-0.165759,-0.273697,-0.200236,0.974312,0.103059,,,0.000000,,,,0.00,,,
21576,,,,,,,,,,,,,,-11.574586,-8.647974,3.092660,4.864331,2.575726,3.899055,0.826904,-0.001953,-0.150146,-0.115055,-0.087884,0.029487,99852.0000,0.225414,0.165972,-0.960022,-0.954536,-0.159664,-0.251729,-0.195061,0.973119,0.122436,,,0.000000,,,,0.00,,,
21577,,,,,,,,,,,,,,-11.996472,-8.502103,1.891869,5.213060,1.101503,4.021292,0.828125,-0.031494,-0.162842,-0.119323,-0.086197,0.017577,,0.205410,0.174784,-0.962942,-0.961473,-0.147630,-0.231893,-0.182690,0.973476,0.137726,,,0.000000,,,,0.00,,,
21578,,,,,,,,,,,,,,-11.770855,-7.862013,2.006194,4.905116,0.966254,3.580832,0.820557,-0.050537,-0.166992,-0.117207,-0.079647,0.018891,99852.0000,0.189904,0.180705,-0.965030,-0.967405,-0.133274,-0.215327,-0.167524,0.974466,0.149505,,,0.000000,,,,0.00,,,
21579,,,,,,,,,,,,,,-10.967127,-6.271420,1.396234,3.855429,0.149587,2.297924,0.825195,-0.061035,-0.175781,-0.109325,-0.063481,0.013175,,0.176391,0.184967,-0.966785,-0.972265,-0.120507,-0.200447,-0.153580,0.975328,0.158581,,,0.000000,,,,0.00,,,
21580,,,,,,,,,,,,,,-10.148240,-5.327647,3.083623,3.008247,1.722020,1.538994,0.828125,-0.077881,-0.179932,-0.101255,-0.054077,0.030177,99858.0000,0.165490,0.187549,-0.968214,-0.976582,-0.105695,-0.187394,-0.137480,0.976552,0.165665,,,0.000000,,,,0.00,,,
21581,,,,,,,,,,,,,,-9.241833,-3.516783,2.480405,1.639143,1.021184,0.197309,0.824463,-0.094971,-0.177490,-0.092300,-0.035786,0.024354,,0.155320,0.190731,-0.969277,-0.980203,-0.092208,-0.175215,-0.122795,0.977302,0.172634,,,0.000000,,,,0.00,,,
21582,,,,,,,,,,,,,,-8.773003,-1.866204,1.493324,0.342251,-0.063346,-0.726662,0.823242,-0.114014,-0.179199,-0.087658,-0.019216,0.014646,99858.0000,0.145500,0.192612,-0.970428,-0.983653,-0.077026,-0.162772,-0.106100,0.978247,0.178256,,,0.000000,,,,0.00,,,
21583,,,,,,,,,,,,,,-8.312008,-0.735324,0.982441,-0.521612,-0.598163,-1.448234,0.823975,-0.128662,-0.174561,-0.083082,-0.007979,0.009652,,0.132371,0.194288,-0.971972,-0.987513,-0.058656,-0.146212,-0.085419,0.979189,0.184098,,,0.000000,,,,0.00,,,
21584,,,,,,,,,,,,,,-7.987965,-1.520909,2.350117,0.330609,0.822250,-1.395098,0.826904,-0.147705,-0.176514,-0.079781,-0.016055,0.023266,99864.0000,0.118379,0.194697,-0.973694,-0.991057,-0.037644,-0.128017,-0.061578,0.980141,0.188500,,,0.000000,,,,0.00,,,
21585,,,,,,,,,,,,,,-7.587202,-0.570335,1.280503,-0.337117,-0.206006,-2.107309,0.825684,-0.168701,-0.176025,-0.075825,-0.006405,0.012747,,0.103014,0.194507,-0.975477,-0.993845,-0.020044,-0.108950,-0.040744,0.980696,0.191245,,,0.000000,,,,0.00,,,
21586,,,,,,,,,,,,,,-7.694329,0.609135,0.737842,-1.362721,-0.776020,-2.219438,0.826416,-0.185547,-0.173584,-0.076984,0.005426,0.007467,99861.0000,0.087568,0.193315,-0.977221,-0.995888,-0.005876,-0.090403,-0.023218,0.981119,0.192005,,,0.000000,,,,0.00,,,
