// Start Time: Unknown
// Update Rate: 100.0Hz
// Filter Profile: human (46.1)
// Firmware Version: 4.6.0
PacketCounter,SampleTimeFine,Year,Month,Day,Second,UTC_Nano,UTC_Year,UTC_Month,UTC_Day,UTC_Hour,UTC_Minute,UTC_Second,UTC_Valid,Acc_X,Acc_Y,Acc_Z,FreeAcc_X,FreeAcc_Y,FreeAcc_Z,Mag_X,Mag_Y,Mag_Z,VelInc_X,VelInc_Y,VelInc_Z,Pressure,Mat[1][1],Mat[2][1],Mat[3][1],Mat[1][2],Mat[2][2],Mat[3][2],Mat[1][3],Mat[2][3],Mat[3][3],Latitude,Longitude,Altitude,Vel_X,Vel_Y,Vel_Z,Temperature,GyrTemp_X,GyrTemp_Y,GyrTemp_Z
40031,,,,,,,,,,,,,,-9.742475,1.310510,0.027987,0.000000,0.000000,0.017574,0.644287,-0.660645,-0.127686,-0.097425,0.013102,0.000287,,-0.131262,-0.023325,-0.991073,-0.971728,-0.194883,0.133287,-0.196252,0.980549,0.002915,,,0.000000,,,,0.00,,,
40032,,,,,,,,,,,,,,-9.702384,1.258942,0.107823,-0.000000,0.000000,-0.028373,0.646484,-0.658447,-0.116943,-0.097023,0.012593,0.001077,99753.0000,-0.128710,-0.010913,-0.991622,-0.977279,-0.168410,0.128702,-0.168403,0.985657,0.011011,,,0.000000,,,,0.00,,,
40033,,,,,,,,,,,,,,-9.636928,1.211232,0.103595,0.053896,0.046549,-0.099649,0.646484,-0.660645,-0.127686,-0.096369,0.012112,0.001041,,-0.130046,-0.017125,-0.991360,-0.974634,-0.181467,0.130987,-0.182142,0.983248,0.006908,,,0.000000,,,,0.00,,,
40034,,,,,,,,,,,,,,-9.726078,1.282186,0.035301,0.008788,-0.029621,-0.002444,0.646484,-0.658447,-0.129883,-0.097261,0.012818,0.000370,99753.0000,-0.130057,-0.017469,-0.991353,-0.974656,-0.181295,0.131062,-0.182017,0.983274,0.006552,,,0.000000,,,,0.00,,,
40035,,,,,,,,,,,,,,-9.763068,1.243658,0.041270,0.050326,-0.015375,0.029219,0.640137,-0.663086,-0.121338,-0.097631,0.012433,0.000417,,-0.130103,-0.017428,-0.991347,-0.974632,-0.181402,0.131098,-0.182117,0.983255,0.006615,,,0.000000,,,,0.00,,,
40036,,,,,,,,,,,,,,-9.656080,1.265797,0.044558,0.014508,-0.016217,-0.073918,0.646484,-0.656250,-0.129883,-0.096561,0.012655,0.000458,99751.0000,-0.130110,-0.017677,-0.991342,-0.974654,-0.181243,0.131152,-0.181993,0.983279,0.006353,,,0.000000,,,,0.00,,,
40037,,,,,,,,,,,,,,-9.767330,1.281201,-0.026566,0.026778,-0.084175,0.037953,0.639893,-0.660645,-0.123291,-0.097674,0.012811,-0.000251,,-0.130086,-0.017950,-0.991340,-0.974697,-0.180989,0.131179,-0.181777,0.983321,0.006048,,,0.000000,,,,0.00,,,
40038,,,,,,,,,,,,,,-9.755789,1.315915,0.048401,-0.022893,-0.016028,0.031530,0.642090,-0.658447,-0.125488,-0.097557,0.013166,0.000479,99754.0000,-0.129975,-0.017817,-0.991357,-0.974736,-0.180875,0.131046,-0.181647,0.983345,0.006142,,,0.000000,,,,0.00,,,
40039,,,,,,,,,,,,,,-9.712585,1.211917,0.043387,0.072906,-0.003944,-0.024960,0.648682,-0.658447,-0.116943,-0.097125,0.012123,0.000429,,-0.129912,-0.017742,-0.991367,-0.974713,-0.181058,0.130970,-0.181818,0.983312,0.006228,,,0.000000,,,,0.00,,,
40040,,,,,,,,,,,,,,-9.675561,1.250742,0.034891,0.031337,-0.019735,-0.056628,0.644287,-0.660889,-0.121338,-0.096756,0.012508,0.000357,99747.0000,-0.129881,-0.017865,-0.991369,-0.974760,-0.180810,0.130963,-0.181589,0.983356,0.006070,,,0.000000,,,,0.00,,,
40041,,,,,,,,,,,,,,-9.742620,1.309635,0.015717,-0.015009,-0.045983,0.017455,0.646240,-0.654053,-0.127686,-0.097425,0.013103,0.000167,,-0.129700,-0.018051,-0.991389,-0.974822,-0.180576,0.130821,-0.181383,0.983395,0.005825,,,0.000000,,,,0.00,,,
40042,,,,,,,,,,,,,,-9.741315,1.296321,0.036801,-0.007165,-0.023048,0.014542,0.646484,-0.658447,-0.121338,-0.097413,0.012968,0.000359,99749.0000,-0.129643,-0.017880,-0.991399,-0.974789,-0.180821,0.130732,-0.181604,0.983353,0.006013,,,0.000000,,,,0.00,,,
40043,,,,,,,,,,,,,,-9.680297,1.217842,0.017528,0.063888,-0.030275,-0.056325,0.642090,-0.660889,-0.119141,-0.096802,0.012186,0.000172,,-0.129492,-0.017787,-0.991421,-0.974815,-0.180798,0.130567,-0.181570,0.983359,0.006073,,,0.000000,,,,0.00,,,
40044,,,,,,,,,,,,,,-9.746084,1.263149,0.021731,0.025456,-0.034080,0.014844,0.653076,-0.658447,-0.119141,-0.097459,0.012645,0.000215,99758.0000,-0.129234,-0.017674,-0.991457,-0.974888,-0.180601,0.130293,-0.181361,0.983398,0.006110,,,0.000000,,,,0.00,,,
40045,,,,,,,,,,,,,,-9.712189,1.258104,0.019618,0.024282,-0.037521,-0.019433,0.644287,-0.658447,-0.119141,-0.097121,0.012591,0.000180,,-0.129085,-0.017372,-0.991481,-0.974897,-0.180699,0.130092,-0.181419,0.983385,0.006390,,,0.000000,,,,0.00,,,
40046,,,,,,,,,,,,,,-9.678122,1.187153,0.064468,0.079451,0.016146,-0.062151,0.644287,-0.656250,-0.121338,-0.096780,0.011881,0.000638,99753.0000,-0.128921,-0.017206,-0.991506,-0.974905,-0.180796,0.129899,-0.181495,0.983370,0.006534,,,0.000000,,,,0.00,,,
40047,,,,,,,,,,,,,,-9.730410,1.228862,0.037015,0.048759,-0.017986,-0.005055,0.644287,-0.660645,-0.123291,-0.097303,0.012295,0.000373,,-0.128757,-0.017232,-0.991527,-0.974972,-0.180544,0.129745,-0.181249,0.983416,0.006446,,,0.000000,,,,0.00,,,
40048,,,,,,,,,,,,,,-9.712816,1.253218,0.022217,0.024052,-0.037350,-0.019431,0.644043,-0.654053,-0.121338,-0.097127,0.012539,0.000220,99755.0000,-0.128625,-0.017161,-0.991545,-0.975001,-0.180487,0.129602,-0.181185,0.983428,0.006483,,,0.000000,,,,0.00,,,
40049,,,,,,,,,,,,,,-9.681611,1.207249,0.023470,0.063230,-0.029326,-0.056318,0.642090,-0.658447,-0.123535,-0.096815,0.012078,0.000227,,-0.128506,-0.016994,-0.991563,-0.975031,-0.180432,0.129456,-0.181109,0.983441,0.006617,,,0.000000,,,,0.00,,,
40050,,,,,,,,,,,,,,-9.665285,1.177981,0.034236,0.086893,-0.013961,-0.076219,0.646484,-0.658447,-0.123535,-0.096653,0.011782,0.000350,99753.0000,-0.128429,-0.017118,-0.991571,-0.975058,-0.180325,0.129403,-0.181020,0.983458,0.006468,,,0.000000,,,,0.00,,,
40051,,,,,,,,,,,,,,-9.762289,1.269538,0.036652,0.008500,-0.025280,0.031837,0.644287,-0.658447,-0.121338,-0.097623,0.012698,0.000369,,-0.128329,-0.017161,-0.991583,-0.975112,-0.180096,0.129315,-0.180799,0.983499,0.006378,,,0.000000,,,,0.00,,,
40052,,,,,,,,,,,,,,-9.726704,1.253911,0.054283,0.015304,-0.006345,-0.005356,0.642334,-0.663086,-0.123291,-0.097266,0.012545,0.000535,99747.0000,-0.128249,-0.016989,-0.991596,-0.975129,-0.180084,0.129205,-0.180766,0.983504,0.006529,,,0.000000,,,,0.00,,,
40053,,,,,,,,,,,,,,-9.681907,1.204871,0.023871,0.062273,-0.028942,-0.056311,0.648682,-0.658447,-0.123291,-0.096819,0.012046,0.000238,,-0.128254,-0.017010,-0.991595,-0.975101,-0.180230,0.129212,-0.180913,0.983477,0.006529,,,0.000000,,,,0.00,,,
40054,,,,,,,,,,,,,,-9.729504,1.212036,0.058812,0.055340,0.005563,-0.007962,0.642090,-0.658447,-0.125488,-0.097295,0.012119,0.000595,99751.0000,-0.128257,-0.017104,-0.991593,-0.975161,-0.179890,0.129235,-0.180588,0.983538,0.006393,,,0.000000,,,,0.00,,,
40055,,,,,,,,,,,,,,-9.795296,1.325322,0.015282,-0.040058,-0.056148,0.071632,0.648926,-0.663086,-0.125488,-0.097952,0.013258,0.000153,,-0.128088,-0.017067,-0.991616,-0.975183,-0.179893,0.129061,-0.180587,0.983538,0.006398,,,0.000000,,,,0.00,,,
40056,,,,,,,,,,,,,,-9.768469,1.248891,0.001443,0.032108,-0.059488,0.035061,0.644043,-0.654053,-0.123535,-0.097683,0.012504,-0.000013,99754.0000,-0.127895,-0.016472,-0.991651,-0.975206,-0.179981,0.128764,-0.180599,0.983532,0.006955,,,0.000000,,,,0.00,,,
40057,,,,,,,,,,,,,,-9.605092,1.189419,0.102462,0.049688,0.042664,-0.133911,0.644287,-0.658447,-0.121338,-0.096051,0.011895,0.001003,,-0.127891,-0.016049,-0.991658,-0.975163,-0.180272,0.128681,-0.180834,0.983486,0.007405,,,0.000000,,,,0.00,,,
40058,,,,,,,,,,,,,,-9.691160,1.169334,0.126279,0.076458,0.070029,-0.050970,0.642090,-0.660645,-0.123291,-0.096912,0.011690,0.001273,99748.0000,-0.127927,-0.016255,-0.991650,-0.975185,-0.180098,0.128755,-0.180688,0.983514,0.007188,,,0.000000,,,,0.00,,,
40059,,,,,,,,,,,,,,-9.834472,1.361032,-0.036588,-0.063809,-0.120822,0.114644,0.644043,-0.651855,-0.127686,-0.098344,0.013616,-0.000363,,-0.127749,-0.016261,-0.991673,-0.975283,-0.179690,0.128584,-0.180285,0.983589,0.007096,,,0.000000,,,,0.00,,,
40060,,,,,,,,,,,,,,-9.710744,1.221179,0.074681,0.036499,0.009025,-0.025247,0.646240,-0.654053,-0.125488,-0.097108,0.012213,0.000717,99758.0000,-0.127828,-0.015726,-0.991672,-0.975194,-0.180189,0.128562,-0.180710,0.983506,0.007697,,,0.000000,,,,0.00,,,
40061,,,,,,,,,,,,,,-9.552586,1.080000,0.182436,0.134490,0.134865,-0.199400,0.650879,-0.656250,-0.123535,-0.095527,0.010792,0.001821,,-0.127874,-0.015702,-0.991666,-0.975167,-0.180307,0.128601,-0.180823,0.983485,0.007744,,,0.000000,,,,0.00,,,
40062,,,,,,,,,,,,,,-9.734250,1.246410,0.005732,0.028523,-0.063363,0.000791,0.650879,-0.654053,-0.119141,-0.097343,0.012456,0.000085,99754.0000,-0.127940,-0.016213,-0.991649,-0.975264,-0.179668,0.128763,-0.180256,0.983594,0.007174,,,0.000000,,,,0.00,,,
40063,,,,,,,,,,,,,,-9.868317,1.366249,-0.031042,-0.065434,-0.116268,0.148912,0.646484,-0.656250,-0.121338,-0.098683,0.013662,-0.000319,,-0.127849,-0.016099,-0.991663,-0.975283,-0.179645,0.128653,-0.180218,0.983600,0.007266,,,0.000000,,,,0.00,,,
40064,,,,,,,,,,,,,,-9.677436,1.167382,0.098769,0.081224,0.040305,-0.065017,0.651123,-0.663086,-0.123291,-0.096774,0.011676,0.000958,99757.0000,-0.127907,-0.015528,-0.991665,-0.975238,-0.179922,0.128606,-0.180420,0.983558,0.007870,,,0.000000,,,,0.00,,,
40065,,,,,,,,,,,,,,-9.623620,1.112686,0.150975,0.118803,0.097778,-0.125002,0.642334,-0.663086,-0.127686,-0.096237,0.011117,0.001506,,-0.128033,-0.015517,-0.991648,-0.975216,-0.179952,0.128728,-0.180447,0.983553,0.007908,,,0.000000,,,,0.00,,,
40066,,,,,,,,,,,,,,-9.709940,1.227258,0.079306,0.033111,0.009809,-0.025236,0.644043,-0.654053,-0.121338,-0.097101,0.012259,0.000811,99754.0000,-0.128253,-0.015881,-0.991614,-0.975244,-0.179597,0.129013,-0.180140,0.983612,0.007546,,,0.000000,,,,0.00,,,
40067,,,,,,,,,,,,,,-9.785613,1.295704,-0.020812,-0.004810,-0.097026,0.057878,0.650879,-0.656250,-0.123535,-0.097857,0.012948,-0.000201,,-0.128338,-0.016025,-0.991601,-0.975264,-0.179411,0.129123,-0.179973,0.983644,0.007397,,,0.000000,,,,0.00,,,
40068,,,,,,,,,,,,,,-9.827238,1.321020,0.054112,-0.036622,-0.028450,0.102981,0.650879,-0.656250,-0.127686,-0.098272,0.013212,0.000519,99757.0000,-0.128390,-0.015583,-0.991601,-0.975272,-0.179384,0.129095,-0.179889,0.983656,0.007833,,,0.000000,,,,0.00,,,
40069,,,,,,,,,,,,,,-9.694594,1.214198,0.071840,0.046930,0.001925,-0.042202,0.646484,-0.660645,-0.129883,-0.096946,0.012139,0.000699,,-0.128379,-0.015226,-0.991608,-0.975223,-0.179704,0.129017,-0.180161,0.983603,0.008221,,,0.000000,,,,0.00,,,
40070,,,,,,,,,,,,,,-9.655649,1.176373,0.133040,0.069433,0.066732,-0.085209,0.642090,-0.660645,-0.125488,-0.096558,0.011753,0.001331,99754.0000,-0.128592,-0.015271,-0.991580,-0.975205,-0.179646,0.129235,-0.180107,0.983613,0.008208,,,0.000000,,,,0.00,,,
40071,,,,,,,,,,,,,,-9.719661,1.279630,0.110283,-0.017971,0.027826,-0.008590,0.642090,-0.660645,-0.123291,-0.097197,0.012790,0.001113,,-0.128630,-0.015466,-0.991572,-0.975204,-0.179599,0.129308,-0.180085,0.983618,0.008019,,,0.000000,,,,0.00,,,
40072,,,,,,,,,,,,,,-9.707370,1.223276,0.102568,0.038383,0.032068,-0.028135,0.642090,-0.658447,-0.121338,-0.097075,0.012220,0.001031,99754.0000,-0.128856,-0.015655,-0.991540,-0.975119,-0.179882,0.129562,-0.180388,0.983564,0.007913,,,0.000000,,,,0.00,,,
40073,,,,,,,,,,,,,,-9.641331,1.112818,0.143023,0.132508,0.093703,-0.107650,0.642090,-0.656250,-0.119141,-0.096415,0.011108,0.001448,,-0.129136,-0.016139,-0.991496,-0.975027,-0.180120,0.129923,-0.180685,0.983512,0.007524,,,0.000000,,,,0.00,,,
40074,,,,,,,,,,,,,,-9.638113,1.225474,0.086243,0.035783,0.024208,-0.096692,0.644287,-0.658447,-0.125488,-0.096384,0.012231,0.000904,99753.0000,-0.129466,-0.017060,-0.991437,-0.975000,-0.179909,0.130415,-0.180594,0.983535,0.006658,,,0.000000,,,,0.00,,,
40075,,,,,,,,,,,,,,-9.771247,1.254992,-0.037152,0.047996,-0.093286,0.038335,0.644531,-0.663086,-0.121338,-0.097714,0.012536,-0.000349,,-0.129553,-0.017541,-0.991417,-0.974991,-0.179831,0.130589,-0.180578,0.983541,0.006195,,,0.000000,,,,0.00,,,
40076,,,,,,,,,,,,,,-9.554404,1.237090,0.188887,-0.001362,0.130096,-0.177555,0.644287,-0.660645,-0.125488,-0.095545,0.012362,0.001879,99754.0000,-0.129778,-0.017397,-0.991391,-0.974930,-0.180021,0.130782,-0.180746,0.983509,0.006402,,,0.000000,,,,0.00,,,
40077,,,,,,,,,,,,,,-9.508063,1.177573,0.177779,0.053219,0.130066,-0.231362,0.639648,-0.654053,-0.123535,-0.095081,0.011770,0.001798,,-0.129748,-0.017812,-0.991387,-0.974911,-0.180088,0.130827,-0.180868,0.983489,0.006001,,,0.000000,,,,0.00,,,
40078,,,,,,,,,,,,,,-9.677026,1.220138,0.037555,0.059718,-0.006253,-0.059156,0.644287,-0.660645,-0.123291,-0.096772,0.012189,0.000416,99755.0000,-0.129847,-0.018631,-0.991359,-0.974942,-0.179741,0.131075,-0.180630,0.983537,0.005175,,,0.000000,,,,0.00,,,
40079,,,,,,,,,,,,,,-9.734861,1.341855,0.046583,-0.053159,-0.011295,0.014179,0.646484,-0.658447,-0.121338,-0.097350,0.013407,0.000497,,-0.129854,-0.019219,-0.991347,-0.974959,-0.179567,0.131188,-0.180535,0.983558,0.004580,,,0.000000,,,,0.00,,,
40080,,,,,,,,,,,,,,-9.743392,1.283909,0.007670,0.012210,-0.033546,0.014871,0.644531,-0.665283,-0.116943,-0.097435,0.012834,0.000098,99754.0000,-0.129879,-0.019681,-0.991335,-0.974930,-0.179645,0.131296,-0.180673,0.983535,0.004145,,,0.000000,,,,0.00,,,
40081,,,,,,,,,,,,,,-9.687071,1.205638,0.094641,0.065309,0.069559,-0.050886,0.642090,-0.660889,-0.116943,-0.096872,0.012046,0.000969,,-0.129908,-0.020185,-0.991321,-0.974910,-0.179666,0.131416,-0.180759,0.983521,0.003662,,,0.000000,,,,0.00,,,
40082,,,,,,,,,,,,,,-9.747030,1.324280,-0.066795,-0.012257,-0.102383,0.023579,0.644287,-0.660889,-0.121338,-0.097472,0.013230,-0.000625,99754.0000,-0.130014,-0.021077,-0.991288,-0.974917,-0.179437,0.131682,-0.180649,0.983544,0.002781,,,0.000000,,,,0.00,,,
40083,,,,,,,,,,,,,,-9.847918,1.322736,-0.039839,-0.002286,-0.067495,0.123517,0.639893,-0.658447,-0.123535,-0.098480,0.013219,-0.000384,,-0.130037,-0.021396,-0.991278,-0.974885,-0.179549,0.131762,-0.180803,0.983516,0.002489,,,0.000000,,,,0.00,,,
40084,,,,,,,,,,,,,,-9.531924,1.160554,0.096401,0.092035,0.091850,-0.210769,0.648682,-0.656250,-0.121338,-0.095321,0.011590,0.000976,99754.0000,-0.130314,-0.021758,-0.991234,-0.974760,-0.179982,0.132099,-0.181279,0.983429,0.002245,,,0.000000,,,,0.00,,,
40085,,,,,,,,,,,,,,-9.734194,1.208259,-0.042394,0.098141,-0.041048,-0.004278,0.650879,-0.660889,-0.119141,-0.097345,0.012060,-0.000358,,-0.130397,-0.023068,-0.991194,-0.974785,-0.179610,0.132418,-0.181083,0.983467,0.000935,,,0.000000,,,,0.00,,,
40086,,,,,,,,,,,,,,-9.844628,1.387628,-0.085581,-0.051994,-0.102822,0.128955,0.651123,-0.665283,-0.121338,-0.098449,0.013856,-0.000824,99755.0000,-0.130683,-0.023764,-0.991139,-0.974744,-0.179530,0.132826,-0.181096,0.983465,0.000298,,,0.000000,,,,0.00,,,
40087,,,,,,,,,,,,,,-9.679701,1.226371,-0.054152,0.078791,-0.041717,-0.055866,0.642334,-0.665283,-0.116943,-0.096799,0.012251,-0.000524,,-0.130710,-0.024161,-0.991126,-0.974695,-0.179724,0.132924,-0.181341,0.983420,-0.000057,,,0.000000,,,,0.00,,,
40088,,,,,,,,,,,,,,-9.765253,1.275299,-0.083035,0.049216,-0.072047,0.035451,0.641846,-0.654053,-0.116943,-0.097654,0.012740,-0.000803,99755.0000,-0.130868,-0.024725,-0.991091,-0.974695,-0.179532,0.133182,-0.181225,0.983441,-0.000605,,,0.000000,,,,0.00,,,
40089,,,,,,,,,,,,,,-9.810956,1.338798,-0.077273,-0.007234,-0.072035,0.089230,0.646484,-0.658447,-0.121338,-0.098111,0.013378,-0.000760,,-0.130927,-0.025017,-0.991076,-0.974728,-0.179274,0.133293,-0.181009,0.983481,-0.000912,,,0.000000,,,,0.00,,,
40090,,,,,,,,,,,,,,-9.701612,1.272197,0.014403,0.029014,0.030677,-0.028099,0.646729,-0.665283,-0.119141,-0.097018,0.012704,0.000160,99761.0000,-0.131219,-0.025416,-0.991028,-0.974663,-0.179358,0.133652,-0.181146,0.983455,-0.001237,,,0.000000,,,,0.00,,,
40091,,,,,,,,,,,,,,-9.866987,1.435483,-0.194111,-0.070450,-0.198307,0.157840,0.651123,-0.665283,-0.121338,-0.098670,0.014355,-0.001946,,-0.131103,-0.025280,-0.991046,-0.974695,-0.179287,0.133513,-0.181057,0.983472,-0.001135,,,0.000000,,,,0.00,,,
40092,,,,,,,,,,,,,,-9.685174,1.245592,0.028689,0.051396,0.045876,-0.047946,0.646484,-0.658691,-0.114990,-0.096852,0.012454,0.000247,99753.0000,-0.131268,-0.024603,-0.991042,-0.974519,-0.180214,0.133554,-0.181885,0.983320,-0.000319,,,0.000000,,,,0.00,,,
40093,,,,,,,,,,,,,,-9.559313,1.055729,0.055111,0.215929,0.100383,-0.198044,0.640137,-0.663086,-0.121338,-0.095595,0.010541,0.000558,,-0.131406,-0.024848,-0.991017,-0.974478,-0.180298,0.133733,-0.182001,0.983298,-0.000522,,,0.000000,,,,0.00,,,
40094,,,,,,,,,,,,,,-9.648434,1.301998,-0.001183,0.000521,0.007380,-0.076804,0.644287,-0.658447,-0.119141,-0.096487,0.013002,0.000021,99755.0000,-0.131667,-0.025481,-0.990966,-0.974567,-0.179544,0.134105,-0.181339,0.983420,-0.001193,,,0.000000,,,,0.00,,,
40095,,,,,,,,,,,,,,-9.815937,1.346833,-0.141971,0.005915,-0.129036,0.095392,0.648926,-0.667480,-0.116943,-0.098162,0.013452,-0.001399,,-0.131819,-0.025950,-0.990934,-0.974538,-0.179524,0.134339,-0.181382,0.983411,-0.001624,,,0.000000,,,,0.00,,,
40096,,,,,,,,,,,,,,-9.777618,1.310228,-0.083319,0.028429,-0.064215,0.052429,0.644287,-0.660889,-0.119141,-0.097778,0.013091,-0.000843,99756.0000,-0.132082,-0.025778,-0.990904,-0.974521,-0.179447,0.134566,-0.181284,0.983430,-0.001419,,,0.000000,,,,0.00,,,
40097,,,,,,,,,,,,,,-9.627412,1.245591,0.068767,0.045461,0.091805,-0.105330,0.644531,-0.665283,-0.116943,-0.096276,0.012443,0.000677,,-0.132238,-0.025672,-0.990885,-0.974465,-0.179650,0.134701,-0.181471,0.983396,-0.001260,,,0.000000,,,,0.00,,,
40098,,,,,,,,,,,,,,-9.651354,1.283243,-0.022015,0.030915,-0.003524,-0.076422,0.653076,-0.660889,-0.119141,-0.096515,0.012820,-0.000213,99760.0000,-0.132465,-0.025840,-0.990851,-0.974452,-0.179528,0.134954,-0.181373,0.983413,-0.001398,,,0.000000,,,,0.00,,,
40099,,,,,,,,,,,,,,-9.713749,1.309410,0.021828,0.006181,0.038692,-0.011135,0.644531,-0.665283,-0.116943,-0.097139,0.013081,0.000227,,-0.132512,-0.026077,-0.990838,-0.974457,-0.179433,0.135044,-0.181311,0.983424,-0.001634,,,0.000000,,,,0.00,,,
40100,,,,,,,,,,,,,,-9.771885,1.349692,-0.067086,-0.007429,-0.052639,0.052052,0.637939,-0.663086,-0.116943,-0.097720,0.013489,-0.000665,99760.0000,-0.132662,-0.026183,-0.990815,-0.974481,-0.179176,0.135210,-0.181071,0.983469,-0.001745,,,0.000000,,,,0.00,,,
40101,,,,,,,,,,,,,,-9.765301,1.434802,-0.076239,-0.089011,-0.075957,0.057059,0.637939,-0.663086,-0.114990,-0.097654,0.014344,-0.000762,,-0.132686,-0.026227,-0.990811,-0.974484,-0.179138,0.135242,-0.181038,0.983474,-0.001789,,,0.000000,,,,0.00,,,
40102,,,,,,,,,,,,,,-9.836552,1.305133,-0.145742,0.059465,-0.119969,0.110238,0.642334,-0.663086,-0.112793,-0.098365,0.013055,-0.001465,99756.0000,-0.132628,-0.026066,-0.990823,-0.974487,-0.179189,0.135156,-0.181067,0.983469,-0.001636,,,0.000000,,,,0.00,,,
40103,,,,,,,,,,,,,,-9.786817,1.365939,-0.052192,-0.024370,-0.043857,0.069001,0.637695,-0.660889,-0.114990,-0.097867,0.013669,-0.000558,,-0.132519,-0.025410,-0.990855,-0.974489,-0.179347,0.134930,-0.181136,0.983458,-0.000995,,,0.000000,,,,0.00,,,
40104,,,,,,,,,,,,,,-9.668458,1.326175,-0.045437,-0.003547,-0.040474,-0.053680,0.648682,-0.660889,-0.119141,-0.096683,0.013275,-0.000489,99754.0000,-0.132368,-0.024707,-0.990893,-0.974466,-0.179678,0.134654,-0.181369,0.983415,-0.000292,,,0.000000,,,,0.00,,,
40105,,,,,,,,,,,,,,-9.702431,1.247849,0.031017,0.060364,0.044742,-0.030581,0.642334,-0.665283,-0.121338,-0.097022,0.012494,0.000295,,-0.131997,-0.024402,-0.990950,-0.974505,-0.179781,0.134234,-0.181430,0.983404,-0.000049,,,0.000000,,,,0.00,,,
40106,,,,,,,,,,,,,,-9.689118,1.241318,0.002625,0.068355,0.014250,-0.044627,0.637695,-0.660645,-0.121338,-0.096890,0.012420,0.000011,99754.0000,-0.131907,-0.024062,-0.990970,-0.974541,-0.179700,0.134084,-0.181304,0.983427,0.000255,,,0.000000,,,,0.00,,,
40107,,,,,,,,,,,,,,-9.628648,1.256945,0.066167,0.033409,0.070824,-0.102434,0.637939,-0.663086,-0.119141,-0.096287,0.012566,0.000660,,-0.131967,-0.024070,-0.990962,-0.974501,-0.179868,0.134144,-0.181471,0.983396,0.000280,,,0.000000,,,,0.00,,,
40108,,,,,,,,,,,,,,-9.835001,1.337137,-0.129063,0.017092,-0.130290,0.112763,0.648682,-0.660889,-0.121338,-0.098349,0.013382,-0.001285,99758.0000,-0.131744,-0.024094,-0.990991,-0.974612,-0.179427,0.133929,-0.181038,0.983476,0.000156,,,0.000000,,,,0.00,,,
40109,,,,,,,,,,,,,,-9.831207,1.458249,-0.026086,-0.122562,-0.055179,0.125206,0.646729,-0.663086,-0.119141,-0.098310,0.014595,-0.000308,,-0.131558,-0.023199,-0.991037,-0.974550,-0.180022,0.133583,-0.181508,0.983389,0.001075,,,0.000000,,,,0.00,,,
40110,,,,,,,,,,,,,,-9.648429,1.143843,-0.009741,0.155403,0.003624,-0.097932,0.650879,-0.658447,-0.123291,-0.096482,0.011456,-0.000142,99753.0000,-0.131348,-0.022290,-0.991086,-0.974494,-0.180599,0.133211,-0.181958,0.983304,0.001999,,,0.000000,,,,0.00,,,
40111,,,,,,,,,,,,,,-9.690265,1.232113,0.023211,0.065420,0.014660,-0.044607,0.644531,-0.663086,-0.121338,-0.096901,0.012331,0.000215,,-0.131027,-0.021921,-0.991136,-0.974559,-0.180533,0.132828,-0.181844,0.983325,0.002291,,,0.000000,,,,0.00,,,
40112,,,,,,,,,,,,,,-9.722819,1.288065,0.005666,0.017946,-0.016118,-0.004947,0.642090,-0.660645,-0.125488,-0.097228,0.012882,0.000034,99749.0000,-0.131079,-0.021494,-0.991139,-0.974501,-0.180862,0.132801,-0.182114,0.983274,0.002761,,,0.000000,,,,0.00,,,
40113,,,,,,,,,,,,,,-9.622359,1.159356,0.069350,0.119072,0.064387,-0.121434,0.642090,-0.660645,-0.125488,-0.096224,0.011588,0.000683,,-0.131169,-0.021317,-0.991131,-0.974458,-0.181052,0.132857,-0.182278,0.983243,0.002975,,,0.000000,,,,0.00,,,
40114,,,,,,,,,,,,,,-9.703366,1.302487,0.015093,0.000475,-0.012570,-0.022291,0.651123,-0.663086,-0.123291,-0.097034,0.013025,0.000167,99749.0000,-0.131108,-0.021561,-0.991134,-0.974565,-0.180487,0.132842,-0.181751,0.983341,0.002650,,,0.000000,,,,0.00,,,
40115,,,,,,,,,,,,,,-9.775795,1.344735,-0.040469,-0.022405,-0.073587,0.054946,0.650879,-0.656250,-0.119141,-0.097758,0.013448,-0.000422,,-0.131032,-0.021237,-0.991151,-0.974530,-0.180775,0.132708,-0.181994,0.983295,0.002991,,,0.000000,,,,0.00,,,
40116,,,,,,,,,,,,,,-9.592685,1.220565,0.134389,0.043338,0.112867,-0.142485,0.644287,-0.656250,-0.121338,-0.095927,0.012207,0.001320,99746.0000,-0.131090,-0.020781,-0.991153,-0.974483,-0.181050,0.132682,-0.182205,0.983254,0.003483,,,0.000000,,,,0.00,,,
40117,,,,,,,,,,,,,,-9.619169,1.201711,0.070175,0.074891,0.052655,-0.118923,0.642090,-0.660889,-0.121338,-0.096192,0.012016,0.000711,,-0.130851,-0.020994,-0.991180,-0.974547,-0.180848,0.132486,-0.182034,0.983287,0.003204,,,0.000000,,,,0.00,,,
40118,,,,,,,,,,,,,,-9.773034,1.320864,0.005376,-0.009243,-0.027409,0.049161,0.644287,-0.658447,-0.123535,-0.097731,0.013205,0.000063,99753.0000,-0.130883,-0.021151,-0.991172,-0.974602,-0.180508,0.132547,-0.181718,0.983346,0.003011,,,0.000000,,,,0.00,,,
40119,,,,,,,,,,,,,,-9.734367,1.347875,0.019017,-0.043731,-0.020321,0.014453,0.646484,-0.660889,-0.121338,-0.097343,0.013481,0.000174,,-0.130809,-0.020843,-0.991189,-0.974584,-0.180700,0.132417,-0.181868,0.983317,0.003324,,,0.000000,,,,0.00,,,
40120,,,,,,,,,,,,,,-9.598437,1.203217,0.099523,0.064859,0.079111,-0.139158,0.650879,-0.660645,-0.125488,-0.095984,0.012034,0.000982,99750.0000,-0.130808,-0.020546,-0.991195,-0.974599,-0.180659,0.132362,-0.181788,0.983331,0.003607,,,0.000000,,,,0.00,,,
40121,,,,,,,,,,,,,,-9.657451,1.240974,0.013591,0.049545,-0.012377,-0.075956,0.642090,-0.656250,-0.116943,-0.096574,0.012411,0.000138,,-0.130599,-0.020551,-0.991222,-0.974646,-0.180555,0.132158,-0.181686,0.983350,0.003550,,,0.000000,,,,0.00,,,
40122,,,,,,,,,,,,,,-9.635059,1.296093,0.016455,-0.007880,-0.020712,-0.090856,0.644287,-0.658447,-0.121338,-0.096350,0.012962,0.000156,99754.0000,-0.130596,-0.020339,-0.991227,-0.974686,-0.180369,0.132117,-0.181474,0.983389,0.003732,,,0.000000,,,,0.00,,,
40123,,,,,,,,,,,,,,-9.543728,1.294002,0.208960,-0.054205,0.165661,-0.180944,0.646484,-0.658447,-0.123535,-0.095437,0.012945,0.002080,,-0.130406,-0.020162,-0.991256,-0.974727,-0.180305,0.131899,-0.181388,0.983404,0.003861,,,0.000000,,,,0.00,,,
40124,,,,,,,,,,,,,,-9.454792,1.288643,0.228040,-0.065099,0.184116,-0.269755,0.642090,-0.660645,-0.123291,-0.094547,0.012890,0.002297,99755.0000,-0.130265,-0.020455,-0.991268,-0.974792,-0.180016,0.131814,-0.181140,0.983451,0.003511,,,0.000000,,,,0.00,,,
40125,,,,,,,,,,,,,,-9.628424,1.392290,0.152504,-0.133240,0.100048,-0.084352,0.644287,-0.658447,-0.121338,-0.096282,0.013934,0.001570,,-0.129783,-0.021225,-0.991315,-0.974905,-0.179647,0.131481,-0.180877,0.983502,0.002623,,,0.000000,,,,0.00,,,
40126,,,,,,,,,,,,,,-9.724909,1.294630,-0.016261,0.000606,-0.039207,-0.002048,0.642090,-0.660889,-0.119141,-0.097247,0.012964,-0.000129,99750.0000,-0.129301,-0.021816,-0.991365,-0.974972,-0.179550,0.131114,-0.180860,0.983507,0.001946,,,0.000000,,,,0.00,,,
40127,,,,,,,,,,,,,,-9.638057,1.232580,0.024014,0.037819,0.013937,-0.096189,0.648682,-0.658447,-0.125488,-0.096378,0.012343,0.000258,,-0.128838,-0.022107,-0.991419,-0.975027,-0.179547,0.130712,-0.180896,0.983501,0.001577,,,0.000000,,,,0.00,,,
40128,,,,,,,,,,,,,,-9.566115,1.186828,0.075639,0.059370,0.074740,-0.173407,0.639648,-0.654053,-0.119141,-0.095659,0.011887,0.000780,99750.0000,-0.128365,-0.022506,-0.991472,-0.975092,-0.179477,0.130318,-0.180880,0.983505,0.001093,,,0.000000,,,,0.00,,,
40129,,,,,,,,,,,,,,-9.614893,1.174930,-0.042516,0.093459,-0.035997,-0.126697,0.641846,-0.654053,-0.119141,-0.096147,0.011767,-0.000411,,-0.127867,-0.022617,-0.991533,-0.975194,-0.179264,0.129849,-0.180683,0.983541,0.000866,,,0.000000,,,,0.00,,,
40130,,,,,,,,,,,,,,-9.558334,1.239236,0.103360,-0.007069,0.096098,-0.174282,0.644287,-0.656250,-0.121338,-0.095581,0.012412,0.001041,99751.0000,-0.127425,-0.022678,-0.991589,-0.975280,-0.179102,0.129425,-0.180531,0.983569,0.000705,,,0.000000,,,,0.00,,,
40131,,,,,,,,,,,,,,-9.616657,1.195044,0.081549,0.042585,0.084925,-0.122185,0.644287,-0.656250,-0.121338,-0.096164,0.011968,0.000831,,-0.126944,-0.022840,-0.991647,-0.975376,-0.178898,0.128981,-0.180350,0.983602,0.000433,,,0.000000,,,,0.00,,,
40132,,,,,,,,,,,,,,-9.636079,1.244127,0.023881,0.003089,0.023579,-0.096625,0.644043,-0.654053,-0.116943,-0.096358,0.012460,0.000268,99745.0000,-0.126458,-0.023306,-0.991698,-0.975519,-0.178401,0.128588,-0.179917,0.983682,-0.000175,,,0.000000,,,,0.00,,,
40133,,,,,,,,,,,,,,-9.808205,1.172963,-0.066563,0.105109,-0.043643,0.064974,0.650879,-0.654053,-0.114990,-0.098080,0.011747,-0.000632,,-0.125929,-0.023798,-0.991754,-0.975674,-0.177865,0.128155,-0.179448,0.983767,-0.000821,,,0.000000,,,,0.00,,,
40134,,,,,,,,,,,,,,-9.892956,1.269664,-0.121704,0.026862,-0.108871,0.161523,0.653076,-0.660889,-0.116943,-0.098928,0.012714,-0.001201,99756.0000,-0.125537,-0.023965,-0.991800,-0.975839,-0.177216,0.127798,-0.178826,0.983880,-0.001139,,,0.000000,,,,0.00,,,
40135,,,,,,,,,,,,,,-9.939769,1.326179,-0.112101,-0.030750,-0.109249,0.215146,0.644287,-0.660889,-0.116943,-0.099394,0.013290,-0.001138,,-0.124839,-0.023496,-0.991899,-0.975987,-0.176958,0.127028,-0.178509,0.983938,-0.000840,,,0.000000,,,,0.00,,,
40136,,,,,,,,,,,,,,-9.836797,1.234330,-0.050156,0.030416,-0.040573,0.101246,0.646484,-0.656250,-0.121338,-0.098365,0.012368,-0.000537,99747.0000,-0.124444,-0.022731,-0.991966,-0.976001,-0.177254,0.126503,-0.178706,0.983903,-0.000127,,,0.000000,,,,0.00,,,
40137,,,,,,,,,,,,,,-9.786995,1.132780,0.009883,0.109584,0.028144,0.039000,0.644287,-0.660889,-0.116943,-0.097868,0.011346,0.000073,,-0.124193,-0.022122,-0.992011,-0.976016,-0.177426,0.126147,-0.178799,0.983886,0.000443,,,0.000000,,,,0.00,,,
40138,,,,,,,,,,,,,,-9.748919,1.156454,0.026586,0.075851,0.035174,0.004264,0.653076,-0.654053,-0.121338,-0.097487,0.011581,0.000254,99745.0000,-0.123891,-0.021807,-0.992056,-0.976075,-0.177352,0.125793,-0.178687,0.983906,0.000687,,,0.000000,,,,0.00,,,
40139,,,,,,,,,,,,,,-9.793235,1.109726,-0.023095,0.133571,-0.006311,0.042342,0.653076,-0.658447,-0.116943,-0.097932,0.011098,-0.000231,,-0.123794,-0.021785,-0.992069,-0.976057,-0.177521,0.125694,-0.178852,0.983876,0.000713,,,0.000000,,,,0.00,,,
40140,,,,,,,,,,,,,,-9.677827,1.126213,0.060210,0.088832,0.072652,-0.070041,0.650879,-0.658447,-0.119141,-0.096780,0.011250,0.000625,99751.0000,-0.123942,-0.022270,-0.992040,-0.976070,-0.177286,0.125926,-0.178679,0.983907,0.000236,,,0.000000,,,,0.00,,,
40141,,,,,,,,,,,,,,-9.815444,1.283714,-0.046601,-0.029182,-0.050068,0.086285,0.648682,-0.658447,-0.119141,-0.098156,0.012827,-0.000418,,-0.123848,-0.023190,-0.992030,-0.976146,-0.176817,0.125999,-0.178329,0.983971,-0.000738,,,0.000000,,,,0.00,,,
40142,,,,,,,,,,,,,,-9.796103,1.233509,-0.001760,0.010001,0.011196,0.060760,0.646484,-0.656250,-0.119141,-0.097963,0.012323,0.000019,99751.0000,-0.123939,-0.023965,-0.992000,-0.976128,-0.176753,0.126226,-0.178364,0.983963,-0.001486,,,0.000000,,,,0.00,,,
40143,,,,,,,,,,,,,,-9.829772,1.304404,-0.051981,-0.045774,-0.043328,0.103190,0.646240,-0.651855,-0.117188,-0.098299,0.013035,-0.000486,,-0.123939,-0.024598,-0.991985,-0.976114,-0.176749,0.126339,-0.178440,0.983949,-0.002105,,,0.000000,,,,0.00,,,
40144,,,,,,,,,,,,,,-9.734078,1.225579,-0.081170,0.024674,-0.054552,-0.001606,0.646484,-0.656250,-0.114990,-0.097342,0.012251,-0.000787,99751.0000,-0.123928,-0.025123,-0.991973,-0.976075,-0.176905,0.126422,-0.178661,0.983907,-0.002599,,,0.000000,,,,0.00,,,
40145,,,,,,,,,,,,,,-9.729993,1.190664,-0.024269,0.047097,0.013999,-0.010207,0.652832,-0.651855,-0.116943,-0.097301,0.011899,-0.000200,,-0.123813,-0.025983,-0.991965,-0.976060,-0.176959,0.126462,-0.178823,0.983875,-0.003451,,,0.000000,,,,0.00,,,
40146,,,,,,,,,,,,,,-9.840453,1.206981,-0.102271,0.058779,-0.054028,0.101716,0.650879,-0.658691,-0.112793,-0.098406,0.012060,-0.000979,99751.0000,-0.123838,-0.026866,-0.991939,-0.976072,-0.176761,0.126645,-0.178739,0.983887,-0.004333,,,0.000000,,,,0.00,,,
40147,,,,,,,,,,,,,,-9.763271,1.263149,-0.081831,-0.010523,-0.040139,0.032209,0.650879,-0.654053,-0.116943,-0.097634,0.012622,-0.000804,,-0.123754,-0.027174,-0.991941,-0.976049,-0.176908,0.126617,-0.178923,0.983852,-0.004630,,,0.000000,,,,0.00,,,
40148,,,,,,,,,,,,,,-9.644533,1.162368,-0.039199,0.066583,0.021046,-0.098534,0.648438,-0.651855,-0.117188,-0.096447,0.011613,-0.000362,99760.0000,-0.123842,-0.027835,-0.991912,-0.976005,-0.177005,0.126823,-0.179103,0.983816,-0.005246,,,0.000000,,,,0.00,,,
40149,,,,,,,,,,,,,,-9.691675,1.237986,-0.058486,0.001163,-0.003262,-0.042090,0.644287,-0.660889,-0.112793,-0.096919,0.012366,-0.000541,,-0.123748,-0.028661,-0.991900,-0.976012,-0.176925,0.126878,-0.179128,0.983807,-0.006079,,,0.000000,,,,0.00,,,
40150,,,,,,,,,,,,,,-9.732146,1.319374,-0.020131,-0.079550,0.030276,0.008136,0.653076,-0.660889,-0.112793,-0.097323,0.013183,-0.000157,99756.0000,-0.123775,-0.029569,-0.991870,-0.976019,-0.176750,0.127066,-0.179070,0.983812,-0.006983,,,0.000000,,,,0.00,,,
40151,,,,,,,,,,,,,,-9.787675,1.252184,-0.176140,0.020726,-0.101731,0.055787,0.650879,-0.654053,-0.116943,-0.097878,0.012518,-0.001728,,-0.123711,-0.030278,-0.991856,-0.975975,-0.176946,0.127132,-0.179354,0.983755,-0.007660,,,0.000000,,,,0.00,,,
40152,,,,,,,,,,,,,,-9.749740,1.213975,-0.121078,0.043082,-0.036933,0.012922,0.657471,-0.656250,-0.112793,-0.097498,0.012136,-0.001193,99756.0000,-0.123691,-0.030645,-0.991848,-0.975955,-0.177027,0.127178,-0.179481,0.983729,-0.008012,,,0.000000,,,,0.00,,,
40153,,,,,,,,,,,,,,-9.677617,1.173173,-0.067913,0.062057,0.023102,-0.064209,0.653076,-0.660889,-0.110596,-0.096777,0.011725,-0.000662,,-0.123467,-0.030965,-0.991865,-0.975918,-0.177344,0.127018,-0.179834,0.983662,-0.008323,,,0.000000,,,,0.00,,,
40154,,,,,,,,,,,,,,-9.716962,1.159684,-0.107267,0.087554,-0.007020,-0.026574,0.648682,-0.656250,-0.108643,-0.097171,0.011588,-0.001041,99754.0000,-0.123503,-0.031617,-0.991840,-0.975916,-0.177244,0.127170,-0.179818,0.983659,-0.008965,,,0.000000,,,,0.00,,,
40155,,,,,,,,,,,,,,-9.762190,1.288285,-0.150637,-0.025534,-0.064787,0.035047,0.648682,-0.660889,-0.110596,-0.097623,0.012877,-0.001482,,-0.123388,-0.032161,-0.991837,-0.975946,-0.177090,0.127154,-0.179734,0.983669,-0.009537,,,0.000000,,,,0.00,,,
40156,,,,,,,,,,,,,,-9.747740,1.207051,-0.117378,0.046268,-0.014578,0.010084,0.653076,-0.660889,-0.114990,-0.097478,0.012064,-0.001163,99762.0000,-0.123442,-0.032410,-0.991822,-0.975897,-0.177291,0.127253,-0.179965,0.983625,-0.009744,,,0.000000,,,,0.00,,,
40157,,,,,,,,,,,,,,-9.714415,1.217636,-0.144815,0.036979,-0.041844,-0.021346,0.655273,-0.658691,-0.108398,-0.097145,0.012169,-0.001431,,-0.123464,-0.032761,-0.991808,-0.975884,-0.177298,0.127338,-0.180018,0.983612,-0.010081,,,0.000000,,,,0.00,,,
40158,,,,,,,,,,,,,,-9.760357,1.280524,-0.139264,-0.018899,-0.042348,0.032187,0.650635,-0.651855,-0.112793,-0.097605,0.012796,-0.001375,99756.0000,-0.123559,-0.033152,-0.991783,-0.975849,-0.177373,0.127503,-0.180143,0.983585,-0.010435,,,0.000000,,,,0.00,,,
40159,,,,,,,,,,,,,,-9.749219,1.236149,-0.168227,0.027132,-0.061066,0.015800,0.644287,-0.654053,-0.108643,-0.097493,0.012352,-0.001679,,-0.123462,-0.033267,-0.991792,-0.975820,-0.177586,0.127430,-0.180368,0.983543,-0.010538,,,0.000000,,,,0.00,,,
40160,,,,,,,,,,,,,,-9.688039,1.242472,-0.085556,-0.000024,0.018315,-0.044944,0.648682,-0.660889,-0.110596,-0.096882,0.012415,-0.000849,99755.0000,-0.123608,-0.033435,-0.991768,-0.975783,-0.177664,0.127605,-0.180468,0.983523,-0.010665,,,0.000000,,,,0.00,,,
40161,,,,,,,,,,,,,,-9.792692,1.276944,-0.120050,-0.013646,-0.015388,0.063617,0.639648,-0.654053,-0.114990,-0.097928,0.012762,-0.001184,,-0.123649,-0.033817,-0.991750,-0.975777,-0.177618,0.127714,-0.180472,0.983518,-0.011036,,,0.000000,,,,0.00,,,
40162,,,,,,,,,,,,,,-9.760444,1.299318,-0.168008,-0.030333,-0.065379,0.035029,0.650879,-0.654053,-0.114990,-0.097605,0.012989,-0.001675,99758.0000,-0.123677,-0.033952,-0.991742,-0.975732,-0.177827,0.127768,-0.180696,0.983476,-0.011135,,,0.000000,,,,0.00,,,
40163,,,,,,,,,,,,,,-9.738963,1.289456,-0.119416,-0.032173,-0.017182,0.011926,0.650879,-0.658691,-0.108398,-0.097390,0.012891,-0.001194,,-0.123653,-0.033916,-0.991746,-0.975621,-0.178451,0.127745,-0.181311,0.983364,-0.011023,,,0.000000,,,,0.00,,,
40164,,,,,,,,,,,,,,-9.765339,1.205005,-0.138631,0.057518,-0.019943,0.027506,0.653076,-0.656250,-0.110596,-0.097654,0.012045,-0.001385,99756.0000,-0.123712,-0.033990,-0.991736,-0.975549,-0.178792,0.127821,-0.181659,0.983300,-0.011040,,,0.000000,,,,0.00,,,
40165,,,,,,,,,,,,,,-9.778185,1.276602,-0.154309,-0.008728,-0.047009,0.049571,0.648682,-0.654053,-0.110596,-0.097783,0.012759,-0.001542,,-0.123635,-0.034085,-0.991742,-0.975521,-0.178985,0.127764,-0.181862,0.983261,-0.011122,,,0.000000,,,,0.00,,,
40166,,,,,,,,,,,,,,-9.788485,1.242805,-0.229930,0.040803,-0.115119,0.056302,0.648926,-0.663086,-0.114990,-0.097886,0.012417,-0.002304,99758.0000,-0.123820,-0.034079,-0.991719,-0.975416,-0.179422,0.127950,-0.182297,0.983182,-0.011025,,,0.000000,,,,0.00,,,
40167,,,,,,,,,,,,,,-9.758548,1.293573,-0.145299,-0.026503,-0.043874,0.032163,0.650879,-0.658691,-0.112793,-0.097586,0.012929,-0.001467,,-0.123916,-0.033828,-0.991716,-0.975344,-0.179777,0.128002,-0.182618,0.983126,-0.010716,,,0.000000,,,,0.00,,,
40168,,,,,,,,,,,,,,-9.802084,1.250597,-0.194010,0.031618,-0.085045,0.070341,0.653076,-0.658691,-0.110596,-0.098022,0.012495,-0.001953,99757.0000,-0.124123,-0.033679,-0.991695,-0.975201,-0.180420,0.128186,-0.183239,0.983013,-0.010450,,,0.000000,,,,0.00,,,
40169,,,,,,,,,,,,,,-9.837207,1.267719,-0.207933,0.022885,-0.103847,0.107477,0.648438,-0.651855,-0.117188,-0.098373,0.012667,-0.002105,,-0.124224,-0.033282,-0.991696,-0.975112,-0.180879,0.128217,-0.183644,0.982942,-0.009984,,,0.000000,,,,0.00,,,
40170,,,,,,,,,,,,,,-9.741019,1.418777,-0.065287,-0.159686,0.000222,0.030033,0.648682,-0.656250,-0.112793,-0.097412,0.014177,-0.000687,99751.0000,-0.124518,-0.032722,-0.991678,-0.974953,-0.181598,0.128410,-0.184289,0.982828,-0.009290,,,0.000000,,,,0.00,,,
40171,,,,,,,,,,,,,,-9.770571,1.211452,-0.177122,0.067492,-0.077505,0.033758,0.646484,-0.658691,-0.114990,-0.097706,0.012111,-0.001800,,-0.124465,-0.032226,-0.991701,-0.974783,-0.182602,0.128276,-0.185221,0.982659,-0.008686,,,0.000000,,,,0.00,,,
40172,,,,,,,,,,,,,,-9.774772,1.264435,-0.083885,0.001347,-0.002135,0.043883,0.650879,-0.658691,-0.114990,-0.097749,0.012634,-0.000880,99755.0000,-0.124765,-0.031510,-0.991686,-0.974647,-0.183211,0.128443,-0.185735,0.982569,-0.007853,,,0.000000,,,,0.00,,,
40173,,,,,,,,,,,,,,-9.816532,1.275357,-0.153757,0.010623,-0.077853,0.087227,0.642090,-0.660889,-0.116943,-0.098165,0.012751,-0.001566,,-0.124822,-0.031057,-0.991693,-0.974515,-0.183928,0.128420,-0.186388,0.982449,-0.007307,,,0.000000,,,,0.00,,,
40174,,,,,,,,,,,,,,-9.910749,1.263487,-0.205612,0.045708,-0.130507,0.179435,0.644287,-0.658447,-0.119141,-0.099108,0.012626,-0.002098,99750.0000,-0.125068,-0.030368,-0.991683,-0.974327,-0.184838,0.128540,-0.187204,0.982300,-0.006471,,,0.000000,,,,0.00,,,
40175,,,,,,,,,,,,,,-9.873270,1.304894,-0.203596,0.005394,-0.146346,0.147443,0.648682,-0.658447,-0.121338,-0.098734,0.013034,-0.002092,,-0.125624,-0.029474,-0.991640,-0.974055,-0.185999,0.128925,-0.188244,0.982108,-0.005343,,,0.000000,,,,0.00,,,
40176,,,,,,,,,,,,,,-9.917982,1.356476,-0.161205,-0.042839,-0.123970,0.198065,0.648682,-0.654053,-0.123535,-0.099180,0.013554,-0.001672,99756.0000,-0.125981,-0.028461,-0.991624,-0.973829,-0.187063,0.129089,-0.189170,0.981936,-0.004150,,,0.000000,,,,0.00,,,
40177,,,,,,,,,,,,,,-9.947764,1.391129,-0.127403,-0.076288,-0.109580,0.231796,0.641846,-0.654053,-0.125488,-0.099478,0.013902,-0.001346,,-0.126233,-0.027213,-0.991627,-0.973548,-0.188510,0.129105,-0.190445,0.981694,-0.002697,,,0.000000,,,,0.00,,,
40178,,,,,,,,,,,,,,-9.888580,1.420859,-0.071681,-0.119069,-0.076181,0.176707,0.644287,-0.656250,-0.125488,-0.098887,0.014200,-0.000791,99758.0000,-0.126606,-0.025993,-0.991612,-0.973226,-0.190073,0.129241,-0.191838,0.981426,-0.001233,,,0.000000,,,,0.00,,,
40179,,,,,,,,,,,,,,-9.889896,1.275588,-0.114910,0.035352,-0.105237,0.159174,0.637451,-0.654053,-0.129883,-0.098900,0.012744,-0.001220,,-0.127028,-0.024788,-0.991589,-0.972879,-0.191718,0.129424,-0.193314,0.981137,0.000238,,,0.000000,,,,0.00,,,
40180,,,,,,,,,,,,,,-9.956857,1.416979,-0.185602,-0.075561,-0.213222,0.243659,0.648438,-0.651855,-0.132080,-0.099569,0.014159,-0.001922,99758.0000,-0.127414,-0.023644,-0.991568,-0.972673,-0.192658,0.129580,-0.194097,0.980981,0.001549,,,0.000000,,,,0.00,,,
40181,,,,,,,,,,,,,,-9.991733,1.605243,-0.001660,-0.288232,-0.083387,0.302721,0.644043,-0.654053,-0.129883,-0.099915,0.016066,-0.000093,,-0.127345,-0.022117,-0.991612,-0.972547,-0.193538,0.129213,-0.194773,0.980843,0.003137,,,0.000000,,,,0.00,,,
40182,,,,,,,,,,,,,,-9.859714,1.507865,0.176908,-0.245421,0.091824,0.159786,0.644287,-0.658447,-0.134033,-0.098596,0.015095,0.001691,99758.0000,-0.127285,-0.020648,-0.991651,-0.972393,-0.194542,0.128864,-0.195578,0.980677,0.004685,,,0.000000,,,,0.00,,,
40183,,,,,,,,,,,,,,-9.768504,1.472933,0.252309,-0.240500,0.155946,0.065303,0.646240,-0.649658,-0.132080,-0.097681,0.014766,0.002465,,-0.126773,-0.019380,-0.991742,-0.972378,-0.195110,0.128111,-0.195982,0.980590,0.005890,,,0.000000,,,,0.00,,,
40184,,,,,,,,,,,,,,-9.723670,1.495680,0.334484,-0.291507,0.219746,0.024254,0.637451,-0.649658,-0.129883,-0.097230,0.015008,0.003306,99752.0000,-0.125876,-0.018448,-0.991874,-0.972409,-0.195656,0.127044,-0.196410,0.980499,0.006690,,,0.000000,,,,0.00,,,
40185,,,,,,,,,,,,,,-9.716487,1.383507,0.337238,-0.195217,0.236340,0.002809,0.646240,-0.649658,-0.140381,-0.097156,0.013903,0.003354,,-0.124522,-0.017932,-0.992055,-0.972425,-0.196500,0.125610,-0.197191,0.980340,0.007031,,,0.000000,,,,0.00,,,
40186,,,,,,,,,,,,,,-9.960313,1.387279,0.196917,-0.155456,0.096613,0.244034,0.646484,-0.656250,-0.131836,-0.099592,0.013954,0.001961,99758.0000,-0.122928,-0.017506,-0.992261,-0.972521,-0.197073,0.123959,-0.197718,0.980232,0.007201,,,0.000000,,,,0.00,,,
40187,,,,,,,,,,,,,,-9.692223,1.266145,0.345821,-0.115230,0.255420,-0.036013,0.646240,-0.654053,-0.131836,-0.096913,0.012740,0.003442,,-0.121448,-0.016943,-0.992453,-0.972477,-0.198266,0.122388,-0.198844,0.980002,0.007602,,,0.000000,,,,0.00,,,
40188,,,,,,,,,,,,,,-9.857084,1.082070,0.256878,0.083795,0.205147,0.104460,0.650391,-0.645264,-0.134033,-0.098560,0.010916,0.002598,99755.0000,-0.119422,-0.017197,-0.992695,-0.972573,-0.198983,0.120449,-0.199601,0.979852,0.007038,,,0.000000,,,,0.00,,,
