// Start Time: Unknown
// Update Rate: 100.0Hz
// Filter Profile: human (46.1)
// Firmware Version: 4.6.0
PacketCounter,SampleTimeFine,Year,Month,Day,Second,UTC_Nano,UTC_Year,UTC_Month,UTC_Day,UTC_Hour,UTC_Minute,UTC_Second,UTC_Valid,Acc_X,Acc_Y,Acc_Z,FreeAcc_X,FreeAcc_Y,FreeAcc_Z,Mag_X,Mag_Y,Mag_Z,VelInc_X,VelInc_Y,VelInc_Z,Pressure,Mat[1][1],Mat[2][1],Mat[3][1],Mat[1][2],Mat[2][2],Mat[3][2],Mat[1][3],Mat[2][3],Mat[3][3],Latitude,Longitude,Altitude,Vel_X,Vel_Y,Vel_Z,Temperature,GyrTemp_X,GyrTemp_Y,GyrTemp_Z
63524,,,,,,,,,,,,,,4.885845,-6.700843,5.887980,-0.000000,0.000000,0.357902,-0.381348,0.301758,-0.798096,0.048754,-0.066903,0.059086,99872.0000,0.076564,0.874272,0.479360,-0.628091,0.415679,-0.657809,-0.774364,-0.250717,0.580949,,,0.000000,,,,0.00,,,
63525,,,,,,,,,,,,,,5.054561,-6.651670,5.927474,0.070240,0.185824,0.428824,-0.385742,0.297363,-0.798096,0.050399,-0.066446,0.059479,,0.069544,0.875272,0.478605,-0.637952,0.407860,-0.653197,-0.766929,-0.259901,0.586746,,,0.000000,,,,0.00,,,
63526,,,,,,,,,,,,,,5.032612,-6.622128,5.920345,0.016806,0.148396,0.395532,-0.396729,0.299561,-0.786621,0.050168,-0.066182,0.059382,99868.0000,0.064542,0.873939,0.481732,-0.637362,0.407550,-0.653967,-0.767857,-0.264829,0.583319,,,0.000000,,,,0.00,,,
63527,,,,,,,,,,,,,,4.771771,-6.535924,5.942882,-0.098632,-0.123239,0.226279,-0.394531,0.299561,-0.795898,0.047537,-0.065347,0.059587,,0.059110,0.870624,0.488385,-0.637834,0.409287,-0.652420,-0.767902,-0.272944,0.579506,,,0.000000,,,,0.00,,,
63528,,,,,,,,,,,,,,4.646217,-6.658676,5.783867,0.068398,-0.279456,0.152023,-0.401367,0.299561,-0.786621,0.046274,-0.066592,0.057984,99866.0000,0.054982,0.868778,0.492141,-0.637584,0.409863,-0.652303,-0.768417,-0.277916,0.576453,,,0.000000,,,,0.00,,,
63529,,,,,,,,,,,,,,4.343202,-6.626228,5.686078,0.083910,-0.532574,-0.075597,-0.405762,0.301514,-0.782227,0.043239,-0.066274,0.056994,,0.052216,0.867315,0.495013,-0.636892,0.410718,-0.652441,-0.769183,-0.281202,0.573832,,,0.000000,,,,0.00,,,
63530,,,,,,,,,,,,,,4.310120,-6.623064,5.671259,0.070098,-0.598287,-0.104844,-0.414795,0.303711,-0.784668,0.042903,-0.066242,0.056850,99871.0000,0.049420,0.865198,0.498989,-0.636124,0.412429,-0.652111,-0.770002,-0.285192,0.570756,,,0.000000,,,,0.00,,,
63531,,,,,,,,,,,,,,4.234048,-6.628503,5.597927,0.104682,-0.677830,-0.183025,-0.414551,0.299316,-0.786865,0.042144,-0.066294,0.056117,,0.044814,0.863687,0.502033,-0.636070,0.412177,-0.652323,-0.770329,-0.290095,0.567836,,,0.000000,,,,0.00,,,
63532,,,,,,,,,,,,,,4.235357,-6.637884,5.630924,0.062729,-0.733476,-0.160490,-0.414795,0.305908,-0.782471,0.042150,-0.066386,0.056453,99868.0000,0.041246,0.861491,0.506094,-0.635460,0.413498,-0.652081,-0.771031,-0.294707,0.564499,,,0.000000,,,,0.00,,,
63533,,,,,,,,,,,,,,4.239571,-6.747543,5.501431,0.211044,-0.742290,-0.160056,-0.425781,0.301514,-0.775635,0.042194,-0.067485,0.055157,,0.034767,0.861377,0.506775,-0.636188,0.410145,-0.653487,-0.770750,-0.299684,0.562258,,,0.000000,,,,0.00,,,
63534,,,,,,,,,,,,,,4.311695,-6.686752,5.500915,0.151427,-0.700227,-0.166447,-0.432373,0.296875,-0.770996,0.042906,-0.066872,0.055168,99868.0000,0.031375,0.858992,0.511027,-0.635305,0.411848,-0.653276,-0.771624,-0.304161,0.558643,,,0.000000,,,,0.00,,,
63535,,,,,,,,,,,,,,4.382887,-6.472386,5.611897,-0.093406,-0.593940,-0.208879,-0.434814,0.303467,-0.766602,0.043620,-0.064720,0.056285,,0.020420,0.858835,0.511845,-0.637467,0.405575,-0.655091,-0.770207,-0.312907,0.555761,,,0.000000,,,,0.00,,,
63536,,,,,,,,,,,,,,4.382773,-6.815140,5.462416,0.213408,-0.731857,-0.070437,-0.447754,0.296875,-0.770996,0.043623,-0.068149,0.054790,99871.0000,0.015424,0.856471,0.515964,-0.637107,0.406126,-0.655100,-0.770621,-0.318620,0.551928,,,0.000000,,,,0.00,,,
63537,,,,,,,,,,,,,,4.350238,-6.721873,5.316090,0.242521,-0.669634,-0.228247,-0.445801,0.301270,-0.761963,0.043296,-0.067213,0.053336,,0.001880,0.856686,0.515835,-0.640279,0.397266,-0.657436,-0.768140,-0.329043,0.549265,,,0.000000,,,,0.00,,,
63538,,,,,,,,,,,,,,4.556844,-6.654591,5.387731,0.114638,-0.535895,-0.128914,-0.452637,0.303467,-0.759766,0.045364,-0.066528,0.054072,99870.0000,-0.002653,0.854178,0.519973,-0.639228,0.398420,-0.657761,-0.769013,-0.334127,0.544957,,,0.000000,,,,0.00,,,
63539,,,,,,,,,,,,,,4.654081,-6.546188,5.485919,-0.063508,-0.430693,-0.095767,-0.461426,0.301270,-0.752930,0.046336,-0.065433,0.055067,,-0.018217,0.854686,0.518826,-0.642542,0.387563,-0.661011,-0.766034,-0.345409,0.542111,,,0.000000,,,,0.00,,,
63540,,,,,,,,,,,,,,4.654279,-6.787199,5.351919,0.159997,-0.522504,-0.011026,-0.463623,0.305420,-0.748535,0.046359,-0.067843,0.053715,99868.0000,-0.023546,0.852293,0.522534,-0.641745,0.387888,-0.661594,-0.766557,-0.350911,0.537821,,,0.000000,,,,0.00,,,
63541,,,,,,,,,,,,,,4.742615,-6.748124,5.347058,0.102612,-0.416541,0.007511,-0.470459,0.307617,-0.748535,0.047232,-0.067446,0.053686,,-0.039400,0.852357,0.521474,-0.644959,0.376915,-0.664803,-0.763201,-0.362522,0.534885,,,0.000000,,,,0.00,,,
63542,,,,,,,,,,,,,,4.859736,-6.689272,5.386814,-0.007892,-0.353792,0.049140,-0.470215,0.303223,-0.746094,0.048414,-0.066844,0.054092,99869.0000,-0.045262,0.849849,0.525079,-0.643870,0.377058,-0.665777,-0.763795,-0.368217,0.530126,,,0.000000,,,,0.00,,,
63543,,,,,,,,,,,,,,4.970353,-6.754335,5.371535,0.003086,-0.267110,0.142572,-0.479492,0.309814,-0.744141,0.049528,-0.067493,0.053940,,-0.060022,0.849700,0.523839,-0.646568,0.366721,-0.668928,-0.760491,-0.378848,0.527378,,,0.000000,,,,0.00,,,
63544,,,,,,,,,,,,,,5.124137,-6.772259,5.331482,-0.002932,-0.170669,0.213057,-0.479248,0.305420,-0.737305,0.051070,-0.067672,0.053542,99868.0000,-0.065452,0.847219,0.527196,-0.645361,0.367018,-0.669931,-0.761069,-0.384080,0.522740,,,0.000000,,,,0.00,,,
63545,,,,,,,,,,,,,,5.358688,-6.707494,5.403638,-0.154735,0.027038,0.330308,-0.483887,0.309814,-0.728271,0.053417,-0.067028,0.054262,,-0.078592,0.846519,0.526525,-0.647533,0.358224,-0.672589,-0.757974,-0.393802,0.519996,,,0.000000,,,,0.00,,,
63546,,,,,,,,,,,,,,5.467839,-6.927557,5.330854,-0.002354,0.027597,0.497759,-0.494873,0.309570,-0.728271,0.054522,-0.069233,0.053523,99868.0000,-0.083878,0.844125,0.529544,-0.646689,0.358195,-0.673417,-0.758128,-0.398935,0.515841,,,0.000000,,,,0.00,,,
63547,,,,,,,,,,,,,,5.504985,-7.001006,5.224112,0.081088,0.072149,0.511957,-0.499268,0.307373,-0.723633,0.054904,-0.069966,0.052453,,-0.095047,0.843004,0.529444,-0.647818,0.351445,-0.675883,-0.755842,-0.407224,0.512710,,,0.000000,,,,0.00,,,
63548,,,,,,,,,,,,,,5.612185,-7.027852,5.189294,0.079419,0.128940,0.569650,-0.504150,0.318359,-0.726074,0.055980,-0.070234,0.052106,99868.0000,-0.099634,0.840717,0.532229,-0.646721,0.351788,-0.676755,-0.756191,-0.411631,0.508659,,,0.000000,,,,0.00,,,
63549,,,,,,,,,,,,,,5.628865,-6.870624,5.257564,-0.117584,0.157013,0.506852,-0.501709,0.313965,-0.712402,0.056165,-0.068655,0.052775,,-0.109803,0.839194,0.532632,-0.647455,0.346199,-0.678932,-0.754152,-0.419404,0.505327,,,0.000000,,,,0.00,,,
63550,,,,,,,,,,,,,,5.602398,-7.159922,5.035116,0.209720,0.097403,0.577219,-0.512695,0.309570,-0.717041,0.055927,-0.071561,0.050513,99868.0000,-0.114953,0.837242,0.534614,-0.647263,0.345123,-0.679662,-0.753549,-0.424165,0.502243,,,0.000000,,,,0.00,,,
63551,,,,,,,,,,,,,,5.422911,-7.015378,4.993666,0.138299,0.001486,0.362821,-0.508545,0.313965,-0.717041,0.054129,-0.070127,0.050082,,-0.123564,0.835462,0.535477,-0.648348,0.340546,-0.680936,-0.751250,-0.431315,0.499591,,,0.000000,,,,0.00,,,
63552,,,,,,,,,,,,,,5.345818,-6.833207,5.010669,-0.005355,-0.034459,0.206094,-0.515137,0.316162,-0.708008,0.053367,-0.068304,0.050242,99874.0000,-0.127901,0.833647,0.537284,-0.648159,0.339781,-0.681497,-0.750687,-0.435410,0.496878,,,0.000000,,,,0.00,,,
63553,,,,,,,,,,,,,,5.287453,-6.767252,4.992084,-0.043569,-0.067541,0.120451,-0.524170,0.318359,-0.710449,0.052802,-0.067645,0.050034,,-0.133725,0.832204,0.538103,-0.649090,0.336754,-0.682113,-0.748866,-0.440493,0.495143,,,0.000000,,,,0.00,,,
63554,,,,,,,,,,,,,,5.282923,-6.603095,5.023365,-0.189585,-0.046874,0.021242,-0.517334,0.316162,-0.708008,0.052780,-0.066006,0.050318,99866.0000,-0.138258,0.830877,0.539006,-0.649566,0.334756,-0.682644,-0.747629,-0.444501,0.493427,,,0.000000,,,,0.00,,,
63555,,,,,,,,,,,,,,5.331808,-6.818227,4.880625,0.037215,-0.017525,0.123871,-0.526367,0.315918,-0.708008,0.053293,-0.068162,0.048863,,-0.144309,0.829953,0.538845,-0.650998,0.330479,-0.683363,-0.745236,-0.449402,0.492606,,,0.000000,,,,0.00,,,
63556,,,,,,,,,,,,,,5.388647,-6.689709,4.917323,-0.090415,0.047547,0.084753,-0.519531,0.313965,-0.698975,0.053857,-0.066890,0.049216,99868.0000,-0.147415,0.829035,0.539417,-0.651666,0.328854,-0.683510,-0.744043,-0.452279,0.491776,,,0.000000,,,,0.00,,,
63557,,,,,,,,,,,,,,5.407684,-6.633293,4.900577,-0.122320,0.088775,0.048167,-0.524170,0.320312,-0.698975,0.054058,-0.066333,0.049026,,-0.151366,0.828431,0.539250,-0.653011,0.325738,-0.683719,-0.742068,-0.455628,0.491669,,,0.000000,,,,0.00,,,
63558,,,,,,,,,,,,,,5.260455,-6.628452,4.887353,-0.094095,-0.029111,-0.041030,-0.526367,0.318115,-0.694580,0.052595,-0.066291,0.048875,99874.0000,-0.152628,0.828080,0.539434,-0.653586,0.324846,-0.683594,-0.741303,-0.456902,0.491641,,,0.000000,,,,0.00,,,
63559,,,,,,,,,,,,,,5.128483,-6.673890,4.902707,-0.056947,-0.157791,-0.073564,-0.530762,0.318115,-0.696777,0.051280,-0.066752,0.049014,,-0.152324,0.828308,0.539170,-0.653484,0.324857,-0.683686,-0.741456,-0.456480,0.491802,,,0.000000,,,,0.00,,,
63560,,,,,,,,,,,,,,5.016865,-6.819176,4.912721,0.052528,-0.301461,-0.029473,-0.528320,0.309326,-0.694336,0.050171,-0.068209,0.049101,99868.0000,-0.152519,0.828303,0.539121,-0.654102,0.324329,-0.683345,-0.740870,-0.456863,0.492329,,,0.000000,,,,0.00,,,
63561,,,,,,,,,,,,,,4.954163,-6.972120,4.945680,0.140627,-0.407785,0.057868,-0.528564,0.315918,-0.703613,0.049546,-0.069745,0.049419,,-0.155219,0.828336,0.538300,-0.655399,0.321366,-0.683503,-0.739161,-0.458894,0.493009,,,0.000000,,,,0.00,,,
63562,,,,,,,,,,,,,,4.853362,-7.095323,4.969238,0.229495,-0.538943,0.099372,-0.532959,0.315918,-0.696777,0.048536,-0.070985,0.049644,99870.0000,-0.155374,0.828337,0.538254,-0.656428,0.320603,-0.682874,-0.738215,-0.459426,0.493930,,,0.000000,,,,0.00,,,
63563,,,,,,,,,,,,,,4.877369,-7.152068,4.951615,0.284278,-0.515226,0.142865,-0.523926,0.311523,-0.708008,0.048771,-0.071557,0.049467,,-0.158112,0.828419,0.537329,-0.658083,0.317293,-0.682826,-0.736157,-0.461571,0.495001,,,0.000000,,,,0.00,,,
63564,,,,,,,,,,,,,,4.950371,-7.129875,4.967545,0.258394,-0.454471,0.174528,-0.528320,0.309326,-0.703369,0.049491,-0.071338,0.049632,99869.0000,-0.158879,0.828100,0.537595,-0.659367,0.316280,-0.682058,-0.734842,-0.462837,0.495772,,,0.000000,,,,0.00,,,
63565,,,,,,,,,,,,,,5.080464,-7.020092,4.912034,0.219745,-0.276881,0.142006,-0.532715,0.309326,-0.703369,0.050782,-0.070236,0.049093,,-0.162679,0.827620,0.537197,-0.661773,0.312309,-0.681557,-0.731841,-0.466377,0.496891,,,0.000000,,,,0.00,,,
63566,,,,,,,,,,,,,,5.207420,-6.882923,4.936257,0.098758,-0.145098,0.128523,-0.532715,0.309326,-0.701172,0.052042,-0.068862,0.049351,99872.0000,-0.164205,0.826899,0.537843,-0.662944,0.311239,-0.680908,-0.730439,-0.468368,0.497081,,,0.000000,,,,0.00,,,
63567,,,,,,,,,,,,,,5.245659,-6.850432,4.900447,0.097075,-0.081417,0.109191,-0.534912,0.304932,-0.698730,0.052416,-0.068528,0.049014,,-0.169321,0.826065,0.537537,-0.664635,0.307021,-0.681174,-0.727730,-0.472603,0.497046,,,0.000000,,,,0.00,,,
63568,,,,,,,,,,,,,,5.252720,-6.801534,5.010420,-0.014834,-0.123293,0.134212,-0.532715,0.307129,-0.691895,0.052475,-0.068036,0.050131,99872.0000,-0.171430,0.824956,0.538572,-0.665436,0.306164,-0.680778,-0.726503,-0.475091,0.496470,,,0.000000,,,,0.00,,,
63569,,,,,,,,,,,,,,5.123552,-6.911059,5.192508,-0.057585,-0.354033,0.229572,-0.539307,0.307129,-0.701172,0.051155,-0.069136,0.051970,,-0.176438,0.823606,0.539021,-0.666589,0.302947,-0.681089,-0.724243,-0.479476,0.495555,,,0.000000,,,,0.00,,,
63570,,,,,,,,,,,,,,5.032963,-6.562204,5.243585,-0.313030,-0.369301,-0.032401,-0.539307,0.307129,-0.696533,0.050228,-0.065645,0.052505,99868.0000,-0.178396,0.821909,0.540962,-0.666937,0.303215,-0.680629,-0.723443,-0.482209,0.494070,,,0.000000,,,,0.00,,,
63571,,,,,,,,,,,,,,4.251672,-6.830023,5.148240,0.067525,-1.055381,-0.319959,-0.537109,0.307129,-0.694336,0.042462,-0.068280,0.051554,,-0.182947,0.820866,0.541027,-0.667219,0.300504,-0.681554,-0.722045,-0.485672,0.492721,,,0.000000,,,,0.00,,,
63572,,,,,,,,,,,,,,3.801975,-6.898355,5.683041,-0.199362,-1.718388,-0.255143,-0.539551,0.309326,-0.692139,0.037968,-0.068973,0.056877,99872.0000,-0.185279,0.819786,0.541869,-0.667159,0.299923,-0.681869,-0.721506,-0.487849,0.491359,,,0.000000,,,,0.00,,,
63573,,,,,,,,,,,,,,3.904948,-6.601242,6.000947,-0.642121,-1.697770,-0.244949,-0.546143,0.307129,-0.692139,0.038983,-0.066032,0.060031,,-0.189940,0.819018,0.541418,-0.668718,0.295840,-0.682125,-0.718846,-0.491618,0.491500,,,0.000000,,,,0.00,,,
63574,,,,,,,,,,,,,,4.433738,-6.438250,6.018647,-0.862324,-1.239594,-0.063175,-0.541748,0.309326,-0.692139,0.044271,-0.064405,0.060212,99868.0000,-0.192489,0.817774,0.542397,-0.669471,0.294687,-0.681886,-0.717466,-0.494374,0.490751,,,0.000000,,,,0.00,,,
63575,,,,,,,,,,,,,,5.145889,-6.472448,5.865403,-0.858683,-0.583991,0.271821,-0.543945,0.311523,-0.683105,0.051402,-0.064748,0.058679,,-0.197904,0.817197,0.541316,-0.671733,0.289115,-0.682046,-0.713869,-0.498600,0.491721,,,0.000000,,,,0.00,,,
63576,,,,,,,,,,,,,,5.629917,-6.644121,5.494145,-0.571730,-0.063698,0.468120,-0.545898,0.304688,-0.691895,0.056263,-0.066464,0.054952,99865.0000,-0.198831,0.816537,0.541972,-0.672304,0.288730,-0.681647,-0.713073,-0.499902,0.491552,,,0.000000,,,,0.00,,,
63577,,,,,,,,,,,,,,5.934622,-6.895233,4.990817,-0.094762,0.381863,0.556373,-0.550293,0.302490,-0.691895,0.059326,-0.068981,0.049893,,-0.201028,0.816897,0.540618,-0.674176,0.285015,-0.681361,-0.710686,-0.501444,0.493436,,,0.000000,,,,0.00,,,
63578,,,,,,,,,,,,,,6.245673,-6.973232,4.575659,0.198300,0.820922,0.572774,-0.546143,0.306885,-0.685303,0.062453,-0.069760,0.045720,99869.0000,-0.200713,0.816933,0.540679,-0.674836,0.284783,-0.680805,-0.710149,-0.501516,0.494136,,,0.000000,,,,0.00,,,
63579,,,,,,,,,,,,,,6.177730,-7.199263,4.123200,0.692949,0.949895,0.464084,-0.543701,0.300293,-0.687256,0.061792,-0.072002,0.041194,,-0.202631,0.817507,0.539095,-0.676213,0.281373,-0.680857,-0.708292,-0.502506,0.495793,,,0.000000,,,,0.00,,,
63580,,,,,,,,,,,,,,5.901578,-7.187691,3.916407,0.891940,0.838095,0.203889,-0.541504,0.304932,-0.685059,0.059043,-0.071872,0.039133,99870.0000,-0.201516,0.818246,0.538391,-0.675967,0.281611,-0.681002,-0.708845,-0.501167,0.496358,,,0.000000,,,,0.00,,,
63581,,,,,,,,,,,,,,5.626535,-6.860487,3.967774,0.689820,0.695111,-0.142715,-0.546143,0.309326,-0.689941,0.056292,-0.068587,0.039672,,-0.201657,0.819063,0.537094,-0.675782,0.280580,-0.681611,-0.708980,-0.500410,0.496927,,,0.000000,,,,0.00,,,
63582,,,,,,,,,,,,,,5.439230,-6.415892,4.335133,0.162155,0.488295,-0.364008,-0.543945,0.307129,-0.689697,0.054421,-0.064129,0.043360,99871.0000,-0.200796,0.819700,0.536445,-0.674828,0.281214,-0.682295,-0.710132,-0.499010,0.496690,,,0.000000,,,,0.00,,,
63583,,,,,,,,,,,,,,5.154039,-6.255542,4.643459,-0.118476,0.154649,-0.473540,-0.550537,0.304688,-0.685303,0.051569,-0.062514,0.046459,,-0.200015,0.820548,0.535440,-0.673359,0.281860,-0.683479,-0.711746,-0.497249,0.496147,,,0.000000,,,,0.00,,,
63584,,,,,,,,,,,,,,4.888842,-6.347052,4.784599,-0.116391,-0.154989,-0.483130,-0.543945,0.311523,-0.692139,0.048915,-0.063419,0.047887,99875.0000,-0.199378,0.821065,0.534883,-0.671864,0.282808,-0.684557,-0.713335,-0.495854,0.495259,,,0.000000,,,,0.00,,,
63585,,,,,,,,,,,,,,4.648714,-6.773797,4.958185,0.074011,-0.554897,-0.233279,-0.543945,0.309326,-0.687500,0.046499,-0.067683,0.049645,,-0.199123,0.821515,0.534287,-0.669881,0.283833,-0.686075,-0.715269,-0.494522,0.493800,,,0.000000,,,,0.00,,,
63586,,,,,,,,,,,,,,4.611971,-7.091592,4.932468,0.295263,-0.666669,-0.047518,-0.541748,0.313721,-0.687500,0.046109,-0.070867,0.049405,99870.0000,-0.196898,0.821936,0.534464,-0.667743,0.286731,-0.686953,-0.717879,-0.492144,0.492385,,,0.000000,,,,0.00,,,
63587,,,,,,,,,,,,,,4.676560,-7.295977,4.854266,0.453999,-0.636778,0.089522,-0.537354,0.311523,-0.692139,0.046740,-0.072912,0.048639,,-0.195293,0.822375,0.534379,-0.665435,0.289153,-0.688176,-0.720456,-0.489990,0.490768,,,0.000000,,,,0.00,,,
63588,,,,,,,,,,,,,,4.892585,-7.314318,4.839157,0.415156,-0.469471,0.210350,-0.539551,0.315918,-0.692139,0.048889,-0.073096,0.048499,99868.0000,-0.192496,0.822626,0.535006,-0.662849,0.293017,-0.689037,-0.723586,-0.487265,0.488872,,,0.000000,,,,0.00,,,
63589,,,,,,,,,,,,,,5.179227,-7.251799,4.893860,0.260896,-0.248921,0.347666,-0.539551,0.315918,-0.692139,0.051756,-0.072476,0.049039,,-0.191246,0.822805,0.535179,-0.660970,0.295129,-0.689940,-0.725633,-0.485686,0.487407,,,0.000000,,,,0.00,,,
63590,,,,,,,,,,,,,,5.385961,-6.985168,4.876056,0.041323,-0.002508,0.265771,-0.535400,0.318115,-0.685303,0.053838,-0.069816,0.048835,99874.0000,-0.188679,0.823125,0.535598,-0.658745,0.298404,-0.690659,-0.728323,-0.483135,0.485928,,,0.000000,,,,0.00,,,
63591,,,,,,,,,,,,,,5.492511,-6.669411,4.888073,-0.209527,0.174351,0.110401,-0.539551,0.313721,-0.692139,0.054930,-0.066661,0.048920,,-0.187556,0.823754,0.535026,-0.657258,0.299536,-0.691585,-0.729955,-0.481361,0.485239,,,0.000000,,,,0.00,,,
63592,,,,,,,,,,,,,,5.634491,-6.388321,4.999859,-0.510704,0.324564,0.045839,-0.535156,0.315918,-0.687744,0.056377,-0.063851,0.050003,99872.0000,-0.185403,0.824610,0.534457,-0.655836,0.301192,-0.692216,-0.731782,-0.478855,0.484967,,,0.000000,,,,0.00,,,
63593,,,,,,,,,,,,,,5.791247,-6.200182,5.028544,-0.690416,0.507608,0.012418,-0.537598,0.324707,-0.697021,0.057962,-0.061975,0.050261,,-0.186140,0.825249,0.533214,-0.655757,0.299790,-0.692899,-0.731666,-0.478635,0.485360,,,0.000000,,,,0.00,,,
63594,,,,,,,,,,,,,,6.066158,-6.120775,5.011892,-0.781341,0.779085,0.095074,-0.531006,0.320312,-0.692139,0.060713,-0.061191,0.050076,99868.0000,-0.183964,0.826354,0.532255,-0.654978,0.300704,-0.693239,-0.732913,-0.476147,0.485925,,,0.000000,,,,0.00,,,
63595,,,,,,,,,,,,,,6.197841,-6.210065,4.956784,-0.702348,0.901693,0.199380,-0.526611,0.322510,-0.696777,0.062026,-0.062088,0.049524,,-0.181707,0.827474,0.531290,-0.654369,0.301544,-0.693450,-0.734019,-0.473665,0.486681,,,0.000000,,,,0.00,,,
63596,,,,,,,,,,,,,,6.172931,-6.424529,4.915422,-0.524557,0.847375,0.313902,-0.526611,0.322510,-0.694580,0.061767,-0.064235,0.049121,99873.0000,-0.178714,0.828555,0.530620,-0.653195,0.303398,-0.693748,-0.735797,-0.470581,0.486986,,,0.000000,,,,0.00,,,
63597,,,,,,,,,,,,,,6.037173,-6.701712,4.889638,-0.293094,0.669664,0.421305,-0.531006,0.322510,-0.696777,0.060395,-0.067009,0.048879,,-0.174762,0.829536,0.530404,-0.652029,0.306144,-0.693638,-0.737778,-0.467061,0.487379,,,0.000000,,,,0.00,,,
63598,,,,,,,,,,,,,,5.918707,-6.943533,4.899883,-0.121843,0.495991,0.530994,-0.522217,0.324951,-0.694580,0.059191,-0.069435,0.048995,99870.0000,-0.170684,0.830425,0.530341,-0.650327,0.309412,-0.693786,-0.740231,-0.463313,0.487236,,,0.000000,,,,0.00,,,
63599,,,,,,,,,,,,,,5.636840,-7.153367,4.919723,0.050613,0.183578,0.536807,-0.528809,0.326904,-0.694580,0.056355,-0.071538,0.049206,,-0.165841,0.831085,0.530844,-0.648612,0.313555,-0.693531,-0.742832,-0.459328,0.487051,,,0.000000,,,,0.00,,,
63600,,,,,,,,,,,,,,5.297317,-7.221548,4.965130,0.115071,-0.145275,0.425989,-0.521973,0.322754,-0.698975,0.052953,-0.072210,0.049680,99868.0000,-0.161134,0.831787,0.531193,-0.646522,0.317698,-0.693597,-0.745684,-0.455190,0.486577,,,0.000000,,,,0.00,,,
63601,,,,,,,,,,,,,,5.140848,-7.249474,5.017324,0.115958,-0.316610,0.387462,-0.524414,0.327148,-0.690186,0.051389,-0.072489,0.050201,,-0.156146,0.832350,0.531800,-0.644467,0.322157,-0.693453,-0.748519,-0.451007,0.486118,,,0.000000,,,,0.00,,,
63602,,,,,,,,,,,,,,5.028178,-7.167374,4.978448,0.106310,-0.370578,0.251612,-0.515381,0.322754,-0.696777,0.050271,-0.071670,0.049800,99868.0000,-0.151088,0.833166,0.531984,-0.642477,0.326231,-0.693395,-0.751263,-0.446551,0.486000,,,0.000000,,,,0.00,,,
63603,,,,,,,,,,,,,,4.990718,-6.948998,5.008798,-0.053697,-0.347315,0.094904,-0.515625,0.327148,-0.699219,0.049910,-0.069483,0.050095,,-0.145740,0.834012,0.532150,-0.640360,0.330490,-0.693336,-0.754121,-0.441815,0.485902,,,0.000000,,,,0.00,,,
63604,,,,,,,,,,,,,,4.938504,-6.751329,5.031671,-0.191958,-0.333421,-0.058768,-0.517822,0.329346,-0.699219,0.049404,-0.067500,0.050315,99871.0000,-0.140510,0.835073,0.531893,-0.638280,0.334281,-0.693437,-0.756872,-0.436931,0.486041,,,0.000000,,,,0.00,,,
63605,,,,,,,,,,,,,,4.980478,-6.585304,5.068631,-0.332837,-0.253176,-0.133455,-0.508789,0.329346,-0.703613,0.049843,-0.065834,0.050674,,-0.134987,0.836298,0.531398,-0.636136,0.338038,-0.693586,-0.759678,-0.431666,0.486368,,,0.000000,,,,0.00,,,
63606,,,,,,,,,,,,,,4.923905,-6.543658,5.032010,-0.326116,-0.260479,-0.210021,-0.510986,0.329346,-0.712891,0.049290,-0.065409,0.050306,99866.0000,-0.129377,0.837713,0.530564,-0.633757,0.341659,-0.693989,-0.762636,-0.426035,0.486704,,,0.000000,,,,0.00,,,
63607,,,,,,,,,,,,,,4.891691,-6.560418,5.078115,-0.344909,-0.299374,-0.192585,-0.504395,0.327148,-0.705811,0.048980,-0.065572,0.050762,,-0.124146,0.839177,0.529500,-0.631938,0.344548,-0.694220,-0.765012,-0.420796,0.487533,,,0.000000,,,,0.00,,,
63608,,,,,,,,,,,,,,4.885769,-6.680296,5.000830,-0.211382,-0.298448,-0.149788,-0.506836,0.333740,-0.712891,0.048923,-0.066774,0.049983,99870.0000,-0.117870,0.840812,0.528338,-0.629431,0.348256,-0.694647,-0.768065,-0.414431,0.488184,,,0.000000,,,,0.00,,,
63609,,,,,,,,,,,,,,4.831015,-6.764060,4.964178,-0.122130,-0.342866,-0.137885,-0.502197,0.331543,-0.708252,0.048374,-0.067611,0.049619,,-0.112334,0.842338,0.527113,-0.627497,0.351182,-0.694924,-0.770473,-0.408825,0.489115,,,0.000000,,,,0.00,,,
63610,,,,,,,,,,,,,,4.763283,-6.879094,4.995967,-0.069261,-0.438048,-0.077505,-0.491211,0.331787,-0.710449,0.047703,-0.068756,0.049941,99867.0000,-0.105463,0.844050,0.525792,-0.624665,0.355171,-0.695447,-0.773738,-0.401788,0.489791,,,0.000000,,,,0.00,,,
63611,,,,,,,,,,,,,,4.748308,-6.938643,4.984350,-0.021753,-0.450101,-0.048884,-0.491211,0.338379,-0.721924,0.047551,-0.069351,0.049828,,-0.099123,0.845692,0.524385,-0.622255,0.358553,-0.695872,-0.776514,-0.395278,0.490695,,,0.000000,,,,0.00,,,
63612,,,,,,,,,,,,,,4.670738,-6.956567,5.064601,-0.069344,-0.538033,-0.036928,-0.489014,0.336182,-0.715088,0.046781,-0.069524,0.050634,99867.0000,-0.091460,0.847396,0.523025,-0.618998,0.363048,-0.696447,-0.780049,-0.387448,0.491332,,,0.000000,,,,0.00,,,
63613,,,,,,,,,,,,,,4.625284,-6.958312,5.080239,-0.078246,-0.564126,-0.050731,-0.489258,0.340576,-0.724365,0.046329,-0.069533,0.050802,,-0.084685,0.849087,0.521421,-0.616194,0.366609,-0.697068,-0.783029,-0.380327,0.492156,,,0.000000,,,,0.00,,,
63614,,,,,,,,,,,,,,4.522547,-6.941329,5.212779,-0.193183,-0.678244,-0.049943,-0.480469,0.342773,-0.719727,0.045310,-0.069349,0.052140,99870.0000,-0.076531,0.850745,0.519977,-0.612222,0.371523,-0.697964,-0.786973,-0.371758,0.492412,,,0.000000,,,,0.00,,,
63615,,,,,,,,,,,,,,4.485964,-6.961150,5.342914,-0.288585,-0.743219,0.010372,-0.471436,0.345215,-0.721924,0.044956,-0.069543,0.053438,,-0.069469,0.852461,0.518154,-0.608969,0.375165,-0.698862,-0.790146,-0.364089,0.493060,,,0.000000,,,,0.00,,,
63616,,,,,,,,,,,,,,4.300676,-6.960540,5.399547,-0.332079,-0.898286,-0.056521,-0.469482,0.351807,-0.726807,0.043125,-0.069530,0.053998,99870.0000,-0.060828,0.854307,0.516198,-0.604954,0.379795,-0.699847,-0.793934,-0.354846,0.493714,,,0.000000,,,,0.00,,,
63617,,,,,,,,,,,,,,4.121936,-6.811278,5.455091,-0.461321,-0.980550,-0.222719,-0.464844,0.345215,-0.731201,0.041367,-0.068039,0.054532,,-0.052247,0.856585,0.513355,-0.601669,0.383281,-0.700778,-0.797035,-0.345483,0.495355,,,0.000000,,,,0.00,,,
63618,,,,,,,,,,,,,,4.036233,-6.648776,5.520193,-0.609774,-0.978701,-0.344841,-0.458252,0.349609,-0.731201,0.040539,-0.066431,0.055141,99868.0000,-0.042173,0.858838,0.510509,-0.598312,0.387503,-0.701330,-0.800153,-0.335020,0.497511,,,0.000000,,,,0.00,,,
63619,,,,,,,,,,,,,,3.888546,-6.527322,5.749907,-0.850975,-1.091944,-0.385519,-0.445068,0.354248,-0.738037,0.039079,-0.065218,0.057430,,-0.033910,0.861205,0.507126,-0.596463,0.389706,-0.701685,-0.801924,-0.326276,0.500462,,,0.000000,,,,0.00,,,
63620,,,,,,,,,,,,,,3.653370,-6.318954,5.605386,-0.847405,-1.119360,-0.717340,-0.440674,0.352051,-0.744873,0.036772,-0.063128,0.055967,99871.0000,-0.022318,0.863834,0.503282,-0.593134,0.393800,-0.702221,-0.804794,-0.314186,0.503580,,,0.000000,,,,0.00,,,
63621,,,,,,,,,,,,,,3.120893,-6.015571,5.893553,-1.229828,-1.484590,-1.040909,-0.429443,0.352051,-0.740234,0.031554,-0.060081,0.058828,,-0.011354,0.867620,0.497097,-0.591739,0.394907,-0.702775,-0.806049,-0.302132,0.508921,,,0.000000,,,,0.00,,,
63622,,,,,,,,,,,,,,2.778019,-5.802652,5.887294,-1.338767,-1.618303,-1.348848,-0.423096,0.361084,-0.753906,0.028185,-0.057951,0.058755,99869.0000,0.003761,0.871359,0.490631,-0.588555,0.398585,-0.703373,-0.808449,-0.286118,0.514341,,,0.000000,,,,0.00,,,
63623,,,,,,,,,,,,,,2.186657,-5.256736,5.941633,-1.687838,-1.836644,-1.970827,-0.405273,0.361084,-0.756104,0.022368,-0.052479,0.059307,,0.019208,0.876091,0.481763,-0.586732,0.400034,-0.704073,-0.809554,-0.269141,0.521714,,,0.000000,,,,0.00,,,
63624,,,,,,,,,,,,,,1.872615,-4.632401,5.726144,-1.882501,-1.694640,-2.647654,-0.383301,0.367920,-0.772217,0.019310,-0.046181,0.057182,99872.0000,0.038614,0.880920,0.471688,-0.581992,0.403540,-0.706004,-0.812277,-0.247257,0.528270,,,0.000000,,,,0.00,,,
63625,,,,,,,,,,,,,,0.700390,-4.607137,4.487288,-0.941475,-2.289250,-3.835751,-0.363281,0.368164,-0.769775,0.007576,-0.045904,0.044950,,0.059228,0.887542,0.456904,-0.577080,0.403918,-0.709810,-0.814537,-0.221629,0.536106,,,0.000000,,,,0.00,,,
63626,,,,,,,,,,,,,,-0.434419,-3.532801,4.731905,-1.872613,-2.794227,-4.939918,-0.343506,0.381592,-0.774414,-0.003645,-0.035067,0.047569,99870.0000,0.082152,0.893865,0.440746,-0.568119,0.405352,-0.716192,-0.818836,-0.191559,0.541122,,,0.000000,,,,0.00,,,
63627,,,,,,,,,,,,,,-0.767784,-3.475306,4.522181,-1.826246,-2.891580,-5.184649,-0.319580,0.395020,-0.776855,-0.007031,-0.034414,0.045583,,0.105294,0.899577,0.423881,-0.557197,0.406425,-0.724120,-0.823677,-0.159940,0.544036,,,0.000000,,,,0.00,,,
63628,,,,,,,,,,,,,,0.214293,-5.693131,3.183548,0.545402,-2.573757,-3.840300,-0.284180,0.401855,-0.802002,0.002737,-0.056747,0.032116,99868.0000,0.133040,0.905068,0.403920,-0.547949,0.406762,-0.730956,-0.825865,-0.124081,0.550047,,,0.000000,,,,0.00,,,
63629,,,,,,,,,,,,,,-0.599211,-5.983041,2.886056,0.818096,-3.250839,-4.046778,-0.244141,0.404541,-0.810791,-0.005211,-0.059794,0.029083,,0.169911,0.912202,0.372851,-0.547501,0.401968,-0.733938,-0.819374,-0.079432,0.567730,,,0.000000,,,,0.00,,,
63630,,,,,,,,,,,,,,-1.365499,-5.111516,3.828641,-0.584292,-3.492240,-4.325648,-0.190918,0.402588,-0.824219,-0.012391,-0.051110,0.038713,99866.0000,0.214116,0.917509,0.335158,-0.546849,0.396900,-0.737175,-0.809389,-0.025440,0.586721,,,0.000000,,,,0.00,,,
63631,,,,,,,,,,,,,,-2.235301,-5.061926,4.076380,-1.011166,-4.013461,-4.326685,-0.133301,0.411865,-0.828857,-0.020812,-0.050624,0.041553,,0.257016,0.922666,0.287455,-0.548756,0.384178,-0.742478,-0.795493,0.033087,0.605058,,,0.000000,,,,0.00,,,
63632,,,,,,,,,,,,,,-2.692501,-6.139038,5.814242,-1.950057,-4.447988,-2.387278,-0.077881,0.416748,-0.846924,-0.024707,-0.061519,0.058969,99872.0000,0.296125,0.924603,0.239624,-0.551257,0.370317,-0.747651,-0.780017,0.089303,0.619353,,,0.000000,,,,0.00,,,
63633,,,,,,,,,,,,,,-3.383863,-10.588498,5.990714,0.288811,-6.279047,1.138441,-0.026611,0.406250,-0.848633,-0.031569,-0.106352,0.060302,,0.322188,0.926731,0.193299,-0.565747,0.352202,-0.745577,-0.759029,0.130857,0.637770,,,0.000000,,,,0.00,,,
63634,,,,,,,,,,,,,,-4.094173,-12.905543,7.430104,0.484879,-7.227154,3.826958,0.002930,0.384521,-0.866211,-0.039049,-0.129891,0.073852,99868.0000,0.348519,0.923090,0.162601,-0.582218,0.349157,-0.734242,-0.734545,0.161228,0.659128,,,0.000000,,,,0.00,,,
63635,,,,,,,,,,,,,,-4.846584,-10.606323,5.784584,0.456391,-7.136872,1.063768,0.032227,0.364746,-0.870361,-0.047539,-0.106654,0.057524,,0.356994,0.923988,0.137121,-0.603525,0.340195,-0.721127,-0.712960,0.174682,0.679098,,,0.000000,,,,0.00,,,
63636,,,,,,,,,,,,,,-5.161243,-8.000670,1.804348,1.752109,-7.147446,-3.508112,0.059326,0.349609,-0.881348,-0.051142,-0.080354,0.017837,99870.0000,0.372601,0.920923,0.114322,-0.621398,0.339095,-0.706314,-0.689226,0.192134,0.698607,,,0.000000,,,,0.00,,,
63637,,,,,,,,,,,,,,-5.053984,-8.500433,-0.334678,3.836171,-7.472199,-4.581933,0.086426,0.334473,-0.889893,-0.050004,-0.085313,-0.003515,,0.367495,0.926758,0.077897,-0.649511,0.315697,-0.691716,-0.665645,0.203608,0.717956,,,0.000000,,,,0.00,,,
63638,,,,,,,,,,,,,,-4.270273,-9.350270,0.006543,4.560719,-6.843818,-3.646492,0.135986,0.310547,-0.884766,-0.041862,-0.093881,-0.000022,99872.0000,0.378111,0.924865,0.040707,-0.667506,0.302835,-0.680240,-0.641458,0.230034,0.731858,,,0.000000,,,,0.00,,,
63639,,,,,,,,,,,,,,-3.710113,-8.820341,3.021920,2.712100,-5.201733,-1.671789,0.166992,0.310791,-0.884521,-0.035699,-0.088666,0.030539,,0.372689,0.927947,-0.004048,-0.685593,0.272408,-0.675097,-0.625352,0.254377,0.737718,,,0.000000,,,,0.00,,,
63640,,,,,,,,,,,,,,-3.535457,-8.313253,6.509948,0.332832,-3.686745,0.688295,0.202393,0.315430,-0.873047,-0.033396,-0.083217,0.066008,99878.0000,0.378654,0.924559,-0.042562,-0.688330,0.250568,-0.680748,-0.618727,0.287065,0.731280,,,0.000000,,,,0.00,,,
63641,,,,,,,,,,,,,,-3.366485,-9.256793,5.975089,1.386209,-3.437224,1.094571,0.248291,0.337891,-0.866699,-0.031857,-0.092219,0.061247,,0.380744,0.920932,-0.083177,-0.684364,0.220158,-0.695108,-0.621835,0.321582,0.714077,,,0.000000,,,,0.00,,,
63642,,,,,,,,,,,,,,-3.841084,-11.866664,2.825287,4.824060,-5.093800,0.879482,0.281250,0.349121,-0.843994,-0.037437,-0.118551,0.029972,99875.0000,0.398142,0.910213,-0.113999,-0.676443,0.207378,-0.706696,-0.619603,0.358480,0.698272,,,0.000000,,,,0.00,,,
63643,,,,,,,,,,,,,,-1.861710,-13.149457,3.442560,5.982633,-3.047293,2.151545,0.318848,0.349365,-0.832520,-0.017875,-0.131355,0.035335,,0.432206,0.888994,-0.151288,-0.671220,0.205108,-0.712316,-0.602214,0.409415,0.685359,,,0.000000,,,,0.00,,,
63644,,,,,,,,,,,,,,-0.514989,-12.471798,4.213986,5.634116,-1.190977,2.036509,0.374023,0.356445,-0.811768,-0.004163,-0.124664,0.042404,99876.0000,0.468942,0.862996,-0.187964,-0.668246,0.207515,-0.714412,-0.577530,0.460625,0.674006,,,0.000000,,,,0.00,,,
63645,,,,,,,,,,,,,,-0.946556,-11.608820,4.649915,4.648631,-0.956077,1.795712,0.416260,0.358887,-0.791260,-0.008457,-0.116062,0.046754,,0.510823,0.829331,-0.226427,-0.663778,0.213114,-0.716925,-0.546313,0.516519,0.659356,,,0.000000,,,,0.00,,,
63646,,,,,,,,,,,,,,-1.602216,-11.152124,5.194897,3.752753,-0.932945,1.975769,0.455811,0.368164,-0.780029,-0.015260,-0.111413,0.052407,99876.0000,0.549358,0.795999,-0.254150,-0.656810,0.223342,-0.720221,-0.516533,0.562587,0.645515,,,0.000000,,,,0.00,,,
63647,,,,,,,,,,,,,,-1.709396,-10.974462,5.367509,3.450495,-0.682816,2.010879,0.484375,0.375000,-0.745850,-0.016712,-0.109480,0.054330,,0.590324,0.758479,-0.276094,-0.642640,0.234678,-0.729343,-0.488398,0.607977,0.625964,,,0.000000,,,,0.00,,,
63648,,,,,,,,,,,,,,-1.848247,-10.834247,4.955419,3.379387,-0.875239,1.726975,0.514648,0.397217,-0.718994,-0.018550,-0.107935,0.050408,99872.0000,0.630012,0.720748,-0.289148,-0.624199,0.248465,-0.740703,-0.462017,0.647138,0.606426,,,0.000000,,,,0.00,,,
63649,,,,,,,,,,,,,,-1.849108,-10.184420,4.726606,2.906563,-0.708202,1.165879,0.531982,0.417236,-0.696533,-0.018706,-0.101363,0.048201,,0.670277,0.678857,-0.299802,-0.600839,0.259311,-0.756142,-0.435570,0.686957,0.581694,,,0.000000,,,,0.00,,,
63650,,,,,,,,,,,,,,-1.835258,-9.876705,4.787217,2.530822,-0.447107,1.014384,0.553223,0.441406,-0.653809,-0.018531,-0.098234,0.048886,99871.0000,0.709917,0.633736,-0.307241,-0.575894,0.271227,-0.771221,-0.405419,0.724441,0.557513,,,0.000000,,,,0.00,,,
63651,,,,,,,,,,,,,,-2.056625,-9.935293,4.837502,2.189222,-0.355206,1.206213,0.579102,0.463623,-0.619873,-0.020734,-0.098726,0.049567,,0.746274,0.586921,-0.314004,-0.548741,0.275444,-0.789312,-0.376773,0.761350,0.527625,,,0.000000,,,,0.00,,,
63652,,,,,,,,,,,,,,-1.894902,-9.697496,4.887457,1.983048,0.046692,1.030668,0.600586,0.490234,-0.583984,-0.018976,-0.096341,0.050096,99874.0000,0.782760,0.534073,-0.319455,-0.520827,0.281235,-0.806006,-0.340624,0.797291,0.498299,,,0.000000,,,,0.00,,,
63653,,,,,,,,,,,,,,-2.169403,-9.799259,5.057288,1.586140,0.291453,1.309321,0.621826,0.516846,-0.536865,-0.021626,-0.097277,0.051956,,0.815463,0.479663,-0.323950,-0.491957,0.279498,-0.824536,-0.304956,0.831748,0.463894,,,0.000000,,,,0.00,,,
63654,,,,,,,,,,,,,,-2.230017,-9.931584,5.066972,1.448099,0.519772,1.452612,0.636475,0.543457,-0.494141,-0.022192,-0.098558,0.052166,99878.0000,0.847151,0.419194,-0.326515,-0.462431,0.278980,-0.841622,-0.261712,0.863971,0.430186,,,0.000000,,,,0.00,,,
63655,,,,,,,,,,,,,,-2.410193,-9.772962,5.387085,0.989816,1.122665,1.504981,0.640137,0.567627,-0.444580,-0.023834,-0.096906,0.055445,,0.874594,0.358291,-0.326670,-0.432415,0.271624,-0.859789,-0.219324,0.893223,0.392492,,,0.000000,,,,0.00,,,
63656,,,,,,,,,,,,,,-2.536487,-9.892892,5.603080,0.781724,1.589189,1.700314,0.650391,0.596436,-0.392822,-0.025079,-0.098051,0.057668,99875.0000,0.899145,0.294436,-0.323799,-0.402445,0.265520,-0.876092,-0.171978,0.918045,0.357235,,,0.000000,,,,0.00,,,
63657,,,,,,,,,,,,,,-2.170153,-9.461458,6.098918,0.749603,2.650303,1.315166,0.647461,0.614014,-0.347656,-0.021299,-0.093732,0.062468,,0.918413,0.237467,-0.316430,-0.372850,0.252075,-0.892996,-0.132293,0.938119,0.320049,,,0.000000,,,,0.00,,,
63658,,,,,,,,,,,,,,-1.821728,-9.134168,6.136147,0.898874,3.173843,0.841619,0.648682,0.642578,-0.302734,-0.017921,-0.090493,0.062684,99870.0000,0.934870,0.180293,-0.305798,-0.343363,0.240589,-0.907865,-0.090110,0.953735,0.286825,,,0.000000,,,,0.00,,,
63659,,,,,,,,,,,,,,-1.533048,-9.072001,6.059223,1.061048,3.483500,0.584333,0.643555,0.668945,-0.271484,-0.015264,-0.089914,0.061792,,0.947535,0.135245,-0.289631,-0.313932,0.223087,-0.922864,-0.060200,0.965371,0.253841,,,0.000000,,,,0.00,,,
63660,,,,,,,,,,,,,,-1.232610,-9.010839,5.695698,1.274093,3.435322,0.273217,0.631592,0.690918,-0.231201,-0.012493,-0.089415,0.057999,99872.0000,0.958944,0.085484,-0.270407,-0.282645,0.210036,-0.935947,-0.023213,0.973949,0.225574,,,0.000000,,,,0.00,,,
63661,,,,,,,,,,,,,,-1.473501,-9.041520,5.419863,0.906237,3.384713,0.237805,0.611084,0.708252,-0.195068,-0.015124,-0.089747,0.055188,,0.968421,0.045779,-0.245081,-0.249287,0.193793,-0.948842,0.004058,0.979974,0.199086,,,0.000000,,,,0.00,,,
63662,,,,,,,,,,,,,,-1.023067,-8.996021,5.231396,1.218833,3.415484,-0.005125,0.590332,0.734619,-0.157227,-0.010669,-0.089478,0.053046,99878.0000,0.975625,-0.004012,-0.219406,-0.214961,0.183575,-0.959214,0.044126,0.982998,0.178238,,,0.000000,,,,0.00,,,
63663,,,,,,,,,,,,,,-1.316897,-8.881508,5.306950,0.770004,3.669198,-0.080197,0.572021,0.754150,-0.128174,-0.013517,-0.088440,0.053604,,0.980369,-0.046173,-0.191688,-0.181011,0.174694,-0.967841,0.078175,0.983539,0.162907,,,0.000000,,,,0.00,,,
63664,,,,,,,,,,,,,,-1.632730,-8.485742,5.323727,0.320091,3.870328,-0.435438,0.549072,0.773926,-0.105957,-0.016624,-0.084575,0.053593,99869.0000,0.981647,-0.096441,-0.164524,-0.146303,0.172549,-0.974075,0.122329,0.980268,0.155272,,,0.000000,,,,0.00,,,
63665,,,,,,,,,,,,,,-1.285836,-7.887250,5.191516,0.456419,3.873459,-1.117767,0.526367,0.791260,-0.092773,-0.013133,-0.078780,0.051986,,0.981245,-0.137695,-0.134899,-0.110446,0.171954,-0.978894,0.157985,0.975434,0.153521,,,0.000000,,,,0.00,,,
63666,,,,,,,,,,,,,,-1.063778,-7.115430,5.059060,0.520358,3.855502,-1.924770,0.503662,0.813232,-0.079590,-0.010844,-0.071159,0.050540,99872.0000,0.976986,-0.184855,-0.106426,-0.074086,0.173802,-0.981990,0.200023,0.967275,0.156107,,,0.000000,,,,0.00,,,
63667,,,,,,,,,,,,,,-0.699315,-7.214168,5.056559,0.790477,3.757124,-1.852730,0.476562,0.823975,-0.068604,-0.007202,-0.072252,0.050378,,0.972501,-0.219288,-0.078449,-0.039795,0.175426,-0.983688,0.229473,0.959760,0.161875,,,0.000000,,,,0.00,,,
63668,,,,,,,,,,,,,,-0.857444,-7.338355,5.305688,0.653301,3.971206,-1.655523,0.447266,0.839355,-0.062012,-0.008754,-0.073535,0.052818,99864.0000,0.963897,-0.260891,-0.053268,-0.006137,0.178232,-0.983969,0.266203,0.948772,0.170196,,,0.000000,,,,0.00,,,
63669,,,,,,,,,,,,,,-1.021780,-7.306138,5.390692,0.424063,4.056919,-1.636842,0.425049,0.841309,-0.060059,-0.010385,-0.073222,0.053656,,0.956196,-0.291376,-0.028107,0.026421,0.181533,-0.983030,0.291534,0.939226,0.181280,,,0.000000,,,,0.00,,,
63670,,,,,,,,,,,,,,-0.993938,-7.278315,5.601523,0.468552,4.201906,-1.599113,0.402588,0.854248,-0.064941,-0.010072,-0.072990,0.055721,99873.0000,0.945086,-0.326761,-0.006333,0.057204,0.184467,-0.981173,0.321777,0.926930,0.193029,,,0.000000,,,,0.00,,,
63671,,,,,,,,,,,,,,-0.914345,-7.171821,5.677241,0.475232,4.199856,-1.649547,0.384521,0.863037,-0.062744,-0.009238,-0.071969,0.056439,,0.937219,-0.348473,0.013684,0.084916,0.189971,-0.978111,0.338245,0.917866,0.207635,,,0.000000,,,,0.00,,,
63672,,,,,,,,,,,,,,-1.069186,-7.143524,5.674633,0.289996,4.191024,-1.644140,0.362305,0.867188,-0.072021,-0.010769,-0.071689,0.056410,99872.0000,0.926026,-0.376262,0.030049,0.110439,0.193955,-0.974774,0.360942,0.905985,0.221161,,,0.000000,,,,0.00,,,
63673,,,,,,,,,,,,,,-1.256263,-7.264624,5.592144,-0.020857,4.085399,-1.510065,0.348877,0.873779,-0.074707,-0.012630,-0.072888,0.055590,,0.918943,-0.391874,0.044485,0.132690,0.200980,-0.970567,0.371399,0.897798,0.236687,,,0.000000,,,,0.00,,,
63674,,,,,,,,,,,,,,-1.565880,-7.374368,5.544757,-0.376797,4.078543,-1.398377,0.339844,0.871582,-0.074463,-0.015702,-0.073969,0.055133,99874.0000,0.908960,-0.413204,0.055273,0.152370,0.205877,-0.966643,0.388041,0.887061,0.250094,,,0.000000,,,,0.00,,,
63675,,,,,,,,,,,,,,-1.668481,-7.303768,5.296626,-0.627450,3.836574,-1.501874,0.322021,0.875732,-0.081543,-0.016670,-0.073263,0.052658,,0.903310,-0.424332,0.063029,0.167758,0.214186,-0.962279,0.394826,0.879810,0.264662,,,0.000000,,,,0.00,,,
63676,,,,,,,,,,,,,,-1.852447,-7.353290,5.160890,-0.875763,3.717156,-1.472872,0.322021,0.880127,-0.090820,-0.018427,-0.073760,0.051318,99872.0000,0.895692,-0.439655,0.066627,0.179772,0.220978,-0.958567,0.406716,0.870558,0.276966,,,0.000000,,,,0.00,,,
63677,,,,,,,,,,,,,,-2.083397,-7.495774,5.058259,-1.186514,3.610755,-1.347036,0.324463,0.875732,-0.093018,-0.020655,-0.075190,0.050310,,0.891983,-0.447020,0.067379,0.187735,0.230698,-0.954743,0.411245,0.864264,0.289700,,,0.000000,,,,0.00,,,
63678,,,,,,,,,,,,,,-2.295628,-7.722263,4.897285,-1.474891,3.438263,-1.158840,0.324219,0.877930,-0.099854,-0.022695,-0.077459,0.048720,99872.0000,0.887491,-0.456331,0.064193,0.191767,0.239053,-0.951882,0.419028,0.857097,0.299666,,,0.000000,,,,0.00,,,
63679,,,,,,,,,,,,,,-2.491883,-7.948013,4.703387,-1.770818,3.207190,-0.976421,0.331055,0.875977,-0.106445,-0.024570,-0.079721,0.046808,,0.887004,-0.458103,0.058016,0.191238,0.250082,-0.949151,0.420300,0.852995,0.309430,,,0.000000,,,,0.00,,,
63680,,,,,,,,,,,,,,-2.658306,-8.209727,4.512318,-2.004777,2.970211,-0.758134,0.342285,0.869385,-0.110840,-0.026136,-0.082347,0.044927,99866.0000,0.885821,-0.461440,0.048931,0.187399,0.259280,-0.947447,0.424503,0.848438,0.316149,,,0.000000,,,,0.00,,,
63681,,,,,,,,,,,,,,-2.773095,-8.363345,4.231263,-2.212038,2.631672,-0.662874,0.355957,0.862793,-0.115234,-0.027189,-0.083889,0.042157,,0.888682,-0.457007,0.037266,0.178957,0.270867,-0.945836,0.422160,0.847216,0.322500,,,0.000000,,,,0.00,,,
63682,,,,,,,,,,,,,,-2.976031,-8.604985,4.011366,-2.444524,2.382659,-0.467142,0.364502,0.869629,-0.110840,-0.029130,-0.086314,0.040006,99875.0000,0.890307,-0.454748,0.023612,0.167987,0.279805,-0.945246,0.423242,0.845526,0.325504,,,0.000000,,,,0.00,,,
63683,,,,,,,,,,,,,,-3.375167,-8.954416,3.756015,-2.876877,2.137198,-0.177595,0.378174,0.854248,-0.110352,-0.033046,-0.089828,0.037507,,0.894476,-0.447033,0.008595,0.153899,0.289776,-0.944640,0.419794,0.846281,0.327996,,,0.000000,,,,0.00,,,
