// Start Time: Unknown
// Update Rate: 100.0Hz
// Filter Profile: human (46.1)
// Firmware Version: 4.6.0
PacketCounter,SampleTimeFine,Year,Month,Day,Second,UTC_Nano,UTC_Year,UTC_Month,UTC_Day,UTC_Hour,UTC_Minute,UTC_Second,UTC_Valid,Acc_X,Acc_Y,Acc_Z,FreeAcc_X,FreeAcc_Y,FreeAcc_Z,Mag_X,Mag_Y,Mag_Z,VelInc_X,VelInc_Y,VelInc_Z,Pressure,Mat[1][1],Mat[2][1],Mat[3][1],Mat[1][2],Mat[2][2],Mat[3][2],Mat[1][3],Mat[2][3],Mat[3][3],Latitude,Longitude,Altitude,Vel_X,Vel_Y,Vel_Z,Temperature,GyrTemp_X,GyrTemp_Y,GyrTemp_Z
63524,,,,,,,,,,,,,,-9.711881,0.183058,1.303359,0.000000,-0.000000,-0.012030,0.712646,-0.525146,-0.226318,-0.097119,0.001825,0.013029,99711.0000,-0.048090,0.125331,-0.990949,-0.973855,-0.226406,0.018625,-0.222022,0.965936,0.132942,,,0.000000,,,,0.00,,,
63525,,,,,,,,,,,,,,-9.710412,0.184157,1.269817,-0.015512,-0.021098,-0.017905,0.710449,-0.525146,-0.226318,-0.097105,0.001836,0.012693,,-0.045487,0.124455,-0.991182,-0.974856,-0.222200,0.016838,-0.218145,0.967025,0.131433,,,0.000000,,,,0.00,,,
63526,,,,,,,,,,,,,,-9.712125,0.168203,1.288135,-0.002391,-0.000870,-0.014068,0.714844,-0.525146,-0.228271,-0.097122,0.001675,0.012875,99712.0000,-0.045643,0.124545,-0.991164,-0.974866,-0.222143,0.016979,-0.218065,0.967027,0.131554,,,0.000000,,,,0.00,,,
63527,,,,,,,,,,,,,,-9.710646,0.169561,1.254711,0.005026,-0.034152,-0.019909,0.706055,-0.525146,-0.224121,-0.097107,0.001689,0.012542,,-0.045788,0.124621,-0.991147,-0.974871,-0.222114,0.017109,-0.218015,0.967024,0.131660,,,0.000000,,,,0.00,,,
63528,,,,,,,,,,,,,,-9.713683,0.153697,1.307439,0.010682,0.019277,-0.010230,0.719238,-0.525146,-0.224121,-0.097138,0.001530,0.013069,99715.0000,-0.045941,0.124700,-0.991130,-0.974879,-0.222067,0.017248,-0.217947,0.967024,0.131770,,,0.000000,,,,0.00,,,
63529,,,,,,,,,,,,,,-9.732204,0.208636,1.255897,-0.029062,-0.045716,0.002284,0.710449,-0.525146,-0.226318,-0.097323,0.002078,0.012554,,-0.046127,0.124755,-0.991115,-0.974885,-0.222025,0.017424,-0.217879,0.967027,0.131863,,,0.000000,,,,0.00,,,
63530,,,,,,,,,,,,,,-9.709611,0.191079,1.274909,-0.015562,-0.021175,-0.017905,0.714844,-0.522949,-0.221924,-0.097097,0.001905,0.012745,99716.0000,-0.046247,0.124817,-0.991101,-0.974892,-0.221986,0.017534,-0.217822,0.967028,0.131950,,,0.000000,,,,0.00,,,
63531,,,,,,,,,,,,,,-9.735100,0.194047,1.309398,-0.023390,0.007744,0.011963,0.717285,-0.531982,-0.219727,-0.097352,0.001934,0.013089,,-0.046398,0.124882,-0.991086,-0.974898,-0.221950,0.017673,-0.217765,0.967028,0.132045,,,0.000000,,,,0.00,,,
63532,,,,,,,,,,,,,,-9.710500,0.159198,1.242172,0.025624,-0.047088,-0.021912,0.717041,-0.525146,-0.219971,-0.097106,0.001585,0.012417,99717.0000,-0.046554,0.124944,-0.991071,-0.974898,-0.221938,0.017815,-0.217731,0.967022,0.132140,,,0.000000,,,,0.00,,,
63533,,,,,,,,,,,,,,-9.734797,0.196698,1.311254,-0.023377,0.007799,0.011963,0.714844,-0.525146,-0.224121,-0.097349,0.001961,0.013108,,-0.046691,0.125001,-0.991057,-0.974896,-0.221935,0.017938,-0.217708,0.967016,0.132225,,,0.000000,,,,0.00,,,
63534,,,,,,,,,,,,,,-9.733934,0.180627,1.260583,0.004673,-0.038374,0.004119,0.714844,-0.525146,-0.224121,-0.097340,0.001800,0.012599,99718.0000,-0.046835,0.125110,-0.991037,-0.974895,-0.221933,0.018055,-0.217685,0.967002,0.132363,,,0.000000,,,,0.00,,,
63535,,,,,,,,,,,,,,-9.706293,0.231412,1.280384,-0.049211,-0.028270,-0.019739,0.710449,-0.522949,-0.221924,-0.097064,0.002311,0.012795,,-0.046934,0.125259,-0.991013,-0.974898,-0.221914,0.018122,-0.217650,0.966987,0.132530,,,0.000000,,,,0.00,,,
63536,,,,,,,,,,,,,,-9.710450,0.180667,1.299026,-0.002385,-0.000786,-0.014068,0.712646,-0.525146,-0.221924,-0.097105,0.001801,0.012984,99710.0000,-0.047084,0.125362,-0.990993,-0.974891,-0.221936,0.018244,-0.217650,0.966969,0.132664,,,0.000000,,,,0.00,,,
63537,,,,,,,,,,,,,,-9.709599,0.198866,1.317959,-0.022898,0.012286,-0.012064,0.710449,-0.522949,-0.226318,-0.097097,0.001985,0.013170,,-0.047209,0.125532,-0.990966,-0.974890,-0.221932,0.018330,-0.217625,0.966948,0.132857,,,0.000000,,,,0.00,,,
63538,,,,,,,,,,,,,,-9.707457,0.216780,1.302560,-0.036018,-0.007942,-0.015901,0.708252,-0.522949,-0.224121,-0.097076,0.002165,0.013017,99718.0000,-0.047312,0.125682,-0.990942,-0.974888,-0.221936,0.018397,-0.217614,0.966927,0.133027,,,0.000000,,,,0.00,,,
63539,,,,,,,,,,,,,,-9.732157,0.201923,1.286179,-0.015680,-0.025133,0.006123,0.712891,-0.529541,-0.228271,-0.097323,0.002016,0.012852,,-0.047423,0.125853,-0.990915,-0.974885,-0.221940,0.018468,-0.217600,0.966904,0.133217,,,0.000000,,,,0.00,,,
63540,,,,,,,,,,,,,,-9.708835,0.200638,1.323309,-0.022767,0.012378,-0.012064,0.712646,-0.522949,-0.221924,-0.097089,0.002004,0.013225,99718.0000,-0.047496,0.125998,-0.990893,-0.974884,-0.221941,0.018507,-0.217588,0.966885,0.133375,,,0.000000,,,,0.00,,,
63541,,,,,,,,,,,,,,-9.707368,0.200989,1.290367,-0.015131,-0.020717,-0.017904,0.718994,-0.518555,-0.219971,-0.097075,0.002008,0.012896,,-0.047580,0.126139,-0.990871,-0.974889,-0.221918,0.018562,-0.217550,0.966872,0.133530,,,0.000000,,,,0.00,,,
63542,,,,,,,,,,,,,,-9.709002,0.183907,1.309357,-0.002010,-0.000489,-0.014068,0.714844,-0.527344,-0.228271,-0.097091,0.001840,0.013084,99715.0000,-0.047615,0.126337,-0.990844,-0.974890,-0.221914,0.018553,-0.217538,0.966847,0.133731,,,0.000000,,,,0.00,,,
63543,,,,,,,,,,,,,,-9.681943,0.216866,1.311884,-0.035154,-0.003305,-0.039927,0.712646,-0.525146,-0.224121,-0.096820,0.002165,0.013113,,-0.047728,0.126428,-0.990827,-0.974887,-0.221916,0.018644,-0.217524,0.966835,0.133844,,,0.000000,,,,0.00,,,
63544,,,,,,,,,,,,,,-9.732917,0.186612,1.311463,-0.002203,-0.004671,0.009960,0.708252,-0.525146,-0.224121,-0.097330,0.001863,0.013107,99718.0000,-0.047821,0.126573,-0.990804,-0.974888,-0.221908,0.018704,-0.217500,0.966818,0.134006,,,0.000000,,,,0.00,,,
63545,,,,,,,,,,,,,,-9.707064,0.219627,1.348587,-0.042760,0.025715,-0.010059,0.712646,-0.525146,-0.224121,-0.097072,0.002196,0.013477,,-0.047893,0.126734,-0.990780,-0.974885,-0.221917,0.018738,-0.217496,0.966794,0.134180,,,0.000000,,,,0.00,,,
63546,,,,,,,,,,,,,,-9.708110,0.185342,1.315750,-0.001590,-0.000230,-0.014068,0.710449,-0.522949,-0.221924,-0.097082,0.001852,0.013149,99718.0000,-0.047958,0.126897,-0.990756,-0.974882,-0.221928,0.018765,-0.217495,0.966770,0.134353,,,0.000000,,,,0.00,,,
63547,,,,,,,,,,,,,,-9.685396,0.166723,1.335542,0.012189,0.024405,-0.034261,0.710205,-0.516357,-0.226318,-0.096855,0.001665,0.013347,,-0.048072,0.127050,-0.990731,-0.974880,-0.221930,0.018843,-0.217479,0.966750,0.134527,,,0.000000,,,,0.00,,,
63548,,,,,,,,,,,,,,-9.704572,0.203231,1.267426,-0.006965,-0.053563,-0.023741,0.712891,-0.529541,-0.226318,-0.097047,0.002031,0.012666,99711.0000,-0.048128,0.127207,-0.990708,-0.974880,-0.221928,0.018864,-0.217467,0.966730,0.134693,,,0.000000,,,,0.00,,,
63549,,,,,,,,,,,,,,-9.683060,0.184484,1.321732,-0.000678,0.004291,-0.038095,0.712891,-0.529541,-0.230469,-0.096832,0.001844,0.013208,,-0.048216,0.127376,-0.990682,-0.974885,-0.221906,0.018916,-0.217429,0.966713,0.134876,,,0.000000,,,,0.00,,,
63550,,,,,,,,,,,,,,-9.709020,0.169428,1.339726,0.012068,0.020208,-0.010234,0.717041,-0.520752,-0.226318,-0.097091,0.001692,0.013390,99714.0000,-0.048296,0.127504,-0.990662,-0.974886,-0.221896,0.018968,-0.217405,0.966698,0.135018,,,0.000000,,,,0.00,,,
63551,,,,,,,,,,,,,,-9.658252,0.183401,1.325938,-0.000061,0.008669,-0.062123,0.712646,-0.527344,-0.224121,-0.096584,0.001833,0.013249,,-0.048378,0.127706,-0.990631,-0.974890,-0.221873,0.019007,-0.217367,0.966677,0.135233,,,0.000000,,,,0.00,,,
63552,,,,,,,,,,,,,,-9.682340,0.185551,1.326848,-0.000437,0.004358,-0.038095,0.706055,-0.522949,-0.226318,-0.096824,0.001852,0.013262,99719.0000,-0.048463,0.127833,-0.990611,-0.974901,-0.221818,0.019070,-0.217298,0.966672,0.135375,,,0.000000,,,,0.00,,,
63553,,,,,,,,,,,,,,-9.657120,0.201601,1.346442,-0.020407,0.021704,-0.060117,0.710449,-0.522949,-0.224121,-0.096572,0.002013,0.013457,,-0.048580,0.127972,-0.990587,-0.974902,-0.221810,0.019156,-0.217271,0.966656,0.135535,,,0.000000,,,,0.00,,,
63554,,,,,,,,,,,,,,-9.683105,0.186535,1.364180,-0.007659,0.037622,-0.032256,0.712646,-0.522949,-0.226318,-0.096832,0.001865,0.013636,99714.0000,-0.048612,0.128082,-0.990572,-0.974910,-0.221771,0.019168,-0.217225,0.966650,0.135649,,,0.000000,,,,0.00,,,
63555,,,,,,,,,,,,,,-9.655638,0.201920,1.314139,-0.012725,-0.011528,-0.065956,0.710449,-0.525146,-0.228516,-0.096557,0.002020,0.013138,,-0.048635,0.128149,-0.990562,-0.974908,-0.221783,0.019174,-0.217232,0.966639,0.135720,,,0.000000,,,,0.00,,,
63556,,,,,,,,,,,,,,-9.658616,0.184584,1.366117,-0.007067,0.041900,-0.056284,0.708252,-0.527344,-0.224121,-0.096586,0.001847,0.013662,99714.0000,-0.048609,0.128143,-0.990564,-0.974919,-0.221734,0.019157,-0.217187,0.966651,0.135708,,,0.000000,,,,0.00,,,
63557,,,,,,,,,,,,,,-9.657484,0.184306,1.331395,0.000728,0.008607,-0.062123,0.708252,-0.520752,-0.224121,-0.096575,0.001845,0.013315,,-0.048601,0.128130,-0.990566,-0.974920,-0.221728,0.019153,-0.217182,0.966654,0.135693,,,0.000000,,,,0.00,,,
63558,,,,,,,,,,,,,,-9.683081,0.185722,1.364458,-0.007105,0.037497,-0.032256,0.712646,-0.525146,-0.226318,-0.096830,0.001859,0.013649,99713.0000,-0.048533,0.128048,-0.990580,-0.974929,-0.221695,0.019109,-0.217160,0.966672,0.135598,,,0.000000,,,,0.00,,,
63559,,,,,,,,,,,,,,-9.685773,0.150783,1.363203,0.026821,0.044603,-0.030431,0.712646,-0.525146,-0.226318,-0.096857,0.001511,0.013639,,-0.048466,0.127930,-0.990598,-0.974930,-0.221693,0.019069,-0.217169,0.966688,0.135468,,,0.000000,,,,0.00,,,
63560,,,,,,,,,,,,,,-9.680980,0.218899,1.361775,-0.040590,0.030091,-0.034079,0.712646,-0.520752,-0.226318,-0.096809,0.002194,0.013626,99720.0000,-0.048331,0.127791,-0.990623,-0.974942,-0.221650,0.018973,-0.217147,0.966716,0.135301,,,0.000000,,,,0.00,,,
63561,,,,,,,,,,,,,,-9.683794,0.183654,1.359673,-0.006674,0.037054,-0.032254,0.710449,-0.525146,-0.228516,-0.096836,0.001840,0.013609,,-0.048233,0.127589,-0.990654,-0.974936,-0.221678,0.018917,-0.217192,0.966737,0.135083,,,0.000000,,,,0.00,,,
63562,,,,,,,,,,,,,,-9.682974,0.182641,1.322624,0.000788,0.003852,-0.038095,0.714844,-0.522949,-0.226318,-0.096828,0.001833,0.013239,99715.0000,-0.048043,0.127357,-0.990693,-0.974946,-0.221649,0.018785,-0.217194,0.966774,0.134815,,,0.000000,,,,0.00,,,
63563,,,,,,,,,,,,,,-9.709543,0.166056,1.336354,0.013796,0.019384,-0.010235,0.714844,-0.525146,-0.224121,-0.097094,0.001666,0.013377,,-0.047911,0.127153,-0.990725,-0.974944,-0.221663,0.018699,-0.217229,0.966798,0.134587,,,0.000000,,,,0.00,,,
63564,,,,,,,,,,,,,,-9.709924,0.165222,1.333688,0.013796,0.019381,-0.010235,0.708252,-0.522949,-0.221924,-0.097097,0.001656,0.013350,99712.0000,-0.047784,0.126903,-0.990764,-0.974950,-0.221643,0.018632,-0.217231,0.966835,0.134315,,,0.000000,,,,0.00,,,
63565,,,,,,,,,,,,,,-9.733371,0.166420,1.295941,0.021074,-0.018394,0.007949,0.712646,-0.527344,-0.224121,-0.097332,0.001666,0.012970,,-0.047712,0.126732,-0.990789,-0.974955,-0.221623,0.018601,-0.217224,0.966862,0.134132,,,0.000000,,,,0.00,,,
63566,,,,,,,,,,,,,,-9.709927,0.147131,1.277626,0.042029,-0.027054,-0.018089,0.712646,-0.522949,-0.219971,-0.097098,0.001472,0.012785,99713.0000,-0.047650,0.126568,-0.990813,-0.974968,-0.221567,0.018585,-0.217179,0.966896,0.133958,,,0.000000,,,,0.00,,,
63567,,,,,,,,,,,,,,-9.709505,0.164271,1.293340,0.021541,-0.014197,-0.016079,0.714844,-0.522949,-0.221924,-0.097094,0.001643,0.012941,,-0.047620,0.126439,-0.990831,-0.974979,-0.221518,0.018590,-0.217136,0.966924,0.133824,,,0.000000,,,,0.00,,,
63568,,,,,,,,,,,,,,-9.734022,0.165949,1.291109,0.021171,-0.018506,0.007949,0.706055,-0.525146,-0.224121,-0.097339,0.001660,0.012917,99718.0000,-0.047572,0.126317,-0.990849,-0.974986,-0.221487,0.018575,-0.217114,0.966948,0.133694,,,0.000000,,,,0.00,,,
63569,,,,,,,,,,,,,,-9.735385,0.166064,1.324699,0.013750,0.014577,0.013793,0.710449,-0.522949,-0.230469,-0.097354,0.001659,0.013250,,-0.047589,0.126269,-0.990854,-0.974997,-0.221439,0.018609,-0.217064,0.966965,0.133650,,,0.000000,,,,0.00,,,
63570,,,,,,,,,,,,,,-9.713623,0.095645,1.255872,0.096460,-0.032995,-0.018279,0.710449,-0.520752,-0.219971,-0.097136,0.000955,0.012562,99717.0000,-0.047593,0.126204,-0.990862,-0.975009,-0.221381,0.018635,-0.217007,0.966986,0.133586,,,0.000000,,,,0.00,,,
63571,,,,,,,,,,,,,,-9.733007,0.201377,1.323771,-0.020183,0.007090,0.011970,0.710449,-0.522949,-0.226318,-0.097330,0.002009,0.013239,,-0.047643,0.126196,-0.990861,-0.975033,-0.221273,0.018701,-0.216891,0.967012,0.133587,,,0.000000,,,,0.00,,,
63572,,,,,,,,,,,,,,-9.757382,0.203661,1.322511,-0.020553,0.002778,0.035997,0.708252,-0.522949,-0.230469,-0.097573,0.002036,0.013228,99717.0000,-0.047637,0.126137,-0.990868,-0.975040,-0.221237,0.018712,-0.216857,0.967028,0.133528,,,0.000000,,,,0.00,,,
63573,,,,,,,,,,,,,,-9.757497,0.203755,1.321652,-0.020549,0.002340,0.035998,0.710449,-0.525146,-0.224121,-0.097574,0.002037,0.013222,,-0.047616,0.126069,-0.990878,-0.975046,-0.221211,0.018711,-0.216834,0.967043,0.133457,,,0.000000,,,,0.00,,,
63574,,,,,,,,,,,,,,-9.756356,0.203466,1.286350,-0.013082,-0.030865,0.030151,0.710449,-0.525146,-0.224121,-0.097563,0.002038,0.012866,99712.0000,-0.047552,0.126036,-0.990885,-0.975044,-0.221225,0.018653,-0.216858,0.967044,0.133410,,,0.000000,,,,0.00,,,
63575,,,,,,,,,,,,,,-9.757034,0.185528,1.268741,0.007620,-0.043904,0.028138,0.712402,-0.518555,-0.224121,-0.097570,0.001859,0.012688,,-0.047473,0.126043,-0.990888,-0.975056,-0.221179,0.018580,-0.216822,0.967054,0.133399,,,0.000000,,,,0.00,,,
63576,,,,,,,,,,,,,,-9.757630,0.167488,1.251752,0.028213,-0.056881,0.026126,0.715088,-0.529785,-0.221924,-0.097577,0.001679,0.012514,99715.0000,-0.047414,0.126138,-0.990879,-0.975059,-0.221173,0.018502,-0.216821,0.967043,0.133479,,,0.000000,,,,0.00,,,
63577,,,,,,,,,,,,,,-9.710684,0.146070,1.271984,0.041907,-0.027866,-0.018091,0.717041,-0.520752,-0.224121,-0.097108,0.001464,0.012711,,-0.047360,0.126308,-0.990860,-0.975083,-0.221073,0.018425,-0.216725,0.967043,0.133631,,,0.000000,,,,0.00,,,
63578,,,,,,,,,,,,,,-9.662423,0.159289,1.327214,0.014607,0.026932,-0.058286,0.712646,-0.520752,-0.224121,-0.096625,0.001595,0.013264,99718.0000,-0.047347,0.126490,-0.990837,-0.975092,-0.221039,0.018377,-0.216690,0.967027,0.133805,,,0.000000,,,,0.00,,,
63579,,,,,,,,,,,,,,-9.687749,0.126319,1.293690,0.054851,-0.003298,-0.038279,0.712646,-0.520752,-0.221924,-0.096879,0.001263,0.012926,,-0.047325,0.126702,-0.990811,-0.975111,-0.220958,0.018320,-0.216606,0.967018,0.134005,,,0.000000,,,,0.00,,,
63580,,,,,,,,,,,,,,-9.663743,0.142100,1.348352,0.027171,0.047184,-0.054450,0.712646,-0.520752,-0.232666,-0.096639,0.001418,0.013474,99715.0000,-0.047404,0.126887,-0.990784,-0.975133,-0.220858,0.018371,-0.216492,0.967017,0.134201,,,0.000000,,,,0.00,,,
63581,,,,,,,,,,,,,,-9.690915,0.092834,1.332138,0.080597,0.036861,-0.030602,0.710205,-0.518555,-0.224121,-0.096911,0.000924,0.013311,,-0.047472,0.127101,-0.990753,-0.975143,-0.220813,0.018397,-0.216433,0.966999,0.134424,,,0.000000,,,,0.00,,,
63582,,,,,,,,,,,,,,-9.687564,0.111217,1.282360,0.074931,-0.016577,-0.040286,0.710205,-0.516357,-0.230469,-0.096877,0.001104,0.012814,99715.0000,-0.047665,0.127262,-0.990723,-0.975169,-0.220683,0.018569,-0.216273,0.967007,0.134620,,,0.000000,,,,0.00,,,
63583,,,,,,,,,,,,,,-9.712766,0.149379,1.386871,0.017622,0.071055,-0.000542,0.714844,-0.525146,-0.226318,-0.097129,0.001484,0.013860,,-0.047791,0.127437,-0.990695,-0.975186,-0.220600,0.018666,-0.216168,0.967003,0.134817,,,0.000000,,,,0.00,,,
63584,,,,,,,,,,,,,,-9.706986,0.202765,1.336484,-0.021756,0.010352,-0.012060,0.712646,-0.525146,-0.224121,-0.097071,0.002019,0.013360,99711.0000,-0.047973,0.127500,-0.990678,-0.975207,-0.220491,0.018846,-0.216033,0.967020,0.134916,,,0.000000,,,,0.00,,,
63585,,,,,,,,,,,,,,-9.731184,0.205859,1.336430,-0.022548,0.005923,0.011966,0.714844,-0.525146,-0.226318,-0.097312,0.002054,0.013361,,-0.048016,0.127561,-0.990668,-0.975229,-0.220391,0.018889,-0.215925,0.967035,0.134984,,,0.000000,,,,0.00,,,
63586,,,,,,,,,,,,,,-9.731110,0.206624,1.336847,-0.022567,0.005906,0.011966,0.710449,-0.525146,-0.228516,-0.097311,0.002063,0.013368,99712.0000,-0.048083,0.127568,-0.990664,-0.975230,-0.220379,0.018956,-0.215903,0.967036,0.135005,,,0.000000,,,,0.00,,,
63587,,,,,,,,,,,,,,-9.707412,0.188004,1.320514,-0.001838,-0.003090,-0.014068,0.703857,-0.520752,-0.224121,-0.097074,0.001879,0.013205,,-0.048073,0.127596,-0.990661,-0.975229,-0.220384,0.018939,-0.215909,0.967032,0.135029,,,0.000000,,,,0.00,,,
63588,,,,,,,,,,,,,,-9.710597,0.136438,1.303090,0.052436,-0.008823,-0.014242,0.712646,-0.525146,-0.226318,-0.097106,0.001364,0.013032,99717.0000,-0.048076,0.127568,-0.990664,-0.975229,-0.220385,0.018948,-0.215911,0.967035,0.135004,,,0.000000,,,,0.00,,,
63589,,,,,,,,,,,,,,-9.683129,0.186440,1.320956,-0.001610,0.001036,-0.038094,0.712646,-0.522949,-0.224121,-0.096831,0.001864,0.013211,,-0.048063,0.127562,-0.990665,-0.975232,-0.220371,0.018938,-0.215898,0.967039,0.134994,,,0.000000,,,,0.00,,,
63590,,,,,,,,,,,,,,-9.687511,0.135053,1.338059,0.045200,0.028500,-0.032419,0.717041,-0.522949,-0.228516,-0.096875,0.001349,0.013381,99712.0000,-0.048098,0.127552,-0.990665,-0.975233,-0.220366,0.018976,-0.215889,0.967041,0.134992,,,0.000000,,,,0.00,,,
63591,,,,,,,,,,,,,,-9.639506,0.114869,1.322388,0.065778,0.023892,-0.082473,0.712646,-0.527344,-0.228271,-0.096395,0.001144,0.013225,,-0.048096,0.127543,-0.990666,-0.975240,-0.220335,0.018981,-0.215857,0.967050,0.134982,,,0.000000,,,,0.00,,,
63592,,,,,,,,,,,,,,-9.685682,0.153710,1.320440,0.031293,0.007968,-0.036257,0.712646,-0.522949,-0.226318,-0.096857,0.001533,0.013206,99715.0000,-0.048166,0.127498,-0.990669,-0.975246,-0.220301,0.019064,-0.215814,0.967064,0.134952,,,0.000000,,,,0.00,,,
63593,,,,,,,,,,,,,,-9.683176,0.189007,1.320248,-0.002794,0.000324,-0.038095,0.712646,-0.525146,-0.230469,-0.096832,0.001886,0.013203,,-0.048209,0.127511,-0.990665,-0.975251,-0.220273,0.019107,-0.215781,0.967068,0.134974,,,0.000000,,,,0.00,,,
63594,,,,,,,,,,,,,,-9.683199,0.189613,1.319991,-0.002814,0.000293,-0.038095,0.714844,-0.527344,-0.228271,-0.096832,0.001894,0.013202,99718.0000,-0.048224,0.127466,-0.990670,-0.975262,-0.220221,0.019139,-0.215726,0.967086,0.134933,,,0.000000,,,,0.00,,,
63595,,,,,,,,,,,,,,-9.687006,0.155714,1.353854,0.023101,0.040153,-0.030402,0.712646,-0.527344,-0.226318,-0.096870,0.001554,0.013543,,-0.048228,0.127430,-0.990674,-0.975263,-0.220215,0.019151,-0.215721,0.967092,0.134898,,,0.000000,,,,0.00,,,
63596,,,,,,,,,,,,,,-9.706503,0.192152,1.283190,0.003944,-0.037864,-0.019922,0.717041,-0.522949,-0.224121,-0.097065,0.001920,0.012836,99713.0000,-0.048227,0.127357,-0.990684,-0.975273,-0.220172,0.019172,-0.215679,0.967111,0.134826,,,0.000000,,,,0.00,,,
63597,,,,,,,,,,,,,,-9.710332,0.158042,1.316959,0.029541,0.002485,-0.012227,0.712646,-0.527344,-0.221924,-0.097103,0.001579,0.013173,,-0.048163,0.127292,-0.990695,-0.975284,-0.220125,0.019130,-0.215641,0.967131,0.134748,,,0.000000,,,,0.00,,,
63598,,,,,,,,,,,,,,-9.712941,0.123954,1.316303,0.063223,0.009709,-0.010384,0.708252,-0.527344,-0.226318,-0.097129,0.001237,0.013166,99715.0000,-0.048185,0.127230,-0.990702,-0.975297,-0.220062,0.019174,-0.215576,0.967153,0.134691,,,0.000000,,,,0.00,,,
63599,,,,,,,,,,,,,,-9.737322,0.126544,1.315013,0.062921,0.005432,0.013641,0.710449,-0.527344,-0.228271,-0.097373,0.001260,0.013152,,-0.048288,0.127177,-0.990704,-0.975318,-0.219961,0.019302,-0.215462,0.967183,0.134660,,,0.000000,,,,0.00,,,
63600,,,,,,,,,,,,,,-9.713032,0.126128,1.315429,0.063291,0.009719,-0.010384,0.714844,-0.522949,-0.226318,-0.097130,0.001253,0.013157,99713.0000,-0.048427,0.127085,-0.990709,-0.975320,-0.219936,0.019462,-0.215419,0.967201,0.134599,,,0.000000,,,,0.00,,,
63601,,,,,,,,,,,,,,-9.713069,0.127869,1.314984,0.062742,0.009247,-0.010380,0.710449,-0.522949,-0.226318,-0.097131,0.001269,0.013151,,-0.048552,0.127065,-0.990705,-0.975318,-0.219935,0.019589,-0.215401,0.967204,0.134607,,,0.000000,,,,0.00,,,
63602,,,,,,,,,,,,,,-9.686827,0.145511,1.298568,0.049999,-0.006701,-0.038255,0.710449,-0.525146,-0.221924,-0.096869,0.001442,0.012985,99715.0000,-0.048810,0.127036,-0.990696,-0.975327,-0.219871,0.019859,-0.215302,0.967222,0.134633,,,0.000000,,,,0.00,,,
63603,,,,,,,,,,,,,,-9.684197,0.182701,1.298796,0.015699,-0.014050,-0.040099,0.712402,-0.518555,-0.226318,-0.096842,0.001813,0.012987,,-0.049028,0.127012,-0.990689,-0.975340,-0.219789,0.020090,-0.215191,0.967244,0.134655,,,0.000000,,,,0.00,,,
63604,,,,,,,,,,,,,,-9.710335,0.170181,1.315420,0.028415,0.001816,-0.012223,0.708252,-0.525146,-0.221924,-0.097104,0.001688,0.013153,99712.0000,-0.049297,0.126977,-0.990680,-0.975354,-0.219704,0.020374,-0.215069,0.967268,0.134678,,,0.000000,,,,0.00,,,
63605,,,,,,,,,,,,,,-9.708355,0.190059,1.298435,0.014307,-0.018581,-0.016073,0.712646,-0.520752,-0.224121,-0.097084,0.001887,0.012982,,-0.049451,0.126978,-0.990672,-0.975373,-0.219603,0.020540,-0.214946,0.967291,0.134710,,,0.000000,,,,0.00,,,
63606,,,,,,,,,,,,,,-9.708260,0.192685,1.298753,0.014285,-0.018622,-0.016073,0.708252,-0.522949,-0.226318,-0.097083,0.001914,0.012986,99711.0000,-0.049702,0.126955,-0.990663,-0.975387,-0.219515,0.020804,-0.214824,0.967314,0.134740,,,0.000000,,,,0.00,,,
63607,,,,,,,,,,,,,,-9.683187,0.210786,1.316860,-0.006984,-0.001658,-0.038097,0.712646,-0.525146,-0.226318,-0.096832,0.002094,0.013170,,-0.049847,0.126908,-0.990661,-0.975394,-0.219472,0.020963,-0.214761,0.967330,0.134725,,,0.000000,,,,0.00,,,
63608,,,,,,,,,,,,,,-9.708180,0.197713,1.298600,0.013184,-0.018995,-0.016072,0.712646,-0.525146,-0.226318,-0.097082,0.001967,0.012986,99715.0000,-0.050035,0.126863,-0.990658,-0.975408,-0.219387,0.021170,-0.214652,0.967355,0.134720,,,0.000000,,,,0.00,,,
63609,,,,,,,,,,,,,,-9.710041,0.182510,1.315944,0.025393,0.000875,-0.012215,0.714844,-0.527344,-0.221924,-0.097101,0.001816,0.013158,,-0.050124,0.126883,-0.990650,-0.975412,-0.219360,0.021257,-0.214612,0.967358,0.134759,,,0.000000,,,,0.00,,,
63610,,,,,,,,,,,,,,-9.735697,0.151833,1.280869,0.066143,-0.029431,0.007813,0.710449,-0.520752,-0.226318,-0.097357,0.001507,0.012807,99712.0000,-0.050343,0.126868,-0.990641,-0.975420,-0.219303,0.021484,-0.214525,0.967373,0.134790,,,0.000000,,,,0.00,,,
63611,,,,,,,,,,,,,,-9.709182,0.204019,1.333719,0.003532,0.013765,-0.010216,0.710449,-0.522949,-0.232666,-0.097092,0.002030,0.013335,,-0.050422,0.126862,-0.990638,-0.975434,-0.219233,0.021572,-0.214444,0.967390,0.134800,,,0.000000,,,,0.00,,,
63612,,,,,,,,,,,,,,-9.706648,0.205789,1.265224,0.018440,-0.052675,-0.021925,0.712646,-0.525146,-0.226318,-0.097067,0.002048,0.012649,99712.0000,-0.050627,0.126893,-0.990624,-0.975440,-0.219187,0.021774,-0.214368,0.967396,0.134874,,,0.000000,,,,0.00,,,
63613,,,,,,,,,,,,,,-9.735895,0.175599,1.334084,0.035764,0.015697,0.015677,0.710449,-0.525146,-0.224121,-0.097360,0.001745,0.013338,,-0.050763,0.127001,-0.990603,-0.975409,-0.219314,0.021867,-0.214476,0.967353,0.135011,,,0.000000,,,,0.00,,,
63614,,,,,,,,,,,,,,-9.734556,0.177712,1.300258,0.043189,-0.017564,0.009820,0.710449,-0.522949,-0.228516,-0.097346,0.001765,0.012999,99718.0000,-0.051010,0.127028,-0.990587,-0.975403,-0.219319,0.022103,-0.214447,0.967348,0.135091,,,0.000000,,,,0.00,,,
63615,,,,,,,,,,,,,,-9.731739,0.214270,1.301166,0.008475,-0.025231,0.007953,0.708252,-0.527344,-0.228271,-0.097318,0.002133,0.013006,,-0.051120,0.127146,-0.990566,-0.975396,-0.219342,0.022183,-0.214452,0.967328,0.135230,,,0.000000,,,,0.00,,,
63616,,,,,,,,,,,,,,-9.734178,0.181903,1.302504,0.042106,-0.018034,0.009824,0.717041,-0.525146,-0.228271,-0.097343,0.001808,0.013018,99709.0000,-0.051366,0.127238,-0.990541,-0.975387,-0.219360,0.022403,-0.214435,0.967312,0.135374,,,0.000000,,,,0.00,,,
63617,,,,,,,,,,,,,,-9.705785,0.216615,1.270023,0.015253,-0.054748,-0.021930,0.708252,-0.527344,-0.219971,-0.097059,0.002154,0.012695,,-0.051526,0.127355,-0.990518,-0.975377,-0.219392,0.022530,-0.214442,0.967289,0.135523,,,0.000000,,,,0.00,,,
63618,,,,,,,,,,,,,,-9.706759,0.219016,1.305782,0.007686,-0.021641,-0.016072,0.712646,-0.525146,-0.224121,-0.097069,0.002180,0.013051,99718.0000,-0.051761,0.127454,-0.990493,-0.975363,-0.219432,0.022734,-0.214448,0.967267,0.135672,,,0.000000,,,,0.00,,,
63619,,,,,,,,,,,,,,-9.705769,0.238264,1.324471,-0.013774,-0.008041,-0.014081,0.710449,-0.525146,-0.226318,-0.097059,0.002374,0.013237,,-0.051874,0.127507,-0.990480,-0.975383,-0.219330,0.022848,-0.214328,0.967283,0.135746,,,0.000000,,,,0.00,,,
63620,,,,,,,,,,,,,,-9.708934,0.188370,1.308994,0.040437,-0.013803,-0.014191,0.712646,-0.527344,-0.226318,-0.097091,0.001875,0.013081,99714.0000,-0.052078,0.127658,-0.990450,-0.975391,-0.219276,0.023024,-0.214242,0.967275,0.135936,,,0.000000,,,,0.00,,,
63621,,,,,,,,,,,,,,-9.707138,0.224719,1.345218,-0.001810,0.011974,-0.010213,0.710449,-0.525146,-0.226318,-0.097073,0.002239,0.013443,,-0.052169,0.127815,-0.990425,-0.975405,-0.219209,0.023089,-0.214159,0.967270,0.136107,,,0.000000,,,,0.00,,,
63622,,,,,,,,,,,,,,-9.706420,0.208940,1.295535,0.026184,-0.034255,-0.018056,0.712646,-0.525146,-0.228516,-0.097066,0.002081,0.012944,99714.0000,-0.052370,0.128019,-0.990388,-0.975408,-0.219178,0.023246,-0.214095,0.967250,0.136349,,,0.000000,,,,0.00,,,
63623,,,,,,,,,,,,,,-9.680949,0.225835,1.316116,0.004679,-0.017335,-0.040093,0.708252,-0.525146,-0.228516,-0.096812,0.002252,0.013147,,-0.052432,0.128303,-0.990348,-0.975406,-0.219187,0.023245,-0.214089,0.967210,0.136640,,,0.000000,,,,0.00,,,
63624,,,,,,,,,,,,,,-9.706034,0.229258,1.352403,-0.003330,0.011439,-0.010213,0.712646,-0.527344,-0.226318,-0.097062,0.002286,0.013512,99718.0000,-0.052604,0.128526,-0.990310,-0.975406,-0.219176,0.023367,-0.214049,0.967183,0.136894,,,0.000000,,,,0.00,,,
63625,,,,,,,,,,,,,,-9.679433,0.245408,1.338289,-0.016971,-0.004742,-0.038110,0.710693,-0.529541,-0.232666,-0.096796,0.002451,0.013371,,-0.052613,0.128773,-0.990277,-0.975407,-0.219174,0.023322,-0.214040,0.967151,0.137137,,,0.000000,,,,0.00,,,
63626,,,,,,,,,,,,,,-9.705388,0.230393,1.356842,-0.004396,0.011069,-0.010213,0.710449,-0.527344,-0.224121,-0.097055,0.002305,0.013559,99721.0000,-0.052636,0.128963,-0.990252,-0.975389,-0.219256,0.023292,-0.214115,0.967107,0.137330,,,0.000000,,,,0.00,,,
63627,,,,,,,,,,,,,,-9.631412,0.241684,1.377976,-0.024263,0.036708,-0.080299,0.712646,-0.527344,-0.226318,-0.096315,0.002419,0.013774,,-0.052596,0.129115,-0.990234,-0.975356,-0.219413,0.023197,-0.214275,0.967051,0.137474,,,0.000000,,,,0.00,,,
63628,,,,,,,,,,,,,,-9.654525,0.242511,1.343469,-0.017291,-0.000910,-0.062135,0.710449,-0.522949,-0.224121,-0.096545,0.002432,0.013433,99716.0000,-0.052463,0.129191,-0.990231,-0.975334,-0.219529,0.023032,-0.214409,0.967014,0.137521,,,0.000000,,,,0.00,,,
63629,,,,,,,,,,,,,,-9.631316,0.238937,1.379123,-0.025735,0.036878,-0.080304,0.708252,-0.527344,-0.224121,-0.096313,0.002400,0.013790,,-0.052130,0.129234,-0.990243,-0.975314,-0.219657,0.022677,-0.214583,0.966979,0.137494,,,0.000000,,,,0.00,,,
63630,,,,,,,,,,,,,,-9.632218,0.219262,1.361503,-0.005266,0.023832,-0.082282,0.710449,-0.525146,-0.228516,-0.096321,0.002206,0.013620,99717.0000,-0.051855,0.129182,-0.990264,-0.975286,-0.219808,0.022396,-0.214775,0.966952,0.137388,,,0.000000,,,,0.00,,,
63631,,,,,,,,,,,,,,-9.675371,0.271472,1.307040,-0.045909,-0.045496,-0.045873,0.712646,-0.527344,-0.226318,-0.096753,0.002732,0.013075,,-0.051472,0.129149,-0.990288,-0.975249,-0.220014,0.021997,-0.215037,0.966910,0.137277,,,0.000000,,,,0.00,,,
63632,,,,,,,,,,,,,,-9.680162,0.215732,1.323577,0.000755,-0.018075,-0.040093,0.706055,-0.525146,-0.221924,-0.096801,0.002182,0.013239,99717.0000,-0.050984,0.129188,-0.990309,-0.975207,-0.220251,0.021475,-0.215342,0.966851,0.137214,,,0.000000,,,,0.00,,,
63633,,,,,,,,,,,,,,-9.656049,0.209063,1.323574,0.000871,-0.013132,-0.064115,0.714844,-0.520752,-0.230469,-0.096559,0.002114,0.013240,,-0.050480,0.129130,-0.990342,-0.975206,-0.220300,0.020983,-0.215463,0.966847,0.137049,,,0.000000,,,,0.00,,,
63634,,,,,,,,,,,,,,-9.728924,0.244046,1.389125,-0.049216,0.032897,0.017759,0.708252,-0.522949,-0.226318,-0.097288,0.002470,0.013897,99713.0000,-0.049891,0.129147,-0.990370,-0.975162,-0.220556,0.020364,-0.215802,0.966787,0.136943,,,0.000000,,,,0.00,,,
63635,,,,,,,,,,,,,,-9.711176,0.115597,1.302850,0.086590,-0.020778,-0.014229,0.710449,-0.520752,-0.228516,-0.097111,0.001184,0.013032,,-0.049212,0.129244,-0.990391,-0.975120,-0.220807,0.019639,-0.216147,0.966716,0.136894,,,0.000000,,,,0.00,,,
63636,,,,,,,,,,,,,,-9.733035,0.146248,1.301584,0.052319,-0.032476,0.007887,0.714844,-0.522949,-0.232666,-0.097330,0.001490,0.013017,99717.0000,-0.048672,0.129348,-0.990404,-0.975090,-0.220991,0.019057,-0.216406,0.966660,0.136882,,,0.000000,,,,0.00,,,
63637,,,,,,,,,,,,,,-9.637621,0.116351,1.322249,0.065948,0.004243,-0.084314,0.710205,-0.516357,-0.230469,-0.096376,0.001190,0.013220,,-0.048076,0.129595,-0.990401,-0.975039,-0.221271,0.018376,-0.216766,0.966563,0.136998,,,0.000000,,,,0.00,,,
63638,,,,,,,,,,,,,,-9.709911,0.134065,1.337500,0.043906,0.004088,-0.010274,0.712646,-0.520752,-0.228516,-0.097099,0.001364,0.013373,99718.0000,-0.047604,0.129740,-0.990405,-0.975045,-0.221286,0.017878,-0.216843,0.966540,0.137036,,,0.000000,,,,0.00,,,
63639,,,,,,,,,,,,,,-9.706665,0.181158,1.355168,-0.011834,0.009034,-0.010217,0.714600,-0.518555,-0.234863,-0.097067,0.001834,0.013549,,-0.047047,0.129956,-0.990403,-0.975019,-0.221451,0.017259,-0.217083,0.966473,0.137128,,,0.000000,,,,0.00,,,
63640,,,,,,,,,,,,,,-9.682550,0.139882,1.287894,0.037132,-0.045828,-0.044037,0.714844,-0.522949,-0.228516,-0.096826,0.001425,0.012872,99713.0000,-0.046548,0.130219,-0.990392,-0.975005,-0.221554,0.016694,-0.217252,0.966414,0.137277,,,0.000000,,,,0.00,,,
63641,,,,,,,,,,,,,,-9.708379,0.153929,1.374488,-0.000182,0.028243,-0.006325,0.714600,-0.518555,-0.224121,-0.097084,0.001564,0.013741,,-0.045972,0.130500,-0.990382,-0.974982,-0.221702,0.016044,-0.217476,0.966343,0.137427,,,0.000000,,,,0.00,,,
63642,,,,,,,,,,,,,,-9.779761,0.136621,1.286817,0.033962,-0.064222,0.052049,0.714844,-0.522949,-0.226318,-0.097798,0.001394,0.012862,99717.0000,-0.045443,0.130747,-0.990374,-0.974977,-0.221768,0.015459,-0.217612,0.966294,0.137553,,,0.000000,,,,0.00,,,
63643,,,,,,,,,,,,,,-9.738835,0.041827,1.341603,0.106689,0.013242,0.017622,0.708008,-0.518555,-0.226318,-0.097389,0.000443,0.013407,,-0.044874,0.130960,-0.990372,-0.974996,-0.221723,0.014859,-0.217643,0.966275,0.137635,,,0.000000,,,,0.00,,,
63644,,,,,,,,,,,,,,-9.735032,0.071663,1.308894,0.080305,-0.027343,0.009837,0.717041,-0.520752,-0.228516,-0.097351,0.000737,0.013080,99710.0000,-0.044494,0.131233,-0.990352,-0.974994,-0.221764,0.014418,-0.217732,0.966229,0.137819,,,0.000000,,,,0.00,,,
63645,,,,,,,,,,,,,,-9.763379,0.018240,1.327152,0.126035,-0.003933,0.039690,0.710449,-0.525146,-0.234863,-0.097635,0.000197,0.013262,,-0.044189,0.131467,-0.990335,-0.974996,-0.221778,0.014063,-0.217786,0.966194,0.137980,,,0.000000,,,,0.00,,,
63646,,,,,,,,,,,,,,-9.762432,0.033084,1.346495,0.105227,0.008908,0.041655,0.714600,-0.518555,-0.234863,-0.097626,0.000340,0.013454,99717.0000,-0.044039,0.131737,-0.990306,-0.974993,-0.221805,0.013852,-0.217830,0.966151,0.138211,,,0.000000,,,,0.00,,,
63647,,,,,,,,,,,,,,-9.783390,0.085155,1.365042,0.050703,0.008837,0.065707,0.716797,-0.514160,-0.232666,-0.097835,0.000856,0.013641,,-0.044054,0.132068,-0.990261,-0.974940,-0.222040,0.013760,-0.218061,0.966052,0.138541,,,0.000000,,,,0.00,,,
63648,,,,,,,,,,,,,,-9.777825,0.135921,1.315411,0.011250,-0.052010,0.054015,0.712158,-0.509766,-0.230713,-0.097780,0.001363,0.013142,99718.0000,-0.044014,0.132328,-0.990228,-0.974924,-0.222117,0.013652,-0.218140,0.965999,0.138786,,,0.000000,,,,0.00,,,
63649,,,,,,,,,,,,,,-9.802320,0.153774,1.368421,-0.020124,-0.011215,0.085856,0.712646,-0.520752,-0.232666,-0.098024,0.001545,0.013676,,-0.043653,0.132613,-0.990206,-0.974882,-0.222329,0.013202,-0.218401,0.965911,0.138987,,,0.000000,,,,0.00,,,
63650,,,,,,,,,,,,,,-9.804069,0.100284,1.318791,0.041474,-0.050187,0.079977,0.712402,-0.518555,-0.228516,-0.098042,0.001013,0.013174,99711.0000,-0.043513,0.132935,-0.990169,-0.974840,-0.222529,0.012964,-0.218618,0.965820,0.139274,,,0.000000,,,,0.00,,,
63651,,,,,,,,,,,,,,-9.778702,0.113864,1.339542,0.021055,-0.033017,0.057916,0.705811,-0.516357,-0.232666,-0.097789,0.001148,0.013382,,-0.043408,0.133242,-0.990132,-0.974782,-0.222795,0.012753,-0.218897,0.965717,0.139553,,,0.000000,,,,0.00,,,
63652,,,,,,,,,,,,,,-9.780781,0.077907,1.342065,0.054522,-0.025863,0.059862,0.710205,-0.518555,-0.230469,-0.097809,0.000785,0.013408,99719.0000,-0.043353,0.133518,-0.990098,-0.974728,-0.223040,0.012602,-0.219149,0.965622,0.139813,,,0.000000,,,,0.00,,,
63653,,,,,,,,,,,,,,-9.758858,0.057907,1.397168,0.060800,0.031460,0.045611,0.710205,-0.514160,-0.226318,-0.097591,0.000584,0.013958,,-0.043396,0.133849,-0.990051,-0.974657,-0.223353,0.012525,-0.219454,0.965504,0.140149,,,0.000000,,,,0.00,,,
63654,,,,,,,,,,,,,,-9.733429,0.021285,1.297050,0.117315,-0.056584,0.005941,0.714600,-0.516357,-0.228516,-0.097336,0.000213,0.012957,99711.0000,-0.043473,0.134123,-0.990011,-0.974594,-0.223628,0.012500,-0.219718,0.965402,0.140437,,,0.000000,,,,0.00,,,
63655,,,,,,,,,,,,,,-9.777913,0.094005,1.333257,0.040029,-0.045834,0.055964,0.710205,-0.514160,-0.234863,-0.097781,0.000936,0.013316,,-0.043480,0.134339,-0.989981,-0.974593,-0.223636,0.012457,-0.219722,0.965370,0.140650,,,0.000000,,,,0.00,,,
63656,,,,,,,,,,,,,,-9.779521,0.043355,1.284973,0.101629,-0.084802,0.050099,0.705811,-0.514160,-0.239014,-0.097798,0.000428,0.012830,99717.0000,-0.043685,0.134709,-0.989922,-0.974545,-0.223839,0.012546,-0.219893,0.965272,0.141059,,,0.000000,,,,0.00,,,
63657,,,,,,,,,,,,,,-9.779206,0.061975,1.341268,0.072938,-0.040384,0.057914,0.709961,-0.511963,-0.234863,-0.097796,0.000611,0.013388,,-0.043983,0.135320,-0.989825,-0.974416,-0.224397,0.012621,-0.220406,0.965057,0.141728,,,0.000000,,,,0.00,,,
63658,,,,,,,,,,,,,,-9.753109,0.061940,1.313019,0.080700,-0.069376,0.028027,0.710205,-0.518555,-0.234863,-0.097535,0.000611,0.013100,99710.0000,-0.044288,0.135896,-0.989733,-0.974361,-0.224629,0.012757,-0.220589,0.964922,0.142360,,,0.000000,,,,0.00,,,
63659,,,,,,,,,,,,,,-9.775843,0.082965,1.335977,0.058634,-0.061440,0.054005,0.710205,-0.516357,-0.228516,-0.097763,0.000817,0.013327,,-0.044629,0.136538,-0.989629,-0.974285,-0.224949,0.012901,-0.220854,0.964757,0.143067,,,0.000000,,,,0.00,,,
63660,,,,,,,,,,,,,,-9.777137,0.034190,1.291089,0.120246,-0.100411,0.048141,0.714600,-0.516357,-0.234863,-0.097776,0.000327,0.012873,99711.0000,-0.045100,0.137223,-0.989513,-0.974240,-0.225127,0.013184,-0.220957,0.964618,0.143841,,,0.000000,,,,0.00,,,
63661,,,,,,,,,,,,,,-9.817373,0.144178,1.298076,0.016641,-0.130278,0.090309,0.712402,-0.516357,-0.239014,-0.098180,0.001425,0.012939,,-0.045435,0.137898,-0.989404,-0.974258,-0.225037,0.013375,-0.220808,0.964543,0.144573,,,0.000000,,,,0.00,,,
63662,,,,,,,,,,,,,,-9.818704,0.129666,1.358610,0.021929,-0.077023,0.100091,0.710205,-0.518555,-0.239014,-0.098194,0.001286,0.013540,99716.0000,-0.045848,0.138769,-0.989263,-0.974234,-0.225130,0.013571,-0.220829,0.964396,0.145516,,,0.000000,,,,0.00,,,
63663,,,,,,,,,,,,,,-9.913842,0.121732,1.279708,0.054711,-0.174565,0.182474,0.710205,-0.516357,-0.232666,-0.099145,0.001207,0.012745,,-0.046192,0.139817,-0.989099,-0.974204,-0.225257,0.013654,-0.220893,0.964215,0.146616,,,0.000000,,,,0.00,,,
63664,,,,,,,,,,,,,,-9.813205,0.167676,1.379978,-0.013095,-0.085363,0.098114,0.708008,-0.514160,-0.237061,-0.098141,0.001673,0.013737,99710.0000,-0.046510,0.141064,-0.988907,-0.974223,-0.225171,0.013700,-0.220741,0.964053,0.147901,,,0.000000,,,,0.00,,,
63665,,,,,,,,,,,,,,-9.910500,0.141038,1.356060,0.024707,-0.128010,0.190302,0.708008,-0.518555,-0.237061,-0.099114,0.001407,0.013495,,-0.046670,0.142275,-0.988726,-0.974300,-0.224840,0.013635,-0.220366,0.963953,0.149112,,,0.000000,,,,0.00,,,
63666,,,,,,,,,,,,,,-9.911281,0.089961,1.317910,0.086290,-0.166985,0.184468,0.709961,-0.509521,-0.245605,-0.099122,0.000898,0.013107,99713.0000,-0.046991,0.143686,-0.988507,-0.974312,-0.224789,0.013641,-0.220245,0.963755,0.150558,,,0.000000,,,,0.00,,,
63667,,,,,,,,,,,,,,-9.854115,0.206887,1.455138,-0.059003,-0.068489,0.150024,0.710205,-0.518555,-0.243408,-0.098553,0.002071,0.014471,,-0.047110,0.145338,-0.988260,-0.974338,-0.224691,0.013403,-0.220105,0.963530,0.152194,,,0.000000,,,,0.00,,,
63668,,,,,,,,,,,,,,-9.906709,0.106368,1.401125,0.055936,-0.121785,0.192280,0.712402,-0.516357,-0.237061,-0.099078,0.001070,0.013930,99719.0000,-0.047319,0.146958,-0.988010,-0.974355,-0.224625,0.013254,-0.219984,0.963300,0.153818,,,0.000000,,,,0.00,,,
63669,,,,,,,,,,,,,,-9.730118,0.178517,1.575973,-0.060631,0.040317,0.045580,0.708008,-0.516357,-0.245361,-0.097315,0.001795,0.015675,,-0.047301,0.148636,-0.987760,-0.974417,-0.224377,0.012898,-0.219714,0.963100,0.155446,,,0.000000,,,,0.00,,,
63670,,,,,,,,,,,,,,-9.971660,0.141878,1.364064,0.033950,-0.208074,0.250629,0.703613,-0.516357,-0.245361,-0.099727,0.001434,0.013565,99715.0000,-0.047276,0.150204,-0.987524,-0.974489,-0.224083,0.012569,-0.219400,0.962925,0.156966,,,0.000000,,,,0.00,,,
63671,,,,,,,,,,,,,,-10.109574,0.250474,1.481791,-0.093142,-0.157117,0.406341,0.705811,-0.516357,-0.249756,-0.101107,0.002541,0.014734,,-0.046887,0.152006,-0.987267,-0.974520,-0.223989,0.011795,-0.219344,0.962665,0.158635,,,0.000000,,,,0.00,,,
63672,,,,,,,,,,,,,,-10.600075,0.154962,1.234617,0.071621,-0.467605,0.849679,0.707764,-0.509521,-0.251953,-0.106010,0.001607,0.012256,99711.0000,-0.046112,0.153934,-0.987005,-0.974703,-0.223246,0.010719,-0.218694,0.962531,0.160334,,,0.000000,,,,0.00,,,
63673,,,,,,,,,,,,,,-11.479876,0.474213,1.175944,-0.201678,-0.755383,1.710503,0.705566,-0.507324,-0.249756,-0.114804,0.004874,0.011658,,-0.044070,0.156343,-0.986719,-0.974980,-0.222138,0.008348,-0.217882,0.962399,0.162221,,,0.000000,,,,0.00,,,
63674,,,,,,,,,,,,,,-13.031562,0.970539,0.755180,-0.559455,-1.545315,3.173173,0.707764,-0.505127,-0.251953,-0.130303,0.009971,0.007413,99714.0000,-0.040405,0.159573,-0.986359,-0.975797,-0.218628,0.004603,-0.214911,0.962672,0.164545,,,0.000000,,,,0.00,,,
63675,,,,,,,,,,,,,,-12.298308,1.351208,0.780441,-1.031930,-1.542985,2.444415,0.709473,-0.496338,-0.256348,-0.122946,0.013991,0.007538,,-0.033545,0.165662,-0.985612,-0.976313,-0.216339,-0.003134,-0.213746,0.962161,0.168995,,,0.000000,,,,0.00,,,
63676,,,,,,,,,,,,,,-10.466877,0.324897,1.954129,-0.429641,0.030224,0.831222,0.713867,-0.491943,-0.258301,-0.104713,0.003796,0.019197,99717.0000,-0.024620,0.174302,-0.984384,-0.976741,-0.213999,-0.013463,-0.213004,0.961157,0.175517,,,0.000000,,,,0.00,,,
63677,,,,,,,,,,,,,,-13.372867,0.238184,1.181455,-0.185314,-1.277034,3.552208,0.711426,-0.487305,-0.262695,-0.133742,0.002726,0.011584,,-0.020262,0.178771,-0.983682,-0.976631,-0.214098,-0.018793,-0.213964,0.960314,0.178931,,,0.000000,,,,0.00,,,
63678,,,,,,,,,,,,,,-12.994611,2.275714,1.435265,-2.292604,-1.495216,3.172129,0.713379,-0.476318,-0.275391,-0.129938,0.023151,0.013780,99713.0000,-0.016220,0.188460,-0.981947,-0.976644,-0.213422,-0.024828,-0.214249,0.958610,0.187520,,,0.000000,,,,0.00,,,
63679,,,,,,,,,,,,,,-12.755087,0.558831,1.370040,-0.679838,-1.285463,2.945227,0.704590,-0.478516,-0.283936,-0.127587,0.006209,0.013078,,-0.009293,0.199720,-0.979809,-0.975576,-0.216866,-0.034952,-0.219468,0.955553,0.196858,,,0.000000,,,,0.00,,,
63680,,,,,,,,,,,,,,-12.318686,0.209460,1.227036,-0.395509,-1.407886,2.481971,0.710938,-0.467285,-0.294678,-0.123239,0.002614,0.011618,99714.0000,-0.003670,0.211557,-0.977359,-0.974886,-0.218391,-0.043612,-0.222673,0.952654,0.207045,,,0.000000,,,,0.00,,,
63681,,,,,,,,,,,,,,-13.742800,0.759583,1.304094,-1.015187,-1.922192,3.840648,0.710449,-0.458496,-0.305420,-0.137464,0.008188,0.012263,,0.001437,0.224137,-0.974557,-0.973830,-0.221177,-0.052304,-0.227273,0.949128,0.217954,,,0.000000,,,,0.00,,,
63682,,,,,,,,,,,,,,-13.816002,1.360960,1.246493,-1.670304,-2.323648,3.828935,0.699219,-0.447266,-0.318359,-0.138177,0.014270,0.011474,99710.0000,0.007218,0.239365,-0.970903,-0.972765,-0.223272,-0.062277,-0.231682,0.944910,0.231235,,,0.000000,,,,0.00,,,
63683,,,,,,,,,,,,,,-13.175673,0.684066,1.356018,-1.119587,-2.149161,3.226749,0.698730,-0.434082,-0.335449,-0.131818,0.007613,0.012490,,0.013782,0.257090,-0.966289,-0.970882,-0.227704,-0.074430,-0.239163,0.939178,0.246466,,,0.000000,,,,0.00,,,
