// Start Time: Unknown
// Update Rate: 100.0Hz
// Filter Profile: human (46.1)
// Firmware Version: 4.6.0
PacketCounter,SampleTimeFine,Year,Month,Day,Second,UTC_Nano,UTC_Year,UTC_Month,UTC_Day,UTC_Hour,UTC_Minute,UTC_Second,UTC_Valid,Acc_X,Acc_Y,Acc_Z,FreeAcc_X,FreeAcc_Y,FreeAcc_Z,Mag_X,Mag_Y,Mag_Z,VelInc_X,VelInc_Y,VelInc_Z,Pressure,Mat[1][1],Mat[2][1],Mat[3][1],Mat[1][2],Mat[2][2],Mat[3][2],Mat[1][3],Mat[2][3],Mat[3][3],Latitude,Longitude,Altitude,Vel_X,Vel_Y,Vel_Z,Temperature,GyrTemp_X,GyrTemp_Y,GyrTemp_Z
40031,,,,,,,,,,,,,,-9.432922,-1.965006,-1.501063,0.000000,-0.000000,-0.061049,0.856445,-0.081055,0.400391,-0.094319,-0.019639,-0.015087,,0.025095,-0.252717,-0.967215,-0.682015,0.703062,-0.201394,0.730908,0.664709,-0.154714,,,0.000000,,,,0.00,,,
40032,,,,,,,,,,,,,,-9.433888,-1.611881,-1.974039,-0.319621,-0.102550,-0.046392,0.860352,-0.074707,0.406738,-0.094325,-0.016086,-0.019833,99936.0000,-0.004183,-0.247645,-0.968842,-0.675095,0.715445,-0.179959,0.737719,0.653308,-0.170177,,,0.000000,,,,0.00,,,
40033,,,,,,,,,,,,,,-9.426181,-1.583943,-1.848309,-0.267306,-0.013173,-0.080970,0.856201,-0.074707,0.408936,-0.094241,-0.015803,-0.018619,,-0.003166,-0.246117,-0.969235,-0.670362,0.719728,-0.180570,0.742027,0.649167,-0.167266,,,0.000000,,,,0.00,,,
40034,,,,,,,,,,,,,,-9.528374,-1.856459,-1.446790,0.186377,0.061436,0.000107,0.856201,-0.070557,0.395752,-0.095262,-0.018539,-0.014645,99941.0000,-0.001912,-0.244399,-0.969673,-0.664759,0.724713,-0.181348,0.747056,0.644252,-0.163852,,,0.000000,,,,0.00,,,
40035,,,,,,,,,,,,,,-9.463399,-1.807249,-1.538611,0.050016,-0.000627,-0.056320,0.856201,-0.072754,0.402344,-0.094604,-0.018030,-0.015616,,-0.000040,-0.241958,-0.970287,-0.657683,0.730918,-0.182240,0.753295,0.638134,-0.159161,,,0.000000,,,,0.00,,,
40036,,,,,,,,,,,,,,-9.452514,-2.758887,-0.751656,1.232615,-0.223719,-0.016927,0.862305,-0.066406,0.397705,-0.094505,-0.027598,-0.007737,99941.0000,0.001087,-0.239960,-0.970782,-0.651411,0.736387,-0.182752,0.758724,0.632577,-0.155512,,,0.000000,,,,0.00,,,
40037,,,,,,,,,,,,,,-9.493859,-2.553655,-1.287452,0.659411,-0.427523,0.071355,0.866455,-0.062012,0.395508,-0.094919,-0.025507,-0.013072,,0.002332,-0.238339,-0.971179,-0.645367,0.741500,-0.183522,0.763869,0.627195,-0.152087,,,0.000000,,,,0.00,,,
40038,,,,,,,,,,,,,,-9.476984,-2.695324,-1.270314,0.731494,-0.546234,0.079639,0.864258,-0.062256,0.397705,-0.094750,-0.026937,-0.012882,99936.0000,0.003276,-0.236885,-0.971532,-0.639693,0.746254,-0.184113,0.768623,0.622086,-0.149089,,,0.000000,,,,0.00,,,
40039,,,,,,,,,,,,,,-9.418509,-2.789451,-1.173875,0.838510,-0.589318,0.026868,0.862061,-0.060059,0.395508,-0.094171,-0.027878,-0.011891,,0.004085,-0.235705,-0.971816,-0.634926,0.750189,-0.184621,0.772562,0.617785,-0.146591,,,0.000000,,,,0.00,,,
40040,,,,,,,,,,,,,,-9.394233,-2.732536,-1.113542,0.823164,-0.529223,-0.014698,0.868408,-0.057861,0.395508,-0.093932,-0.027307,-0.011270,99944.0000,0.005116,-0.234861,-0.972016,-0.630807,0.753471,-0.185375,0.775923,0.614103,-0.144297,,,0.000000,,,,0.00,,,
40041,,,,,,,,,,,,,,-9.388192,-2.699873,-1.127647,0.769303,-0.527758,-0.023477,0.864258,-0.060059,0.404053,-0.093874,-0.026976,-0.011397,,0.006072,-0.234029,-0.972211,-0.627307,0.756244,-0.185959,0.778748,0.611004,-0.142216,,,0.000000,,,,0.00,,,
40042,,,,,,,,,,,,,,-9.352688,-2.800352,-1.082360,0.845777,-0.593242,-0.044426,0.866211,-0.053711,0.393066,-0.093519,-0.027991,-0.010924,99944.0000,0.007083,-0.233495,-0.972332,-0.624473,0.758410,-0.186673,0.781014,0.608518,-0.140439,,,0.000000,,,,0.00,,,
40043,,,,,,,,,,,,,,-9.342288,-2.836449,-1.124700,0.821367,-0.657758,-0.041227,0.870361,-0.051514,0.395264,-0.093417,-0.028358,-0.011311,,0.007581,-0.232959,-0.972457,-0.622858,0.759695,-0.186846,0.782298,0.607119,-0.139341,,,0.000000,,,,0.00,,,
40044,,,,,,,,,,,,,,-9.376203,-2.880201,-1.116270,0.843443,-0.680747,-0.000451,0.866211,-0.055908,0.386719,-0.093757,-0.028807,-0.011196,99943.0000,0.008223,-0.232845,-0.972479,-0.622195,0.760135,-0.187264,0.782819,0.606611,-0.138625,,,0.000000,,,,0.00,,,
40045,,,,,,,,,,,,,,-9.376337,-2.794385,-1.242073,0.687841,-0.695701,0.001074,0.866211,-0.055908,0.390869,-0.093760,-0.027946,-0.012440,,0.008500,-0.232573,-0.972542,-0.622144,0.760186,-0.187228,0.782857,0.606652,-0.138232,,,0.000000,,,,0.00,,,
40046,,,,,,,,,,,,,,-9.354048,-2.770857,-1.228106,0.676863,-0.673118,-0.026326,0.864014,-0.053711,0.393066,-0.093540,-0.027706,-0.012292,99941.0000,0.009376,-0.232761,-0.972489,-0.622426,0.759800,-0.187856,0.782623,0.607063,-0.137753,,,0.000000,,,,0.00,,,
40047,,,,,,,,,,,,,,-9.353112,-2.733734,-1.147098,0.715259,-0.596201,-0.045252,0.864014,-0.051514,0.393066,-0.093532,-0.027331,-0.011476,,0.009832,-0.232724,-0.972493,-0.623127,0.759195,-0.187980,0.782059,0.607835,-0.137552,,,0.000000,,,,0.00,,,
40048,,,,,,,,,,,,,,-9.336027,-2.694426,-1.105208,0.715401,-0.539083,-0.074084,0.862061,-0.055908,0.393066,-0.093361,-0.026936,-0.011062,99945.0000,0.011006,-0.233200,-0.972366,-0.623736,0.758452,-0.188958,0.781558,0.608579,-0.137108,,,0.000000,,,,0.00,,,
40049,,,,,,,,,,,,,,-9.338055,-2.680032,-1.134019,0.681482,-0.544553,-0.070671,0.870361,-0.051514,0.390869,-0.093383,-0.026789,-0.011345,,0.011534,-0.233239,-0.972351,-0.624508,0.757762,-0.189173,0.780933,0.609423,-0.136920,,,0.000000,,,,0.00,,,
40050,,,,,,,,,,,,,,-9.387114,-2.589348,-1.177969,0.581046,-0.482884,-0.033145,0.870361,-0.055664,0.391113,-0.093876,-0.025878,-0.011774,99941.0000,0.012683,-0.234078,-0.972135,-0.625188,0.756892,-0.190407,0.780371,0.610182,-0.136743,,,0.000000,,,,0.00,,,
40051,,,,,,,,,,,,,,-9.420283,-2.582262,-1.131216,0.611373,-0.437673,-0.008396,0.864014,-0.053711,0.386475,-0.094209,-0.025803,-0.011306,,0.013153,-0.234388,-0.972054,-0.626009,0.756116,-0.190791,0.779705,0.611024,-0.136784,,,0.000000,,,,0.00,,,
40052,,,,,,,,,,,,,,-9.451438,-2.522491,-1.094939,0.591713,-0.352501,0.006536,0.868408,-0.055908,0.386719,-0.094521,-0.025202,-0.010943,99942.0000,0.014548,-0.235356,-0.971800,-0.626839,0.755059,-0.192248,0.779013,0.611959,-0.136546,,,0.000000,,,,0.00,,,
40053,,,,,,,,,,,,,,-9.485067,-2.446685,-1.088547,0.546468,-0.279049,0.024039,0.868164,-0.053711,0.395264,-0.094857,-0.024443,-0.010882,,0.015184,-0.235672,-0.971714,-0.627910,0.754054,-0.192695,0.778138,0.613075,-0.136531,,,0.000000,,,,0.00,,,
40054,,,,,,,,,,,,,,-9.498031,-2.400685,-1.060026,0.527851,-0.213180,0.024765,0.864014,-0.053711,0.393066,-0.094986,-0.023986,-0.010601,99944.0000,0.016785,-0.236567,-0.971470,-0.628919,0.752828,-0.194191,0.777290,0.614236,-0.136145,,,0.000000,,,,0.00,,,
40055,,,,,,,,,,,,,,-9.507860,-2.354937,-1.090406,0.472204,-0.191862,0.029788,0.870361,-0.051514,0.390869,-0.095084,-0.023527,-0.010908,,0.017538,-0.236764,-0.971409,-0.630069,0.751759,-0.194603,0.776341,0.615468,-0.135993,,,0.000000,,,,0.00,,,
40056,,,,,,,,,,,,,,-9.481873,-2.351943,-1.047917,0.490544,-0.159842,-0.000985,0.870361,-0.053711,0.390869,-0.094822,-0.023501,-0.010487,99945.0000,0.019309,-0.237554,-0.971182,-0.631146,0.750463,-0.196114,0.775424,0.616744,-0.135441,,,0.000000,,,,0.00,,,
40057,,,,,,,,,,,,,,-9.462732,-2.368977,-1.055418,0.492383,-0.179740,-0.015009,0.866211,-0.053711,0.386475,-0.094631,-0.023671,-0.010561,,0.020109,-0.237647,-0.971143,-0.632445,0.749280,-0.196451,0.774344,0.618145,-0.135231,,,0.000000,,,,0.00,,,
40058,,,,,,,,,,,,,,-9.472902,-2.322687,-1.084735,0.426198,-0.151541,-0.009484,0.865967,-0.049561,0.384277,-0.094733,-0.023206,-0.010854,99943.0000,0.022020,-0.238445,-0.970906,-0.633668,0.747829,-0.198031,0.773292,0.619593,-0.134628,,,0.000000,,,,0.00,,,
40059,,,,,,,,,,,,,,-9.466261,-2.343407,-1.113158,0.413990,-0.183793,-0.007811,0.866455,-0.057861,0.388916,-0.094667,-0.023414,-0.011138,,0.022874,-0.238555,-0.970860,-0.635091,0.746525,-0.198395,0.772099,0.621122,-0.134428,,,0.000000,,,,0.00,,,
40060,,,,,,,,,,,,,,-9.505671,-2.341167,-1.204758,0.327269,-0.219703,0.043017,0.872803,-0.064209,0.391357,-0.095063,-0.023387,-0.012045,99943.0000,0.024759,-0.239499,-0.970581,-0.636447,0.744926,-0.200052,0.770923,0.622676,-0.133985,,,0.000000,,,,0.00,,,
40061,,,,,,,,,,,,,,-9.490365,-2.413855,-1.145389,0.416871,-0.235549,0.034971,0.876709,-0.055664,0.391113,-0.094912,-0.024108,-0.011447,,0.025623,-0.239918,-0.970455,-0.638017,0.743424,-0.200637,0.769595,0.624308,-0.134023,,,0.000000,,,,0.00,,,
40062,,,,,,,,,,,,,,-9.494748,-2.296694,-1.075701,0.380248,-0.091162,0.007154,0.878906,-0.055664,0.386719,-0.094956,-0.022933,-0.010757,99943.0000,0.027796,-0.241013,-0.970124,-0.639413,0.741695,-0.202583,0.768361,0.625941,-0.133491,,,0.000000,,,,0.00,,,
40063,,,,,,,,,,,,,,-9.493055,-2.303612,-1.075852,0.380249,-0.091162,0.007153,0.872803,-0.057861,0.386719,-0.094939,-0.023001,-0.010758,,0.028817,-0.241428,-0.969991,-0.641055,0.740093,-0.203252,0.766954,0.627675,-0.133441,,,0.000000,,,,0.00,,,
40064,,,,,,,,,,,,,,-9.481496,-2.290086,-1.085558,0.347774,-0.077320,-0.004794,0.872559,-0.053711,0.386475,-0.094823,-0.022868,-0.010852,99944.0000,0.031077,-0.242514,-0.969650,-0.642612,0.738196,-0.205222,0.765561,0.629486,-0.132901,,,0.000000,,,,0.00,,,
40065,,,,,,,,,,,,,,-9.518230,-2.199899,-1.106614,0.268439,-0.009291,0.015268,0.870361,-0.053711,0.384277,-0.095191,-0.021963,-0.011065,,0.032121,-0.242955,-0.969506,-0.644325,0.736509,-0.205914,0.764077,0.631290,-0.132885,,,0.000000,,,,0.00,,,
40066,,,,,,,,,,,,,,-9.476612,-2.232200,-1.185688,0.214818,-0.080749,-0.007481,0.868164,-0.051514,0.384277,-0.094775,-0.022287,-0.011850,99941.0000,0.034170,-0.244082,-0.969153,-0.645694,0.734773,-0.207818,0.762831,0.632877,-0.132495,,,0.000000,,,,0.00,,,
40067,,,,,,,,,,,,,,-9.502921,-2.228077,-1.258629,0.152608,-0.110837,0.026947,0.870605,-0.057861,0.380127,-0.095038,-0.022248,-0.012574,,0.034914,-0.244646,-0.968984,-0.647091,0.733358,-0.208472,0.761613,0.634299,-0.132703,,,0.000000,,,,0.00,,,
40068,,,,,,,,,,,,,,-9.544774,-2.227654,-1.293812,0.112276,-0.110229,0.072369,0.874512,-0.051514,0.384277,-0.095458,-0.022246,-0.012918,99936.0000,0.036541,-0.245795,-0.968633,-0.648409,0.731716,-0.210137,0.760415,0.635749,-0.132638,,,0.000000,,,,0.00,,,
40069,,,,,,,,,,,,,,-9.600167,-2.283792,-1.342398,0.109445,-0.160783,0.144376,0.866211,-0.053711,0.379883,-0.096012,-0.022810,-0.013397,,0.036976,-0.246500,-0.968437,-0.649728,0.730379,-0.210713,0.759267,0.637012,-0.133151,,,0.000000,,,,0.00,,,
40070,,,,,,,,,,,,,,-9.610710,-2.292158,-1.368991,0.085124,-0.167457,0.160205,0.870605,-0.053711,0.375732,-0.096117,-0.022897,-0.013658,99939.0000,0.038307,-0.247752,-0.968066,-0.650924,0.728856,-0.212290,0.758175,0.638270,-0.133347,,,0.000000,,,,0.00,,,
40071,,,,,,,,,,,,,,-9.622270,-2.174634,-1.443325,-0.046087,-0.118052,0.156476,0.870605,-0.055664,0.386719,-0.096233,-0.021724,-0.014397,,0.038514,-0.248515,-0.967862,-0.652252,0.727530,-0.212761,0.757023,0.639484,-0.134075,,,0.000000,,,,0.00,,,
40072,,,,,,,,,,,,,,-9.547259,-2.143197,-1.357380,-0.004486,-0.044519,0.065770,0.872803,-0.055664,0.380127,-0.095484,-0.021412,-0.013526,99939.0000,0.039553,-0.249895,-0.967465,-0.653758,0.725757,-0.214189,0.755669,0.640960,-0.134665,,,0.000000,,,,0.00,,,
40073,,,,,,,,,,,,,,-9.529452,-2.181533,-1.227989,0.123723,0.016489,0.039313,0.876953,-0.057861,0.382324,-0.095307,-0.021791,-0.012227,,0.039637,-0.250857,-0.967212,-0.655479,0.724065,-0.214656,0.754173,0.642496,-0.135731,,,0.000000,,,,0.00,,,
40074,,,,,,,,,,,,,,-9.470697,-2.190257,-1.185748,0.157668,0.038842,-0.021316,0.876953,-0.055664,0.382324,-0.094719,-0.021878,-0.011807,99941.0000,0.040904,-0.252298,-0.966785,-0.657263,0.721979,-0.216220,0.752550,0.644276,-0.136294,,,0.000000,,,,0.00,,,
40075,,,,,,,,,,,,,,-9.330396,-2.157318,-1.226704,0.114967,0.010665,-0.158581,0.872803,-0.057861,0.384521,-0.093314,-0.021553,-0.012224,,0.041106,-0.253080,-0.966572,-0.658981,0.720291,-0.216620,0.751036,0.645857,-0.137167,,,0.000000,,,,0.00,,,
40076,,,,,,,,,,,,,,-9.211202,-2.272930,-1.232650,0.184950,-0.093272,-0.247701,0.872559,-0.055664,0.384521,-0.092121,-0.022711,-0.012290,99947.0000,0.042439,-0.254225,-0.966214,-0.660521,0.718448,-0.218046,0.749607,0.647458,-0.137431,,,0.000000,,,,0.00,,,
40077,,,,,,,,,,,,,,-9.142178,-2.379518,-1.408965,0.128124,-0.294563,-0.266824,0.870850,-0.064209,0.382568,-0.091430,-0.023777,-0.014066,,0.042798,-0.254755,-0.966058,-0.661721,0.717221,-0.218450,0.748528,0.648610,-0.137881,,,0.000000,,,,0.00,,,
40078,,,,,,,,,,,,,,-9.190573,-2.381123,-1.325182,0.181913,-0.219553,-0.230872,0.866455,-0.055908,0.377930,-0.091913,-0.023792,-0.013240,99939.0000,0.044184,-0.255528,-0.965792,-0.662775,0.715857,-0.219722,0.747514,0.649811,-0.137728,,,0.000000,,,,0.00,,,
40079,,,,,,,,,,,,,,-9.232734,-2.343771,-1.277295,0.189981,-0.147329,-0.204861,0.868652,-0.055664,0.373535,-0.092331,-0.023424,-0.012770,,0.044805,-0.255665,-0.965727,-0.664017,0.714621,-0.219995,0.746374,0.651116,-0.137747,,,0.000000,,,,0.00,,,
40080,,,,,,,,,,,,,,-9.291033,-2.557582,-1.299507,0.305427,-0.294416,-0.098097,0.872803,-0.060059,0.382568,-0.092911,-0.025571,-0.012998,99943.0000,0.046288,-0.255876,-0.965601,-0.665738,0.712772,-0.220792,0.744749,0.653057,-0.137354,,,0.000000,,,,0.00,,,
40081,,,,,,,,,,,,,,-9.449025,-2.705490,-1.412603,0.310201,-0.433198,0.102720,0.873047,-0.062012,0.375977,-0.094491,-0.027045,-0.014138,,0.047189,-0.255705,-0.965602,-0.667084,0.711447,-0.221002,0.743486,0.654567,-0.137004,,,0.000000,,,,0.00,,,
40082,,,,,,,,,,,,,,-9.529098,-2.621805,-1.429890,0.225477,-0.359494,0.164390,0.876953,-0.057861,0.380127,-0.095293,-0.026202,-0.014313,99941.0000,0.049103,-0.256061,-0.965413,-0.668406,0.709812,-0.222263,0.742174,0.656201,-0.136298,,,0.000000,,,,0.00,,,
40083,,,,,,,,,,,,,,-9.555174,-2.471052,-1.431176,0.118435,-0.245866,0.156326,0.872803,-0.060059,0.378174,-0.095554,-0.024694,-0.014322,,0.049968,-0.256054,-0.965370,-0.669587,0.708590,-0.222604,0.741050,0.657523,-0.136044,,,0.000000,,,,0.00,,,
40084,,,,,,,,,,,,,,-9.534924,-2.378452,-1.454510,0.028401,-0.193480,0.119541,0.875000,-0.057861,0.377930,-0.095353,-0.023769,-0.014543,99944.0000,0.051590,-0.256724,-0.965107,-0.670808,0.707017,-0.223928,0.739835,0.658954,-0.135738,,,0.000000,,,,0.00,,,
40085,,,,,,,,,,,,,,-9.445502,-2.287381,-1.406266,0.006380,-0.117521,0.006343,0.870850,-0.060059,0.375977,-0.094459,-0.022861,-0.014055,,0.052088,-0.256925,-0.965027,-0.671928,0.705867,-0.224195,0.738782,0.660106,-0.135868,,,0.000000,,,,0.00,,,
40086,,,,,,,,,,,,,,-9.387944,-2.239862,-1.362044,0.002464,-0.062451,-0.065805,0.879150,-0.057861,0.378174,-0.093882,-0.022391,-0.013616,99944.0000,0.053353,-0.257464,-0.964814,-0.673143,0.704391,-0.225193,0.737585,0.661472,-0.135729,,,0.000000,,,,0.00,,,
40087,,,,,,,,,,,,,,-9.250622,-2.310335,-1.380325,0.043639,-0.157997,-0.179927,0.876953,-0.055664,0.375732,-0.092508,-0.023099,-0.013798,,0.053760,-0.257515,-0.964778,-0.674241,0.703307,-0.225295,0.736552,0.662604,-0.135817,,,0.000000,,,,0.00,,,
40088,,,,,,,,,,,,,,-9.244431,-2.325793,-1.411465,0.022694,-0.184556,-0.178037,0.879150,-0.057861,0.378174,-0.092445,-0.023257,-0.014114,99939.0000,0.055164,-0.258000,-0.964569,-0.675319,0.701926,-0.226371,0.735460,0.663879,-0.135512,,,0.000000,,,,0.00,,,
40089,,,,,,,,,,,,,,-9.217404,-2.403867,-1.504596,0.008197,-0.308173,-0.173814,0.868652,-0.060059,0.375977,-0.092174,-0.024038,-0.015047,,0.055648,-0.257896,-0.964569,-0.676399,0.700872,-0.226415,0.734430,0.665033,-0.135438,,,0.000000,,,,0.00,,,
40090,,,,,,,,,,,,,,-9.202266,-2.452435,-1.536367,0.011966,-0.362463,-0.172924,0.870850,-0.064209,0.380371,-0.092023,-0.024520,-0.015366,99941.0000,0.056859,-0.258291,-0.964392,-0.677454,0.699563,-0.227304,0.733364,0.666256,-0.135204,,,0.000000,,,,0.00,,,
40091,,,,,,,,,,,,,,-9.187370,-2.479654,-1.656648,-0.058319,-0.464961,-0.164820,0.881348,-0.059814,0.375977,-0.091876,-0.024788,-0.016570,,0.057371,-0.258319,-0.964355,-0.678172,0.698794,-0.227530,0.732660,0.667052,-0.135095,,,0.000000,,,,0.00,,,
40092,,,,,,,,,,,,,,-9.220490,-2.367694,-1.618739,-0.117918,-0.347500,-0.163384,0.876953,-0.057861,0.378174,-0.092206,-0.023660,-0.016207,99941.0000,0.058687,-0.258770,-0.964155,-0.678359,0.698233,-0.228690,0.732383,0.667464,-0.134562,,,0.000000,,,,0.00,,,
40093,,,,,,,,,,,,,,-9.253992,-2.571534,-1.370147,0.196379,-0.315069,-0.117914,0.872803,-0.055664,0.375732,-0.092542,-0.025703,-0.013710,,0.059178,-0.258779,-0.964122,-0.678748,0.697770,-0.228949,0.731983,0.667945,-0.134353,,,0.000000,,,,0.00,,,
40094,,,,,,,,,,,,,,-9.234260,-2.554381,-1.295364,0.231736,-0.252596,-0.150551,0.877197,-0.064209,0.376221,-0.092343,-0.025531,-0.012972,99939.0000,0.060364,-0.259212,-0.963932,-0.679073,0.697113,-0.229986,0.731585,0.668463,-0.133943,,,0.000000,,,,0.00,,,
40095,,,,,,,,,,,,,,-9.314483,-2.677314,-1.114694,0.439768,-0.196803,-0.069073,0.881348,-0.057861,0.371582,-0.093146,-0.026767,-0.011149,,0.060995,-0.259074,-0.963930,-0.680323,0.695864,-0.230075,0.730370,0.669817,-0.133809,,,0.000000,,,,0.00,,,
40096,,,,,,,,,,,,,,-9.334397,-2.545648,-1.375733,0.148966,-0.268029,-0.044888,0.877441,-0.066162,0.376221,-0.093347,-0.025440,-0.013765,99941.0000,0.062815,-0.259580,-0.963676,-0.681954,0.693842,-0.231348,0.728693,0.671715,-0.133439,,,0.000000,,,,0.00,,,
40097,,,,,,,,,,,,,,-9.327418,-2.455754,-1.416880,0.053716,-0.233707,-0.066842,0.879150,-0.060059,0.378174,-0.093278,-0.024535,-0.014183,,0.063930,-0.259574,-0.963605,-0.683267,0.692383,-0.231844,0.727364,0.673221,-0.133095,,,0.000000,,,,0.00,,,
40098,,,,,,,,,,,,,,-9.279278,-2.431621,-1.359927,0.071187,-0.185158,-0.126211,0.883545,-0.057861,0.371582,-0.092795,-0.024300,-0.013615,99943.0000,0.065598,-0.259940,-0.963394,-0.684648,0.690641,-0.232965,0.725916,0.674868,-0.132663,,,0.000000,,,,0.00,,,
40099,,,,,,,,,,,,,,-9.288382,-2.509967,-1.342475,0.132407,-0.225168,-0.101458,0.875244,-0.066162,0.371826,-0.092885,-0.025085,-0.013442,,0.066707,-0.259724,-0.963376,-0.686161,0.689033,-0.233274,0.724385,0.676592,-0.132249,,,0.000000,,,,0.00,,,
40100,,,,,,,,,,,,,,-9.319670,-2.557015,-1.342976,0.151767,-0.245344,-0.059999,0.877197,-0.060059,0.364990,-0.093197,-0.025558,-0.013453,99944.0000,0.068604,-0.259857,-0.963207,-0.687891,0.686949,-0.234322,0.722564,0.678657,-0.131626,,,0.000000,,,,0.00,,,
40101,,,,,,,,,,,,,,-9.290561,-2.574059,-1.268130,0.214266,-0.215293,-0.093829,0.881592,-0.066162,0.365234,-0.092906,-0.025726,-0.012705,,0.069885,-0.259487,-0.963215,-0.689545,0.685188,-0.234617,0.720864,0.680576,-0.131043,,,0.000000,,,,0.00,,,
40102,,,,,,,,,,,,,,-9.341821,-2.531216,-1.351320,0.110239,-0.226036,-0.043374,0.881592,-0.062012,0.363037,-0.093418,-0.025300,-0.013541,99941.0000,0.071913,-0.259487,-0.963065,-0.691527,0.682842,-0.235621,0.718762,0.682930,-0.130337,,,0.000000,,,,0.00,,,
40103,,,,,,,,,,,,,,-9.426967,-2.483355,-1.384116,0.040944,-0.196060,0.031621,0.881592,-0.062012,0.363037,-0.094269,-0.024817,-0.013875,,0.073266,-0.259058,-0.963079,-0.692928,0.681298,-0.235976,0.717275,0.684633,-0.129593,,,0.000000,,,,0.00,,,
40104,,,,,,,,,,,,,,-9.470433,-2.394070,-1.329099,0.001082,-0.085115,0.045300,0.881592,-0.062012,0.363037,-0.094700,-0.023926,-0.013345,99947.0000,0.075416,-0.258844,-0.962971,-0.694154,0.679672,-0.237057,0.715865,0.686328,-0.128419,,,0.000000,,,,0.00,,,
40105,,,,,,,,,,,,,,-9.491986,-2.335922,-1.252866,0.003144,0.006077,0.042460,0.883789,-0.064209,0.363037,-0.094916,-0.023343,-0.012592,,0.076816,-0.258097,-0.963060,-0.694668,0.679031,-0.237386,0.715217,0.687243,-0.127131,,,0.000000,,,,0.00,,,
40106,,,,,,,,,,,,,,-9.523130,-2.244066,-1.172315,-0.021884,0.128700,0.040388,0.879639,-0.068359,0.363281,-0.095224,-0.022432,-0.011794,99941.0000,0.078743,-0.257573,-0.963045,-0.695160,0.678229,-0.238237,0.714529,0.688230,-0.125649,,,0.000000,,,,0.00,,,
40107,,,,,,,,,,,,,,-9.539580,-2.197970,-1.124413,-0.031870,0.187566,0.039356,0.881836,-0.068359,0.356689,-0.095388,-0.021978,-0.011316,,0.079963,-0.256525,-0.963224,-0.695471,0.677898,-0.238272,0.714091,0.688948,-0.124199,,,0.000000,,,,0.00,,,
40108,,,,,,,,,,,,,,-9.548624,-2.214273,-1.162125,-0.061228,0.145543,0.056701,0.885742,-0.062012,0.360840,-0.095478,-0.022143,-0.011689,99938.0000,0.081522,-0.255720,-0.963307,-0.696096,0.677121,-0.238658,0.713305,0.690010,-0.122806,,,0.000000,,,,0.00,,,
40109,,,,,,,,,,,,,,-9.517246,-2.164611,-1.204324,-0.132237,0.132763,0.019850,0.887939,-0.059814,0.358643,-0.095165,-0.021647,-0.012102,,0.082493,-0.254821,-0.963463,-0.696361,0.676854,-0.238641,0.712935,0.690604,-0.121612,,,0.000000,,,,0.00,,,
40110,,,,,,,,,,,,,,-9.492818,-2.105809,-1.157739,-0.150281,0.194668,-0.023515,0.887939,-0.062012,0.354248,-0.094921,-0.021061,-0.011627,99941.0000,0.083827,-0.254434,-0.963450,-0.696674,0.676326,-0.239224,0.712474,0.691264,-0.120563,,,0.000000,,,,0.00,,,
40111,,,,,,,,,,,,,,-9.458494,-2.134779,-1.109689,-0.099765,0.192423,-0.055392,0.881836,-0.066162,0.352295,-0.094580,-0.021345,-0.011144,,0.084627,-0.253749,-0.963561,-0.696800,0.676181,-0.239267,0.712256,0.691657,-0.119590,,,0.000000,,,,0.00,,,
40112,,,,,,,,,,,,,,-9.487308,-2.090593,-1.086446,-0.127626,0.241548,-0.041028,0.881592,-0.062012,0.352051,-0.094868,-0.020900,-0.010917,99941.0000,0.085937,-0.253287,-0.963567,-0.696952,0.675832,-0.239810,0.711950,0.692168,-0.118450,,,0.000000,,,,0.00,,,
40113,,,,,,,,,,,,,,-9.465980,-2.068686,-1.063458,-0.133033,0.260206,-0.069497,0.881592,-0.062012,0.354248,-0.094656,-0.020679,-0.010687,,0.086760,-0.252641,-0.963662,-0.696708,0.676031,-0.239959,0.712089,0.692210,-0.117364,,,0.000000,,,,0.00,,,
40114,,,,,,,,,,,,,,-9.433347,-2.183595,-1.092472,-0.080523,0.149714,-0.069962,0.887939,-0.062012,0.354248,-0.094330,-0.021828,-0.010974,99947.0000,0.087731,-0.252217,-0.963686,-0.696541,0.676063,-0.240351,0.712133,0.692333,-0.116368,,,0.000000,,,,0.00,,,
40115,,,,,,,,,,,,,,-9.404400,-2.333952,-1.145283,-0.018858,-0.001428,-0.055568,0.885742,-0.057861,0.354248,-0.094041,-0.023330,-0.011498,,0.088336,-0.251757,-0.963751,-0.695893,0.676661,-0.240546,0.712692,0.691916,-0.115422,,,0.000000,,,,0.00,,,
40116,,,,,,,,,,,,,,-9.358665,-2.393039,-1.160560,0.004961,-0.065736,-0.083669,0.890137,-0.059814,0.347656,-0.093584,-0.023919,-0.011647,99943.0000,0.089104,-0.251663,-0.963704,-0.694988,0.677376,-0.241149,0.713478,0.691251,-0.114545,,,0.000000,,,,0.00,,,
40117,,,,,,,,,,,,,,-9.321499,-2.527746,-1.163809,0.092878,-0.172280,-0.086640,0.883789,-0.059814,0.352051,-0.093214,-0.025267,-0.011669,,0.089399,-0.251474,-0.963726,-0.694110,0.678202,-0.241358,0.714296,0.690509,-0.113920,,,0.000000,,,,0.00,,,
40118,,,,,,,,,,,,,,-9.285570,-2.612845,-1.114812,0.182251,-0.205462,-0.106188,0.881348,-0.055664,0.351807,-0.092856,-0.026120,-0.011169,99951.0000,0.089940,-0.251567,-0.963652,-0.693528,0.678610,-0.241883,0.714794,0.690074,-0.113434,,,0.000000,,,,0.00,,,
40119,,,,,,,,,,,,,,-9.266461,-2.735588,-1.109549,0.267846,-0.291891,-0.095440,0.883789,-0.057861,0.349854,-0.092665,-0.027343,-0.011122,,0.090200,-0.251494,-0.963647,-0.692646,0.679415,-0.242148,0.715615,0.689308,-0.112913,,,0.000000,,,,0.00,,,
40120,,,,,,,,,,,,,,-9.276063,-2.819492,-1.029095,0.373587,-0.291260,-0.074643,0.892090,-0.057861,0.356445,-0.092763,-0.028172,-0.010335,99941.0000,0.090904,-0.251598,-0.963553,-0.691441,0.680378,-0.242889,0.716691,0.688320,-0.112116,,,0.000000,,,,0.00,,,
40121,,,,,,,,,,,,,,-9.235608,-2.871887,-0.953373,0.458066,-0.287726,-0.109055,0.883545,-0.053467,0.347412,-0.092359,-0.028694,-0.009577,,0.091443,-0.251560,-0.963512,-0.690165,0.681481,-0.243426,0.717851,0.687242,-0.111301,,,0.000000,,,,0.00,,,
40122,,,,,,,,,,,,,,-9.246487,-2.929255,-1.019917,0.436228,-0.368269,-0.076550,0.887695,-0.055664,0.349854,-0.092471,-0.029263,-0.010233,99941.0000,0.092433,-0.251925,-0.963322,-0.689314,0.681963,-0.244486,0.718542,0.686630,-0.110620,,,0.000000,,,,0.00,,,
40123,,,,,,,,,,,,,,-9.182972,-2.958992,-0.935196,0.515365,-0.345985,-0.139431,0.885742,-0.057861,0.343262,-0.091837,-0.029562,-0.009373,,0.093103,-0.252063,-0.963222,-0.689043,0.682023,-0.245079,0.718715,0.686519,-0.110184,,,0.000000,,,,0.00,,,
40124,,,,,,,,,,,,,,-9.105305,-2.964013,-0.631212,0.735485,-0.155963,-0.245812,0.883789,-0.057861,0.349854,-0.091060,-0.029616,-0.006318,99941.0000,0.094199,-0.252376,-0.963033,-0.689649,0.681097,-0.245948,0.717991,0.687323,-0.109892,,,0.000000,,,,0.00,,,
40125,,,,,,,,,,,,,,-9.049183,-3.176243,-0.525616,0.959264,-0.239360,-0.258892,0.885498,-0.053467,0.351807,-0.090499,-0.031743,-0.005257,,0.094821,-0.252429,-0.962958,-0.690373,0.680237,-0.246297,0.717212,0.688155,-0.109770,,,0.000000,,,,0.00,,,
40126,,,,,,,,,,,,,,-9.097338,-3.456173,-0.636425,1.061850,-0.489307,-0.130498,0.887939,-0.055664,0.343262,-0.090980,-0.034541,-0.006379,99943.0000,0.095887,-0.252603,-0.962807,-0.690833,0.679489,-0.247072,0.716628,0.688830,-0.109352,,,0.000000,,,,0.00,,,
40127,,,,,,,,,,,,,,-9.151952,-3.560377,-0.728654,1.053959,-0.610297,-0.041191,0.894043,-0.053467,0.349854,-0.091528,-0.035571,-0.007336,,0.097037,-0.252423,-0.962739,-0.690473,0.679597,-0.247780,0.716820,0.688789,-0.108345,,,0.000000,,,,0.00,,,
40128,,,,,,,,,,,,,,-9.123051,-3.445096,-0.806701,0.901639,-0.592611,-0.087187,0.894287,-0.055664,0.343262,-0.091239,-0.034412,-0.008137,99939.0000,0.099047,-0.252429,-0.962533,-0.689685,0.679854,-0.249265,0.717303,0.688534,-0.106759,,,0.000000,,,,0.00,,,
40129,,,,,,,,,,,,,,-9.086806,-3.259951,-0.837893,0.739665,-0.500761,-0.163775,0.889648,-0.049316,0.343018,-0.090877,-0.032557,-0.008443,,0.100422,-0.252243,-0.962439,-0.688943,0.680272,-0.250175,0.717825,0.688189,-0.105467,,,0.000000,,,,0.00,,,
40130,,,,,,,,,,,,,,-9.077618,-3.078958,-0.911765,0.542611,-0.429952,-0.208774,0.894287,-0.055664,0.341064,-0.090782,-0.030757,-0.009170,99939.0000,0.102575,-0.252193,-0.962225,-0.689083,0.679612,-0.251579,0.717386,0.688859,-0.104071,,,0.000000,,,,0.00,,,
40131,,,,,,,,,,,,,,-9.123677,-2.908718,-1.009684,0.340595,-0.373569,-0.196762,0.887939,-0.055664,0.336670,-0.091235,-0.029077,-0.010137,,0.103821,-0.251498,-0.962273,-0.690104,0.678498,-0.251787,0.716224,0.690210,-0.103118,,,0.000000,,,,0.00,,,
40132,,,,,,,,,,,,,,-9.015986,-3.001061,-1.269806,0.219993,-0.645286,-0.250157,0.892090,-0.051514,0.338867,-0.090152,-0.030025,-0.012717,99945.0000,0.105518,-0.250779,-0.962276,-0.692242,0.676189,-0.252129,0.713909,0.692733,-0.102249,,,0.000000,,,,0.00,,,
40133,,,,,,,,,,,,,,-9.110000,-3.121410,-1.397584,0.203092,-0.797223,-0.116723,0.892090,-0.053467,0.338867,-0.091088,-0.031243,-0.013987,,0.106251,-0.249789,-0.962453,-0.694274,0.674284,-0.251644,0.711825,0.694943,-0.101779,,,0.000000,,,,0.00,,,
40134,,,,,,,,,,,,,,-9.229786,-3.168770,-1.371648,0.239790,-0.783282,0.007722,0.896484,-0.055664,0.338867,-0.092285,-0.031725,-0.013718,99943.0000,0.107537,-0.249101,-0.962489,-0.696697,0.671760,-0.251698,0.709259,0.697630,-0.101309,,,0.000000,,,,0.00,,,
40135,,,,,,,,,,,,,,-9.342368,-3.084157,-1.367671,0.179121,-0.700984,0.093821,0.885986,-0.057861,0.334473,-0.093410,-0.030891,-0.013656,,0.107831,-0.248149,-0.962702,-0.699570,0.669095,-0.250826,0.706381,0.700524,-0.101448,,,0.000000,,,,0.00,,,
40136,,,,,,,,,,,,,,-9.651753,-2.941127,-1.213593,0.161970,-0.420376,0.339968,0.892578,-0.062012,0.332520,-0.096504,-0.029474,-0.012094,99943.0000,0.108358,-0.247597,-0.962785,-0.703152,0.665532,-0.250290,0.702735,0.704105,-0.101982,,,0.000000,,,,0.00,,,
40137,,,,,,,,,,,,,,-9.840382,-2.711944,-1.003058,0.145211,-0.077079,0.442400,0.884033,-0.066162,0.336914,-0.098386,-0.027202,-0.009981,,0.107899,-0.246507,-0.963116,-0.707013,0.662044,-0.248656,0.698921,0.707766,-0.102850,,,0.000000,,,,0.00,,,
40138,,,,,,,,,,,,,,-10.054754,-2.513381,-1.065403,-0.045237,0.059153,0.605789,0.886475,-0.070312,0.332764,-0.100525,-0.025242,-0.010611,99939.0000,0.107779,-0.245257,-0.963448,-0.711717,0.657602,-0.247018,0.694149,0.712326,-0.103678,,,0.000000,,,,0.00,,,
40139,,,,,,,,,,,,,,-9.980656,-2.598948,-1.205506,-0.051237,-0.125061,0.570133,0.899170,-0.072510,0.326416,-0.099782,-0.026105,-0.012011,,0.107115,-0.243704,-0.963916,-0.716009,0.653743,-0.244851,0.689825,0.716400,-0.104469,,,0.000000,,,,0.00,,,
40140,,,,,,,,,,,,,,-9.967354,-2.526478,-1.289219,-0.141332,-0.148207,0.548361,0.895264,-0.074463,0.324219,-0.099651,-0.025378,-0.012844,99939.0000,0.107016,-0.242488,-0.964234,-0.720462,0.649422,-0.243279,0.685187,0.720729,-0.105205,,,0.000000,,,,0.00,,,
40141,,,,,,,,,,,,,,-9.731483,-2.662667,-1.066477,0.157831,-0.141444,0.330486,0.888916,-0.076660,0.324219,-0.097292,-0.026732,-0.010609,,0.106293,-0.241122,-0.964656,-0.724747,0.645424,-0.241185,0.680767,0.724768,-0.106149,,,0.000000,,,,0.00,,,
40142,,,,,,,,,,,,,,-9.529853,-2.830348,-1.290157,0.164634,-0.464004,0.199856,0.895508,-0.084961,0.324707,-0.095280,-0.028389,-0.012854,99941.0000,0.106889,-0.240014,-0.964867,-0.729410,0.640541,-0.240141,0.675674,0.729453,-0.106602,,,0.000000,,,,0.00,,,
40143,,,,,,,,,,,,,,-9.396971,-2.625721,-1.633217,-0.187169,-0.620766,0.058710,0.889404,-0.087158,0.324707,-0.093956,-0.026316,-0.016316,,0.107112,-0.239033,-0.965086,-0.732373,0.637512,-0.239183,0.672427,0.732421,-0.106776,,,0.000000,,,,0.00,,,
40144,,,,,,,,,,,,,,-9.232065,-2.475130,-1.665514,-0.296539,-0.592065,-0.133186,0.893555,-0.089355,0.320557,-0.092311,-0.024786,-0.016658,99945.0000,0.108027,-0.238345,-0.965154,-0.734718,0.634870,-0.239016,0.669716,0.734937,-0.106533,,,0.000000,,,,0.00,,,
40145,,,,,,,,,,,,,,-9.124568,-2.571329,-1.497448,-0.098604,-0.559539,-0.232029,0.897705,-0.089355,0.324951,-0.091241,-0.025727,-0.014979,,0.108417,-0.237869,-0.965228,-0.735871,0.633615,-0.238802,0.668386,0.736173,-0.106346,,,0.000000,,,,0.00,,,
40146,,,,,,,,,,,,,,-8.989824,-2.488700,-1.413380,-0.091937,-0.478900,-0.390882,0.897705,-0.083008,0.318115,-0.089894,-0.024893,-0.014153,99946.0000,0.109622,-0.237409,-0.965205,-0.737274,0.631850,-0.239150,0.666641,0.737836,-0.105771,,,0.000000,,,,0.00,,,
40147,,,,,,,,,,,,,,-8.858861,-2.613275,-1.284906,0.096910,-0.498754,-0.501326,0.891357,-0.085205,0.318115,-0.088583,-0.026134,-0.012883,,0.110453,-0.236661,-0.965294,-0.737990,0.631013,-0.239149,0.665710,0.738792,-0.104956,,,0.000000,,,,0.00,,,
40148,,,,,,,,,,,,,,-8.778168,-2.708254,-1.208833,0.216562,-0.526111,-0.564528,0.883301,-0.093506,0.316162,-0.087773,-0.027083,-0.012146,99941.0000,0.112286,-0.235707,-0.965315,-0.739002,0.629620,-0.239699,0.664280,0.740285,-0.103490,,,0.000000,,,,0.00,,,
40149,,,,,,,,,,,,,,-8.779328,-2.879754,-1.129041,0.387583,-0.586075,-0.530953,0.893799,-0.091309,0.318359,-0.087781,-0.028803,-0.011370,,0.113782,-0.234073,-0.965538,-0.739775,0.628747,-0.239603,0.663164,0.741544,-0.101621,,,0.000000,,,,0.00,,,
40150,,,,,,,,,,,,,,-8.790087,-3.064398,-1.097316,0.532939,-0.688534,-0.479835,0.900146,-0.089355,0.307373,-0.087888,-0.030645,-0.011074,99942.0000,0.115916,-0.232184,-0.965740,-0.741083,0.627156,-0.239732,0.661332,0.743482,-0.099370,,,0.000000,,,,0.00,,,
40151,,,,,,,,,,,,,,-8.822816,-3.234820,-0.958379,0.732667,-0.702018,-0.421471,0.895996,-0.091309,0.309570,-0.088216,-0.032346,-0.009706,,0.117910,-0.230040,-0.966012,-0.741309,0.626876,-0.239763,0.660725,0.744384,-0.096616,,,0.000000,,,,0.00,,,
40152,,,,,,,,,,,,,,-8.905925,-3.321161,-0.872214,0.821686,-0.690572,-0.328267,0.902344,-0.091309,0.303223,-0.089047,-0.033205,-0.008872,99936.0000,0.120821,-0.227760,-0.966193,-0.741591,0.626309,-0.240374,0.659883,0.745562,-0.093233,,,0.000000,,,,0.00,,,
40153,,,,,,,,,,,,,,-8.995110,-3.323979,-0.869522,0.793021,-0.694028,-0.241572,0.898193,-0.089355,0.300781,-0.089937,-0.033234,-0.008865,,0.123179,-0.225142,-0.966508,-0.741095,0.626858,-0.240473,0.660004,0.745896,-0.089636,,,0.000000,,,,0.00,,,
40154,,,,,,,,,,,,,,-9.090832,-3.351806,-0.947234,0.722762,-0.771838,-0.135041,0.902588,-0.093506,0.298828,-0.090890,-0.033514,-0.009656,99947.0000,0.126414,-0.222367,-0.966733,-0.741168,0.626554,-0.241038,0.659309,0.746983,-0.085606,,,0.000000,,,,0.00,,,
40155,,,,,,,,,,,,,,-9.228728,-3.335656,-1.025768,0.617342,-0.818609,0.000409,0.902588,-0.093506,0.294434,-0.092266,-0.033358,-0.010445,,0.128814,-0.219435,-0.967086,-0.740625,0.627223,-0.240968,0.659456,0.747288,-0.081724,,,0.000000,,,,0.00,,,
40156,,,,,,,,,,,,,,-9.261143,-3.277078,-1.182152,0.441219,-0.918471,0.029423,0.906738,-0.093506,0.294678,-0.092585,-0.032782,-0.011996,99942.0000,0.131679,-0.216510,-0.967359,-0.741099,0.626603,-0.241124,0.658356,0.748660,-0.077945,,,0.000000,,,,0.00,,,
40157,,,,,,,,,,,,,,-9.337279,-3.332883,-1.245369,0.411809,-1.013378,0.119443,0.904785,-0.095459,0.296875,-0.093343,-0.033351,-0.012617,,0.133627,-0.213558,-0.967748,-0.741116,0.626766,-0.240645,0.657944,0.749371,-0.074518,,,0.000000,,,,0.00,,,
40158,,,,,,,,,,,,,,-9.371855,-3.379805,-1.402331,0.320905,-1.177254,0.173919,0.906982,-0.093506,0.281494,-0.093687,-0.033826,-0.014167,99941.0000,0.135783,-0.210994,-0.968011,-0.741846,0.625960,-0.240497,0.656680,0.750770,-0.071531,,,0.000000,,,,0.00,,,
40159,,,,,,,,,,,,,,-9.360044,-3.439675,-1.385689,0.365635,-1.230352,0.173023,0.911133,-0.095459,0.290283,-0.093570,-0.034429,-0.013979,,0.137011,-0.208533,-0.968371,-0.741988,0.626059,-0.239799,0.656264,0.751375,-0.068952,,,0.000000,,,,0.00,,,
40160,,,,,,,,,,,,,,-9.305596,-3.332551,-1.319637,0.323525,-1.145192,0.088084,0.905029,-0.095459,0.277100,-0.093027,-0.033360,-0.013313,99943.0000,0.138782,-0.206311,-0.968595,-0.742631,0.625370,-0.239609,0.655164,0.752562,-0.066422,,,0.000000,,,,0.00,,,
40161,,,,,,,,,,,,,,-9.241040,-3.315647,-1.350059,0.292616,-1.193838,0.021034,0.905273,-0.104004,0.281738,-0.092380,-0.033201,-0.013599,,0.139674,-0.203928,-0.968971,-0.743161,0.625095,-0.238680,0.654373,0.753438,-0.064242,,,0.000000,,,,0.00,,,
40162,,,,,,,,,,,,,,-9.121087,-3.394844,-1.360332,0.356717,-1.293209,-0.077698,0.913574,-0.099609,0.283936,-0.091182,-0.033995,-0.013682,99939.0000,0.141063,-0.201749,-0.969226,-0.744966,0.623151,-0.238136,0.652018,0.755632,-0.062392,,,0.000000,,,,0.00,,,
40163,,,,,,,,,,,,,,-9.065651,-3.340393,-1.300693,0.360113,-1.244339,-0.150495,0.907227,-0.101807,0.279541,-0.090630,-0.033446,-0.013083,,0.141901,-0.199603,-0.969548,-0.745882,0.622375,-0.237296,0.650788,0.756840,-0.060564,,,0.000000,,,,0.00,,,
40164,,,,,,,,,,,,,,-8.954399,-3.165732,-1.226385,0.289592,-1.114951,-0.305841,0.913574,-0.099609,0.279541,-0.089519,-0.031699,-0.012340,99936.0000,0.143286,-0.197732,-0.969727,-0.747539,0.620505,-0.236980,0.648579,0.758865,-0.058903,,,0.000000,,,,0.00,,,
40165,,,,,,,,,,,,,,-8.877671,-3.081044,-1.214185,0.242344,-1.086520,-0.403073,0.911377,-0.097656,0.275146,-0.088752,-0.030852,-0.012216,,0.144174,-0.195533,-0.970042,-0.748659,0.619474,-0.236139,0.647088,0.760276,-0.057076,,,0.000000,,,,0.00,,,
40166,,,,,,,,,,,,,,-8.914786,-2.952483,-1.209624,0.138036,-1.008995,-0.399048,0.913818,-0.105957,0.273193,-0.089122,-0.029571,-0.012177,99942.0000,0.145660,-0.193653,-0.970197,-0.750290,0.617584,-0.235915,0.644863,0.762292,-0.055338,,,0.000000,,,,0.00,,,
40167,,,,,,,,,,,,,,-8.949531,-2.944207,-1.232213,0.109623,-1.034535,-0.368192,0.913818,-0.105957,0.275391,-0.089467,-0.029493,-0.012406,,0.146592,-0.191161,-0.970551,-0.751596,0.616372,-0.234922,0.643128,0.763900,-0.053321,,,0.000000,,,,0.00,,,
40168,,,,,,,,,,,,,,-9.022085,-2.955474,-1.194355,0.127794,-1.013875,-0.298749,0.918213,-0.110107,0.266846,-0.090194,-0.029602,-0.012031,99942.0000,0.148079,-0.189037,-0.970741,-0.753551,0.614127,-0.234541,0.640495,0.766233,-0.051510,,,0.000000,,,,0.00,,,
40169,,,,,,,,,,,,,,-9.015164,-2.934102,-1.124335,0.153321,-0.969513,-0.316227,0.916016,-0.108154,0.269043,-0.090126,-0.029382,-0.011338,,0.149205,-0.186517,-0.971056,-0.754663,0.613076,-0.233713,0.638923,0.767691,-0.049284,,,0.000000,,,,0.00,,,
40170,,,,,,,,,,,,,,-9.093267,-2.925825,-1.110340,0.136987,-0.955367,-0.244548,0.916016,-0.105957,0.266846,-0.090907,-0.029299,-0.011205,99939.0000,0.150910,-0.184287,-0.971218,-0.756370,0.611060,-0.233474,0.636499,0.769834,-0.047174,,,0.000000,,,,0.00,,,
40171,,,,,,,,,,,,,,-9.055189,-2.973566,-1.122325,0.165555,-1.022402,-0.271964,0.914062,-0.110107,0.262451,-0.090527,-0.029775,-0.011318,,0.152028,-0.181815,-0.971510,-0.757423,0.610052,-0.232696,0.634979,0.771220,-0.044966,,,0.000000,,,,0.00,,,
40172,,,,,,,,,,,,,,-9.023598,-2.876760,-1.040292,0.142094,-0.920740,-0.330320,0.916504,-0.114502,0.260498,-0.090211,-0.028807,-0.010506,99941.0000,0.153549,-0.179753,-0.971654,-0.758847,0.608367,-0.232466,0.632909,0.773032,-0.042990,,,0.000000,,,,0.00,,,
40173,,,,,,,,,,,,,,-8.996441,-2.879514,-1.013134,0.159342,-0.929082,-0.359362,0.922852,-0.114258,0.254150,-0.089939,-0.028837,-0.010238,,0.154642,-0.177089,-0.971970,-0.759669,0.607678,-0.231581,0.631655,0.774188,-0.040556,,,0.000000,,,,0.00,,,
40174,,,,,,,,,,,,,,-8.960310,-2.805535,-0.994758,0.113262,-0.893902,-0.413975,0.920654,-0.114258,0.249756,-0.089577,-0.028101,-0.010050,99933.0000,0.156046,-0.174814,-0.972157,-0.761098,0.606052,-0.231149,0.629586,0.775977,-0.038479,,,0.000000,,,,0.00,,,
40175,,,,,,,,,,,,,,-8.961611,-2.819165,-1.039375,0.091056,-0.959841,-0.410090,0.920898,-0.116455,0.254150,-0.089588,-0.028244,-0.010493,,0.156799,-0.172151,-0.972511,-0.761851,0.605534,-0.230023,0.628488,0.776976,-0.036206,,,0.000000,,,,0.00,,,
40176,,,,,,,,,,,,,,-8.915382,-2.962907,-1.088980,0.172189,-1.111538,-0.422079,0.920898,-0.116455,0.247559,-0.089122,-0.029689,-0.010991,99939.0000,0.157843,-0.169809,-0.972754,-0.763045,0.604303,-0.229305,0.626776,0.778449,-0.034187,,,0.000000,,,,0.00,,,
40177,,,,,,,,,,,,,,-8.949896,-3.083566,-1.168591,0.206473,-1.266358,-0.361324,0.918945,-0.120605,0.245605,-0.089462,-0.030901,-0.011795,,0.158245,-0.166959,-0.973182,-0.763275,0.604569,-0.227833,0.626394,0.778859,-0.031766,,,0.000000,,,,0.00,,,
40178,,,,,,,,,,,,,,-8.970309,-3.203576,-1.227160,0.254372,-1.402532,-0.315140,0.923096,-0.116455,0.245361,-0.089664,-0.032099,-0.012391,99941.0000,0.158978,-0.164524,-0.973477,-0.763662,0.604443,-0.226868,0.625737,0.779474,-0.029548,,,0.000000,,,,0.00,,,
40179,,,,,,,,,,,,,,-8.974625,-3.309791,-1.140933,0.384223,-1.427728,-0.293537,0.927246,-0.118652,0.245605,-0.089707,-0.033160,-0.011537,,0.159178,-0.161716,-0.973915,-0.762945,0.605930,-0.225310,0.626560,0.778907,-0.026930,,,0.000000,,,,0.00,,,
40180,,,,,,,,,,,,,,-8.913886,-3.505350,-1.071954,0.577637,-1.524494,-0.313419,0.925293,-0.120605,0.245605,-0.089099,-0.035110,-0.010863,99935.0000,0.160023,-0.159484,-0.974145,-0.762370,0.606916,-0.224597,0.627044,0.778600,-0.024465,,,0.000000,,,,0.00,,,
40181,,,,,,,,,,,,,,-8.976752,-3.516709,-1.091039,0.555090,-1.568621,-0.253876,0.925293,-0.120605,0.243408,-0.089727,-0.035221,-0.011071,,0.160582,-0.156403,-0.974552,-0.761214,0.608899,-0.223150,0.628305,0.777676,-0.021278,,,0.000000,,,,0.00,,,
40182,,,,,,,,,,,,,,-9.049120,-3.671655,-1.128571,0.625108,-1.705707,-0.151374,0.923340,-0.122803,0.243408,-0.090451,-0.036762,-0.011458,99939.0000,0.161689,-0.154065,-0.974741,-0.760344,0.610195,-0.222571,0.629073,0.777126,-0.018481,,,0.000000,,,,0.00,,,
40183,,,,,,,,,,,,,,-9.197547,-3.736441,-1.071134,0.671970,-1.712645,0.001505,0.923096,-0.120605,0.243408,-0.091938,-0.037403,-0.010896,,0.162565,-0.151050,-0.975067,-0.758741,0.612612,-0.221400,0.630781,0.775816,-0.015019,,,0.000000,,,,0.00,,,
40184,,,,,,,,,,,,,,-9.332410,-3.643512,-0.867595,0.692540,-1.502273,0.106246,0.920898,-0.116455,0.236572,-0.093290,-0.036477,-0.008861,99944.0000,0.163694,-0.148879,-0.975212,-0.757687,0.614086,-0.220929,0.631756,0.775070,-0.012282,,,0.000000,,,,0.00,,,
40185,,,,,,,,,,,,,,-9.433889,-3.560223,-0.659824,0.729813,-1.310074,0.180300,0.921387,-0.125000,0.239014,-0.094308,-0.035652,-0.006771,,0.164512,-0.145891,-0.975526,-0.756447,0.616052,-0.219698,0.633027,0.774077,-0.009010,,,0.000000,,,,0.00,,,
40186,,,,,,,,,,,,,,-9.516529,-3.509707,-0.533325,0.748146,-1.192177,0.246422,0.923340,-0.124756,0.234863,-0.095130,-0.035170,-0.005485,99941.0000,0.165216,-0.143615,-0.975745,-0.756400,0.616428,-0.218805,0.632900,0.774204,-0.006787,,,0.000000,,,,0.00,,,
40187,,,,,,,,,,,,,,-9.597938,-3.704596,-0.629874,0.817229,-1.409062,0.365121,0.929688,-0.124756,0.234863,-0.095936,-0.037137,-0.006428,,0.165282,-0.140447,-0.976195,-0.756355,0.617172,-0.216854,0.632937,0.774192,-0.004220,,,0.000000,,,,0.00,,,
40188,,,,,,,,,,,,,,-9.749165,-3.890786,-0.642849,0.926671,-1.532498,0.550244,0.929932,-0.126953,0.237061,-0.097443,-0.039013,-0.006525,99938.0000,0.165100,-0.138480,-0.976507,-0.757066,0.616786,-0.215467,0.632133,0.774854,-0.003008,,,0.000000,,,,0.00,,,
