// Start Time: Unknown
// Update Rate: 100.0Hz
// Filter Profile: human (46.1)
// Firmware Version: 4.6.0
PacketCounter,SampleTimeFine,Year,Month,Day,Second,UTC_Nano,UTC_Year,UTC_Month,UTC_Day,UTC_Hour,UTC_Minute,UTC_Second,UTC_Valid,Acc_X,Acc_Y,Acc_Z,FreeAcc_X,FreeAcc_Y,FreeAcc_Z,Mag_X,Mag_Y,Mag_Z,VelInc_X,VelInc_Y,VelInc_Z,Pressure,Mat[1][1],Mat[2][1],Mat[3][1],Mat[1][2],Mat[2][2],Mat[3][2],Mat[1][3],Mat[2][3],Mat[3][3],Latitude,Longitude,Altitude,Vel_X,Vel_Y,Vel_Z,Temperature,GyrTemp_X,GyrTemp_Y,GyrTemp_Z
16051,,,,,,,,,,,,,,-9.585501,-0.350738,1.943258,-0.006280,-0.013274,-0.025917,0.767334,0.135010,-0.588867,-0.095855,-0.003510,0.019431,,-0.200954,-0.007599,-0.979571,0.217206,-0.975425,-0.036992,-0.955217,-0.220202,0.197666,,,0.000000,,,,0.00,,,
16052,,,,,,,,,,,,,,-9.623062,-0.385609,1.926228,0.010284,0.025463,0.008800,0.767578,0.128418,-0.584229,-0.096231,-0.003859,0.019259,99900.0000,-0.200996,-0.007669,-0.979562,0.217193,-0.975430,-0.036929,-0.955211,-0.220177,0.197723,,,0.000000,,,,0.00,,,
16053,,,,,,,,,,,,,,-9.589971,-0.368577,1.958785,-0.023272,0.003080,-0.017807,0.778320,0.132812,-0.584229,-0.095900,-0.003689,0.019585,,-0.201043,-0.007826,-0.979551,0.217149,-0.975446,-0.036775,-0.955211,-0.220102,0.197806,,,0.000000,,,,0.00,,,
16054,,,,,,,,,,,,,,-9.589881,-0.367959,1.959342,-0.023272,0.003080,-0.017807,0.769287,0.139160,-0.586670,-0.095899,-0.003683,0.019590,99899.0000,-0.201090,-0.007893,-0.979541,0.217121,-0.975454,-0.036713,-0.955207,-0.220062,0.197868,,,0.000000,,,,0.00,,,
16055,,,,,,,,,,,,,,-9.607198,-0.354352,1.971133,-0.027804,-0.012158,0.000990,0.771729,0.135010,-0.586670,-0.096072,-0.003548,0.019710,,-0.201102,-0.007954,-0.979538,0.217132,-0.975454,-0.036656,-0.955202,-0.220061,0.197893,,,0.000000,,,,0.00,,,
16056,,,,,,,,,,,,,,-9.623647,-0.361559,1.955594,-0.010974,-0.000503,0.014293,0.771973,0.130615,-0.590820,-0.096237,-0.003621,0.019553,99900.0000,-0.201139,-0.008073,-0.979529,0.217114,-0.975462,-0.036543,-0.955199,-0.220020,0.197957,,,0.000000,,,,0.00,,,
16057,,,,,,,,,,,,,,-9.589665,-0.365366,1.960886,-0.023233,0.003326,-0.017807,0.767334,0.136963,-0.584473,-0.095897,-0.003657,0.019606,,-0.201190,-0.008192,-0.979518,0.217058,-0.975479,-0.036425,-0.955201,-0.219940,0.198035,,,0.000000,,,,0.00,,,
16058,,,,,,,,,,,,,,-9.585849,-0.324588,1.974058,-0.027506,-0.038663,-0.020420,0.769775,0.130615,-0.586426,-0.095859,-0.003249,0.019740,99902.0000,-0.201188,-0.008265,-0.979518,0.217067,-0.975479,-0.036354,-0.955199,-0.219935,0.198049,,,0.000000,,,,0.00,,,
16059,,,,,,,,,,,,,,-9.606084,-0.372185,1.945591,-0.006349,0.015114,-0.004505,0.771973,0.130615,-0.584229,-0.096061,-0.003726,0.019453,,-0.201230,-0.008361,-0.979508,0.217046,-0.975487,-0.036264,-0.955195,-0.219896,0.198112,,,0.000000,,,,0.00,,,
16060,,,,,,,,,,,,,,-9.584855,-0.344237,1.947598,-0.006086,-0.011972,-0.025915,0.771973,0.130615,-0.584229,-0.095849,-0.003445,0.019473,99901.0000,-0.201271,-0.008431,-0.979499,0.217034,-0.975493,-0.036201,-0.955189,-0.219870,0.198169,,,0.000000,,,,0.00,,,
16061,,,,,,,,,,,,,,-9.602148,-0.330667,1.959453,-0.010554,-0.026164,-0.007115,0.771484,0.136963,-0.584473,-0.096022,-0.003311,0.019592,,-0.201309,-0.008581,-0.979490,0.216999,-0.975506,-0.036052,-0.955189,-0.219806,0.198241,,,0.000000,,,,0.00,,,
16062,,,,,,,,,,,,,,-9.596583,-0.331982,1.918068,0.027907,-0.015038,-0.020721,0.769531,0.132812,-0.584229,-0.095966,-0.003323,0.019178,99905.0000,-0.201346,-0.008655,-0.979482,0.217001,-0.975508,-0.035988,-0.955181,-0.219795,0.198293,,,0.000000,,,,0.00,,,
16063,,,,,,,,,,,,,,-9.613022,-0.339482,1.902587,0.044775,-0.003611,-0.007421,0.767578,0.128418,-0.584229,-0.096131,-0.003399,0.019023,,-0.201385,-0.008718,-0.979473,0.217000,-0.975510,-0.035933,-0.955173,-0.219782,0.198345,,,0.000000,,,,0.00,,,
16064,,,,,,,,,,,,,,-9.601071,-0.349735,1.933567,0.010850,0.000165,-0.012614,0.767334,0.135010,-0.586670,-0.096011,-0.003500,0.019334,99904.0000,-0.201409,-0.008773,-0.979468,0.217017,-0.975508,-0.035888,-0.955164,-0.219790,0.198380,,,0.000000,,,,0.00,,,
16065,,,,,,,,,,,,,,-9.584485,-0.341004,1.949990,-0.005982,-0.011015,-0.025914,0.767578,0.132812,-0.586426,-0.095845,-0.003413,0.019497,,-0.201446,-0.008889,-0.979459,0.216998,-0.975516,-0.035777,-0.955160,-0.219748,0.198442,,,0.000000,,,,0.00,,,
16066,,,,,,,,,,,,,,-9.622897,-0.354805,1.960518,-0.010780,0.001172,0.014293,0.774170,0.128662,-0.588623,-0.096230,-0.003551,0.019601,99900.0000,-0.201512,-0.008952,-0.979445,0.216976,-0.975523,-0.035725,-0.955151,-0.219715,0.198522,,,0.000000,,,,0.00,,,
16067,,,,,,,,,,,,,,-9.584254,-0.339774,1.951335,-0.005957,-0.010292,-0.025913,0.771729,0.132812,-0.584229,-0.095843,-0.003402,0.019510,,-0.201559,-0.009112,-0.979434,0.216945,-0.975536,-0.035570,-0.955149,-0.219653,0.198605,,,0.000000,,,,0.00,,,
16068,,,,,,,,,,,,,,-9.618015,-0.334323,1.947443,0.006338,-0.013536,0.006187,0.771729,0.135010,-0.584473,-0.096181,-0.003347,0.019470,99901.0000,-0.201633,-0.009196,-0.979418,0.216923,-0.975543,-0.035498,-0.955138,-0.219615,0.198696,,,0.000000,,,,0.00,,,
16069,,,,,,,,,,,,,,-9.588622,-0.357383,1.967445,-0.023119,0.005043,-0.017807,0.773926,0.130615,-0.582031,-0.095887,-0.003577,0.019671,,-0.201681,-0.009267,-0.979407,0.216923,-0.975545,-0.035439,-0.955128,-0.219603,0.198759,,,0.000000,,,,0.00,,,
16070,,,,,,,,,,,,,,-9.616901,-0.354176,1.921715,0.027636,0.012922,0.000686,0.769775,0.130615,-0.586426,-0.096170,-0.003544,0.019213,99909.0000,-0.201761,-0.009328,-0.979390,0.216921,-0.975547,-0.035396,-0.955111,-0.219592,0.198851,,,0.000000,,,,0.00,,,
16071,,,,,,,,,,,,,,-9.600211,-0.345358,1.938619,0.010720,0.001743,-0.012614,0.771973,0.130615,-0.584229,-0.096003,-0.003458,0.019382,,-0.201826,-0.009465,-0.979376,0.216860,-0.975566,-0.035261,-0.955112,-0.219504,0.198948,,,0.000000,,,,0.00,,,
16072,,,,,,,,,,,,,,-9.589007,-0.334413,1.997255,-0.044573,-0.021035,-0.012306,0.773926,0.135010,-0.586670,-0.095891,-0.003347,0.019970,99901.0000,-0.201873,-0.009533,-0.979365,0.216832,-0.975574,-0.035199,-0.955108,-0.219464,0.199009,,,0.000000,,,,0.00,,,
16073,,,,,,,,,,,,,,-9.599943,-0.344128,1.940161,0.010853,0.001826,-0.012614,0.769775,0.128662,-0.588623,-0.096000,-0.003443,0.019397,,-0.201972,-0.009599,-0.979344,0.216815,-0.975580,-0.035153,-0.955091,-0.219436,0.199121,,,0.000000,,,,0.00,,,
16074,,,,,,,,,,,,,,-9.587917,-0.354326,1.971427,-0.023071,0.005603,-0.017808,0.769775,0.130615,-0.586426,-0.095880,-0.003548,0.019712,99902.0000,-0.202002,-0.009695,-0.979337,0.216797,-0.975587,-0.035059,-0.955089,-0.219399,0.199173,,,0.000000,,,,0.00,,,
16075,,,,,,,,,,,,,,-9.617077,-0.329717,1.952853,0.006680,-0.012373,0.006188,0.769775,0.130615,-0.584229,-0.096171,-0.003301,0.019525,,-0.202094,-0.009847,-0.979317,0.216733,-0.975606,-0.034916,-0.955084,-0.219306,0.199298,,,0.000000,,,,0.00,,,
16076,,,,,,,,,,,,,,-9.583087,-0.333637,1.958117,-0.005615,-0.009132,-0.025912,0.771729,0.135010,-0.586670,-0.095831,-0.003340,0.019579,99909.0000,-0.202130,-0.009931,-0.979308,0.216718,-0.975613,-0.034837,-0.955080,-0.219275,0.199353,,,0.000000,,,,0.00,,,
16077,,,,,,,,,,,,,,-9.578364,-0.313832,1.944117,0.011513,-0.024574,-0.034017,0.773926,0.130615,-0.588623,-0.095784,-0.003142,0.019438,,-0.202175,-0.010012,-0.979298,0.216692,-0.975621,-0.034762,-0.955076,-0.219234,0.199415,,,0.000000,,,,0.00,,,
16078,,,,,,,,,,,,,,-9.582883,-0.332314,1.959339,-0.005577,-0.009139,-0.025912,0.776123,0.135010,-0.586426,-0.095830,-0.003325,0.019590,99901.0000,-0.202242,-0.010064,-0.979284,0.216687,-0.975623,-0.034724,-0.955063,-0.219221,0.199492,,,0.000000,,,,0.00,,,
16079,,,,,,,,,,,,,,-9.603994,-0.358977,1.958352,-0.005663,0.018063,-0.004510,0.773926,0.132812,-0.588623,-0.096040,-0.003594,0.019583,,-0.202254,-0.010144,-0.979281,0.216647,-0.975635,-0.034639,-0.955069,-0.219165,0.199523,,,0.000000,,,,0.00,,,
16080,,,,,,,,,,,,,,-9.586630,-0.371235,1.947218,-0.001127,0.032959,-0.023313,0.769531,0.132812,-0.586426,-0.095867,-0.003715,0.019471,99901.0000,-0.202273,-0.010194,-0.979276,0.216615,-0.975644,-0.034586,-0.955072,-0.219122,0.199555,,,0.000000,,,,0.00,,,
16081,,,,,,,,,,,,,,-9.566232,-0.322097,1.976176,-0.021973,-0.020694,-0.039208,0.760986,0.134766,-0.586670,-0.095662,-0.003227,0.019761,,-0.202286,-0.010303,-0.979272,0.216602,-0.975651,-0.034478,-0.955073,-0.219087,0.199592,,,0.000000,,,,0.00,,,
16082,,,,,,,,,,,,,,-9.570091,-0.361069,1.963534,-0.017694,0.021293,-0.036609,0.773926,0.132812,-0.582031,-0.095701,-0.003617,0.019635,99905.0000,-0.202274,-0.010406,-0.979274,0.216524,-0.975673,-0.034356,-0.955093,-0.218985,0.199606,,,0.000000,,,,0.00,,,
16083,,,,,,,,,,,,,,-9.587511,-0.346952,1.974713,-0.022251,0.006047,-0.017806,0.767578,0.130615,-0.584229,-0.095874,-0.003476,0.019750,,-0.202197,-0.010475,-0.979289,0.216501,-0.975681,-0.034265,-0.955114,-0.218945,0.199548,,,0.000000,,,,0.00,,,
16084,,,,,,,,,,,,,,-9.583041,-0.326588,1.959528,-0.005157,-0.009391,-0.025912,0.767578,0.132812,-0.588867,-0.095829,-0.003273,0.019599,99900.0000,-0.202090,-0.010581,-0.979310,0.216431,-0.975701,-0.034120,-0.955153,-0.218849,0.199469,,,0.000000,,,,0.00,,,
16085,,,,,,,,,,,,,,-9.571345,-0.336088,1.989311,-0.038754,-0.005532,-0.031102,0.767578,0.130615,-0.582031,-0.095712,-0.003367,0.019897,,-0.202021,-0.010682,-0.979323,0.216361,-0.975722,-0.033989,-0.955184,-0.218754,0.199427,,,0.000000,,,,0.00,,,
16086,,,,,,,,,,,,,,-9.588162,-0.342971,1.972247,-0.021915,0.006122,-0.017805,0.771973,0.130615,-0.586426,-0.095880,-0.003436,0.019730,99904.0000,-0.201851,-0.010754,-0.979357,0.216246,-0.975752,-0.033855,-0.955246,-0.218615,0.199282,,,0.000000,,,,0.00,,,
16087,,,,,,,,,,,,,,-9.550014,-0.327519,1.960616,-0.017219,-0.005950,-0.058011,0.771729,0.132812,-0.586426,-0.095498,-0.003280,0.019616,,-0.201622,-0.010791,-0.979404,0.216119,-0.975784,-0.033739,-0.955323,-0.218470,0.199072,,,0.000000,,,,0.00,,,
16088,,,,,,,,,,,,,,-9.516608,-0.330859,1.963187,-0.029513,-0.002713,-0.090110,0.769775,0.130615,-0.586426,-0.095164,-0.003318,0.019643,99906.0000,-0.201365,-0.010882,-0.979456,0.215948,-0.975828,-0.033554,-0.955416,-0.218268,0.198848,,,0.000000,,,,0.00,,,
16089,,,,,,,,,,,,,,-9.538474,-0.356244,1.958882,-0.029369,0.024354,-0.068706,0.769775,0.130615,-0.582031,-0.095381,-0.003572,0.019607,,-0.201004,-0.010939,-0.979529,0.215762,-0.975875,-0.033377,-0.955533,-0.218054,0.198515,,,0.000000,,,,0.00,,,
16090,,,,,,,,,,,,,,-9.573974,-0.328390,1.977912,-0.038433,-0.005445,-0.031100,0.771729,0.130615,-0.582031,-0.095736,-0.003295,0.019797,99907.0000,-0.200602,-0.011019,-0.979611,0.215539,-0.975932,-0.033160,-0.955668,-0.217796,0.198149,,,0.000000,,,,0.00,,,
16091,,,,,,,,,,,,,,-9.556704,-0.360260,1.935334,-0.012714,0.035910,-0.055410,0.776123,0.132812,-0.586426,-0.095562,-0.003614,0.019375,,-0.200097,-0.011071,-0.979713,0.215255,-0.976002,-0.032935,-0.955838,-0.217479,0.197679,,,0.000000,,,,0.00,,,
16092,,,,,,,,,,,,,,-9.599523,-0.302162,1.908263,0.029235,-0.013102,-0.020722,0.776123,0.132812,-0.577637,-0.095990,-0.003034,0.019106,99901.0000,-0.199587,-0.011150,-0.979817,0.214955,-0.976077,-0.032679,-0.956012,-0.217139,0.197209,,,0.000000,,,,0.00,,,
16093,,,,,,,,,,,,,,-9.546983,-0.366256,1.956510,-0.046860,0.039106,-0.060599,0.776367,0.128662,-0.582031,-0.095464,-0.003674,0.019592,,-0.198981,-0.011133,-0.979940,0.214629,-0.976155,-0.032491,-0.956212,-0.216788,0.196626,,,0.000000,,,,0.00,,,
16094,,,,,,,,,,,,,,-9.589140,-0.329065,1.901029,0.016452,0.016646,-0.031417,0.771973,0.128662,-0.584229,-0.095885,-0.003305,0.019039,99902.0000,-0.198345,-0.011200,-0.980068,0.214199,-0.976259,-0.032193,-0.956440,-0.216315,0.196035,,,0.000000,,,,0.00,,,
16095,,,,,,,,,,,,,,-9.628988,-0.340083,1.905075,0.011816,0.028854,0.008789,0.774170,0.128662,-0.579834,-0.096284,-0.003418,0.019080,,-0.197712,-0.011315,-0.980195,0.213720,-0.976376,-0.031838,-0.956678,-0.215782,0.195459,,,0.000000,,,,0.00,,,
16096,,,,,,,,,,,,,,-9.580791,-0.311991,1.947323,-0.038688,-0.006126,-0.031102,0.771973,0.130615,-0.586426,-0.095801,-0.003137,0.019502,99903.0000,-0.197059,-0.011416,-0.980325,0.213217,-0.976497,-0.031489,-0.956925,-0.215227,0.194862,,,0.000000,,,,0.00,,,
16097,,,,,,,,,,,,,,-9.615131,-0.324979,1.909019,-0.004526,0.016887,-0.004507,0.776123,0.130615,-0.577637,-0.096144,-0.003267,0.019124,,-0.196375,-0.011461,-0.980462,0.212673,-0.976626,-0.031180,-0.957187,-0.214641,0.194222,,,0.000000,,,,0.00,,,
16098,,,,,,,,,,,,,,-9.636028,-0.259879,1.853889,0.059047,-0.032665,0.003265,0.774170,0.126465,-0.581787,-0.096354,-0.002616,0.018570,99902.0000,-0.195696,-0.011556,-0.980597,0.212146,-0.976752,-0.030827,-0.957443,-0.214063,0.193597,,,0.000000,,,,0.00,,,
16099,,,,,,,,,,,,,,-9.667173,-0.342781,1.848658,0.045867,0.051487,0.035384,0.774170,0.126465,-0.579590,-0.096666,-0.003445,0.018515,,-0.195061,-0.011632,-0.980722,0.211683,-0.976862,-0.030516,-0.957675,-0.213555,0.193010,,,0.000000,,,,0.00,,,
16100,,,,,,,,,,,,,,-9.602512,-0.306612,1.907351,-0.021472,0.004845,-0.017804,0.778564,0.126465,-0.579590,-0.096019,-0.003082,0.019100,99900.0000,-0.194461,-0.011722,-0.980840,0.211209,-0.976974,-0.030198,-0.957902,-0.213035,0.192460,,,0.000000,,,,0.00,,,
16101,,,,,,,,,,,,,,-9.615386,-0.292825,1.870874,0.012373,0.000867,-0.012616,0.780762,0.122314,-0.583984,-0.096147,-0.002943,0.018740,,-0.193776,-0.011769,-0.980975,0.210737,-0.977085,-0.029905,-0.958145,-0.212522,0.191815,,,0.000000,,,,0.00,,,
16102,,,,,,,,,,,,,,-9.650458,-0.284952,1.860013,0.024663,-0.002392,0.019482,0.778564,0.122314,-0.581787,-0.096499,-0.002865,0.018628,99902.0000,-0.193152,-0.011857,-0.981097,0.210289,-0.977191,-0.029591,-0.958369,-0.212030,0.191240,,,0.000000,,,,0.00,,,
16103,,,,,,,,,,,,,,-9.646761,-0.263289,1.839811,0.042041,-0.017334,0.011373,0.771973,0.124268,-0.575195,-0.096462,-0.002645,0.018425,,-0.192596,-0.011932,-0.981206,0.209826,-0.977300,-0.029301,-0.958582,-0.211526,0.190728,,,0.000000,,,,0.00,,,
16104,,,,,,,,,,,,,,-9.636238,-0.271653,1.865379,0.008106,-0.013565,0.006185,0.776611,0.120117,-0.577148,-0.096357,-0.002727,0.018678,99903.0000,-0.192065,-0.011968,-0.981309,0.209473,-0.977382,-0.029079,-0.958766,-0.211143,0.190228,,,0.000000,,,,0.00,,,
16105,,,,,,,,,,,,,,-9.619784,-0.282833,1.849680,0.012280,0.001545,-0.012616,0.776123,0.130615,-0.573242,-0.096193,-0.002836,0.018519,,-0.191564,-0.011983,-0.981407,0.209135,-0.977460,-0.028887,-0.958940,-0.210780,0.189752,,,0.000000,,,,0.00,,,
16106,,,,,,,,,,,,,,-9.663209,-0.335501,1.842662,0.011752,0.055721,0.030194,0.778809,0.120117,-0.577148,-0.096628,-0.003363,0.018447,99905.0000,-0.191125,-0.011997,-0.981492,0.208824,-0.977532,-0.028716,-0.959095,-0.210447,0.189336,,,0.000000,,,,0.00,,,
16107,,,,,,,,,,,,,,-9.640704,-0.349087,1.786031,0.054285,0.081196,-0.002213,0.778564,0.122070,-0.575195,-0.096403,-0.003502,0.017878,,-0.190685,-0.012015,-0.981578,0.208481,-0.977610,-0.028534,-0.959258,-0.210081,0.188920,,,0.000000,,,,0.00,,,
16108,,,,,,,,,,,,,,-9.692595,-0.328647,1.788883,0.062030,0.063042,0.048686,0.778564,0.122070,-0.575195,-0.096923,-0.003301,0.017903,99897.0000,-0.190350,-0.012158,-0.981641,0.208084,-0.977703,-0.028240,-0.959410,-0.209640,0.188636,,,0.000000,,,,0.00,,,
16109,,,,,,,,,,,,,,-9.672836,-0.277271,1.815050,0.040300,0.009204,0.032785,0.774170,0.126465,-0.577393,-0.096726,-0.002787,0.018160,,-0.190043,-0.012306,-0.981699,0.207711,-0.977791,-0.027953,-0.959552,-0.209221,0.188378,,,0.000000,,,,0.00,,,
16110,,,,,,,,,,,,,,-9.668329,-0.255436,1.798682,0.057367,-0.006237,0.024678,0.774414,0.120117,-0.572754,-0.096682,-0.002570,0.017994,99898.0000,-0.189838,-0.012494,-0.981736,0.207293,-0.977888,-0.027639,-0.959683,-0.208754,0.188230,,,0.000000,,,,0.00,,,
16111,,,,,,,,,,,,,,-9.641391,-0.228379,1.757052,0.095928,-0.022719,-0.010337,0.783203,0.117920,-0.574951,-0.096413,-0.002293,0.017575,,-0.189689,-0.012555,-0.981764,0.207049,-0.977944,-0.027498,-0.959765,-0.208490,0.188105,,,0.000000,,,,0.00,,,
16112,,,,,,,,,,,,,,-9.622428,-0.287937,1.805943,0.032332,0.026812,-0.018112,0.778809,0.117920,-0.577148,-0.096224,-0.002889,0.018058,99897.0000,-0.189682,-0.012685,-0.981764,0.206755,-0.978012,-0.027310,-0.959830,-0.208164,0.188134,,,0.000000,,,,0.00,,,
16113,,,,,,,,,,,,,,-9.672584,-0.289650,1.785314,0.060564,0.035590,0.027292,0.776367,0.124268,-0.577393,-0.096726,-0.002905,0.017849,,-0.189636,-0.012826,-0.981771,0.206381,-0.978097,-0.027086,-0.959919,-0.207755,0.188130,,,0.000000,,,,0.00,,,
16114,,,,,,,,,,,,,,-9.627171,-0.303280,1.822143,0.014318,0.042612,-0.010005,0.776611,0.117920,-0.572754,-0.096272,-0.003042,0.018216,99900.0000,-0.189707,-0.012981,-0.981755,0.206087,-0.978164,-0.026889,-0.959968,-0.207428,0.188240,,,0.000000,,,,0.00,,,
16115,,,,,,,,,,,,,,-9.617130,-0.263600,1.794112,0.047984,0.011326,-0.026213,0.778809,0.120117,-0.577148,-0.096173,-0.002646,0.017932,,-0.189789,-0.013125,-0.981737,0.205791,-0.978231,-0.026705,-0.960016,-0.207101,0.188358,,,0.000000,,,,0.00,,,
16116,,,,,,,,,,,,,,-9.634188,-0.248706,1.807165,0.043411,-0.003581,-0.007415,0.774414,0.117920,-0.579346,-0.096344,-0.002494,0.018060,99903.0000,-0.189997,-0.013269,-0.981695,0.205550,-0.978286,-0.026559,-0.960026,-0.206834,0.188599,,,0.000000,,,,0.00,,,
16117,,,,,,,,,,,,,,-9.622260,-0.257724,1.840446,0.009357,0.000201,-0.012612,0.774658,0.115723,-0.577148,-0.096225,-0.002585,0.018392,,-0.190210,-0.013426,-0.981652,0.205260,-0.978352,-0.026391,-0.960046,-0.206513,0.188848,,,0.000000,,,,0.00,,,
16118,,,,,,,,,,,,,,-9.589685,-0.213296,1.787724,0.065148,-0.031199,-0.055726,0.774658,0.115723,-0.574951,-0.095899,-0.002136,0.017865,99897.0000,-0.190446,-0.013509,-0.981605,0.205098,-0.978387,-0.026327,-0.960034,-0.206339,0.189101,,,0.000000,,,,0.00,,,
16119,,,,,,,,,,,,,,-9.617320,-0.216052,1.858106,0.004440,-0.041287,-0.015220,0.772217,0.122070,-0.581787,-0.096176,-0.002160,0.018565,,-0.190708,-0.013585,-0.981553,0.204902,-0.978430,-0.026269,-0.960024,-0.206132,0.189378,,,0.000000,,,,0.00,,,
16120,,,,,,,,,,,,,,-9.640732,-0.174169,1.826562,0.050882,-0.075396,0.000676,0.780762,0.122070,-0.575195,-0.096410,-0.001736,0.018251,99908.0000,-0.191015,-0.013529,-0.981494,0.204871,-0.978433,-0.026384,-0.959969,-0.206120,0.189667,,,0.000000,,,,0.00,,,
16121,,,,,,,,,,,,,,-9.645005,-0.194289,1.844469,0.033598,-0.060563,0.008776,0.774170,0.126465,-0.572998,-0.096453,-0.001936,0.018428,,-0.191367,-0.013401,-0.981427,0.204885,-0.978425,-0.026590,-0.959896,-0.206168,0.189984,,,0.000000,,,,0.00,,,
16122,,,,,,,,,,,,,,-9.643309,-0.217505,1.821193,0.054945,-0.034007,0.003284,0.776611,0.120117,-0.572754,-0.096437,-0.002165,0.018192,99906.0000,-0.191813,-0.013302,-0.981341,0.204960,-0.978403,-0.026799,-0.959791,-0.206277,0.190397,,,0.000000,,,,0.00,,,
16123,,,,,,,,,,,,,,-9.623317,-0.281056,1.874430,-0.009943,0.014575,-0.004507,0.778564,0.124268,-0.570801,-0.096237,-0.002798,0.018725,,-0.192106,-0.013082,-0.981287,0.205145,-0.978356,-0.027118,-0.959693,-0.206516,0.190632,,,0.000000,,,,0.00,,,
16124,,,,,,,,,,,,,,-9.626472,-0.323434,1.865843,-0.005705,0.056550,-0.001892,0.776367,0.126465,-0.577393,-0.096269,-0.003226,0.018640,99910.0000,-0.192498,-0.012994,-0.981211,0.205190,-0.978341,-0.027299,-0.959605,-0.206590,0.190995,,,0.000000,,,,0.00,,,
16125,,,,,,,,,,,,,,-9.659596,-0.320050,1.864226,0.005187,0.051977,0.030220,0.779053,0.115723,-0.583740,-0.096599,-0.003195,0.018627,,-0.192691,-0.012850,-0.981175,0.205355,-0.978301,-0.027517,-0.959531,-0.206791,0.191149,,,0.000000,,,,0.00,,,
16126,,,,,,,,,,,,,,-9.629085,-0.365683,1.860043,-0.002873,0.097187,0.000738,0.774170,0.124268,-0.581787,-0.096294,-0.003657,0.018585,99903.0000,-0.192996,-0.012909,-0.981115,0.205314,-0.978309,-0.027515,-0.959478,-0.206747,0.191460,,,0.000000,,,,0.00,,,
16127,,,,,,,,,,,,,,-9.653572,-0.301301,1.855530,0.022359,0.036665,0.022117,0.776611,0.117920,-0.572754,-0.096538,-0.003017,0.018541,,-0.193266,-0.013054,-0.981060,0.205232,-0.978329,-0.027412,-0.959442,-0.206643,0.191757,,,0.000000,,,,0.00,,,
16128,,,,,,,,,,,,,,-9.632704,-0.251534,1.886334,0.001218,-0.017003,0.006183,0.776611,0.117920,-0.581543,-0.096329,-0.002523,0.018852,99899.0000,-0.193460,-0.013245,-0.981019,0.205232,-0.978334,-0.027264,-0.959402,-0.206611,0.191987,,,0.000000,,,,0.00,,,
16129,,,,,,,,,,,,,,-9.661326,-0.226674,1.868629,0.029329,-0.035421,0.030191,0.774658,0.115723,-0.581543,-0.096615,-0.002271,0.018678,,-0.193483,-0.013403,-0.981012,0.205247,-0.978334,-0.027115,-0.959395,-0.206596,0.192042,,,0.000000,,,,0.00,,,
16130,,,,,,,,,,,,,,-9.687198,-0.271848,1.883776,0.011897,0.007072,0.059705,0.772217,0.124268,-0.583984,-0.096873,-0.002722,0.018830,99907.0000,-0.193609,-0.013517,-0.980986,0.205370,-0.978311,-0.027052,-0.959343,-0.206702,0.192185,,,0.000000,,,,0.00,,,
16131,,,,,,,,,,,,,,-9.665603,-0.243741,1.886538,0.012608,-0.019919,0.038291,0.776611,0.120117,-0.577148,-0.096657,-0.002444,0.018857,,-0.193784,-0.013710,-0.980948,0.205472,-0.978293,-0.026917,-0.959286,-0.206773,0.192394,,,0.000000,,,,0.00,,,
16132,,,,,,,,,,,,,,-9.635495,-0.287611,1.880658,0.004562,0.025307,0.008805,0.774414,0.120117,-0.583984,-0.096356,-0.002882,0.018800,99905.0000,-0.193886,-0.013885,-0.980926,0.205648,-0.978259,-0.026801,-0.959227,-0.206921,0.192526,,,0.000000,,,,0.00,,,
16133,,,,,,,,,,,,,,-9.652650,-0.273212,1.892889,-0.000406,0.010312,0.027598,0.774414,0.122070,-0.579590,-0.096527,-0.002739,0.018924,,-0.193912,-0.014060,-0.980918,0.205801,-0.978231,-0.026662,-0.959189,-0.207044,0.192584,,,0.000000,,,,0.00,,,
16134,,,,,,,,,,,,,,-9.618696,-0.276474,1.898670,-0.012726,0.013551,-0.004509,0.776611,0.120117,-0.583984,-0.096187,-0.002774,0.018983,99908.0000,-0.193941,-0.014273,-0.980909,0.205905,-0.978214,-0.026477,-0.959161,-0.207109,0.192655,,,0.000000,,,,0.00,,,
16135,,,,,,,,,,,,,,-9.613875,-0.255718,1.884030,0.004267,-0.002173,-0.012609,0.776611,0.117920,-0.581543,-0.096138,-0.002567,0.018843,,-0.193838,-0.014444,-0.980927,0.205971,-0.978205,-0.026297,-0.959168,-0.207140,0.192589,,,0.000000,,,,0.00,,,
16136,,,,,,,,,,,,,,-9.613961,-0.253673,1.883870,0.004224,-0.002190,-0.012609,0.776611,0.120117,-0.581787,-0.096140,-0.002547,0.018838,99904.0000,-0.193807,-0.014658,-0.980930,0.206026,-0.978199,-0.026088,-0.959162,-0.207154,0.192601,,,0.000000,,,,0.00,,,
16137,,,,,,,,,,,,,,-9.618067,-0.291819,1.871428,0.008122,0.039920,-0.009986,0.776611,0.117920,-0.583740,-0.096180,-0.002929,0.018717,,-0.193676,-0.014874,-0.980953,0.206032,-0.978204,-0.025846,-0.959187,-0.207113,0.192519,,,0.000000,,,,0.00,,,
16138,,,,,,,,,,,,,,-9.581237,-0.232540,1.915108,-0.029844,-0.025382,-0.039240,0.776611,0.120117,-0.574951,-0.095811,-0.002339,0.019155,99908.0000,-0.193544,-0.015121,-0.980975,0.205991,-0.978220,-0.025563,-0.959223,-0.207020,0.192443,,,0.000000,,,,0.00,,,
16139,,,,,,,,,,,,,,-9.597142,-0.259552,1.871175,0.007543,0.012735,-0.031400,0.772461,0.117920,-0.577148,-0.095970,-0.002609,0.018717,,-0.193299,-0.015330,-0.981020,0.205915,-0.978243,-0.025287,-0.959289,-0.206895,0.192250,,,0.000000,,,,0.00,,,
16140,,,,,,,,,,,,,,-9.598274,-0.235441,1.897051,-0.013884,-0.013834,-0.025926,0.774658,0.113525,-0.577148,-0.095981,-0.002368,0.018977,99903.0000,-0.193111,-0.015554,-0.981054,0.205846,-0.978265,-0.025009,-0.959341,-0.206776,0.192115,,,0.000000,,,,0.00,,,
16141,,,,,,,,,,,,,,-9.627500,-0.209182,1.876178,0.014638,-0.032014,-0.001912,0.778809,0.115723,-0.577148,-0.096274,-0.002104,0.018767,,-0.192870,-0.015787,-0.981097,0.205725,-0.978298,-0.024701,-0.959416,-0.206600,0.191932,,,0.000000,,,,0.00,,,
16142,,,,,,,,,,,,,,-9.638497,-0.218122,1.817461,0.069874,-0.009247,-0.002162,0.776855,0.115723,-0.572754,-0.096384,-0.002189,0.018178,99904.0000,-0.192758,-0.015926,-0.981117,0.205734,-0.978300,-0.024540,-0.959436,-0.206579,0.191852,,,0.000000,,,,0.00,,,
16143,,,,,,,,,,,,,,-9.622189,-0.208425,1.832634,0.051026,-0.020620,-0.015469,0.778809,0.115723,-0.574951,-0.096221,-0.002091,0.018331,,-0.192437,-0.016048,-0.981178,0.205664,-0.978320,-0.024336,-0.959516,-0.206476,0.191565,,,0.000000,,,,0.00,,,
16144,,,,,,,,,,,,,,-9.640472,-0.173002,1.870110,0.024999,-0.062074,0.008793,0.778809,0.117920,-0.577148,-0.096404,-0.001731,0.018703,99905.0000,-0.192387,-0.016075,-0.981187,0.205701,-0.978313,-0.024305,-0.959518,-0.206507,0.191522,,,0.000000,,,,0.00,,,
16145,,,,,,,,,,,,,,-9.651249,-0.183920,1.812271,0.078498,-0.039245,0.008568,0.772217,0.117920,-0.572754,-0.096513,-0.001838,0.018121,,-0.192239,-0.016061,-0.981217,0.205734,-0.978306,-0.024294,-0.959540,-0.206540,0.191373,,,0.000000,,,,0.00,,,
16146,,,,,,,,,,,,,,-9.666720,-0.219549,1.883785,0.005709,-0.019489,0.038298,0.778809,0.115723,-0.579346,-0.096667,-0.002191,0.018838,99904.0000,-0.192251,-0.015993,-0.981216,0.205846,-0.978281,-0.024387,-0.959514,-0.206667,0.191367,,,0.000000,,,,0.00,,,
16147,,,,,,,,,,,,,,-9.644398,-0.215193,1.858360,0.026194,-0.019876,0.011423,0.776611,0.120117,-0.581787,-0.096445,-0.002144,0.018580,,-0.192238,-0.015891,-0.981220,0.205983,-0.978248,-0.024512,-0.959487,-0.206827,0.191329,,,0.000000,,,,0.00,,,
16148,,,,,,,,,,,,,,-9.639307,-0.198226,1.844434,0.043176,-0.035305,0.003338,0.774414,0.122070,-0.583984,-0.096394,-0.001972,0.018440,99908.0000,-0.192359,-0.015734,-0.981198,0.206116,-0.978215,-0.024722,-0.959434,-0.206997,0.191412,,,0.000000,,,,0.00,,,
16149,,,,,,,,,,,,,,-9.676924,-0.235892,1.828284,0.060392,0.002985,0.038073,0.780762,0.122314,-0.577393,-0.096771,-0.002346,0.018277,,-0.192601,-0.015511,-0.981155,0.206351,-0.978158,-0.025043,-0.959335,-0.207286,0.191595,,,0.000000,,,,0.00,,,
16150,,,,,,,,,,,,,,-9.643559,-0.222115,1.861895,0.026657,-0.020314,0.011421,0.774414,0.117920,-0.581543,-0.096438,-0.002207,0.018609,99907.0000,-0.192849,-0.015312,-0.981109,0.206570,-0.978104,-0.025338,-0.959238,-0.207555,0.191789,,,0.000000,,,,0.00,,,
16151,,,,,,,,,,,,,,-9.665334,-0.230855,1.889538,0.004203,-0.020017,0.038298,0.776855,0.113770,-0.577148,-0.096655,-0.002292,0.018887,,-0.192993,-0.015059,-0.981085,0.206818,-0.978042,-0.025672,-0.959156,-0.207861,0.191870,,,0.000000,,,,0.00,,,
16152,,,,,,,,,,,,,,-9.645851,-0.290117,1.826409,0.051420,0.047992,0.008587,0.778564,0.122070,-0.579590,-0.096461,-0.002884,0.018251,99899.0000,-0.193309,-0.014829,-0.981026,0.207042,-0.977986,-0.026014,-0.959044,-0.208143,0.192124,,,0.000000,,,,0.00,,,
16153,,,,,,,,,,,,,,-9.650954,-0.290991,1.870734,0.011564,0.037332,0.022133,0.774658,0.115723,-0.579346,-0.096512,-0.002892,0.018695,,-0.193483,-0.014613,-0.980995,0.207180,-0.977949,-0.026294,-0.958979,-0.208330,0.192244,,,0.000000,,,,0.00,,,
16154,,,,,,,,,,,,,,-9.657191,-0.264847,1.827758,0.062458,0.018114,0.019299,0.774414,0.117920,-0.581543,-0.096575,-0.002633,0.018265,99895.0000,-0.193790,-0.014388,-0.980937,0.207285,-0.977919,-0.026607,-0.958894,-0.208490,0.192494,,,0.000000,,,,0.00,,,
16155,,,,,,,,,,,,,,-9.644897,-0.278574,1.861300,0.028075,0.022928,0.014050,0.776367,0.124268,-0.581787,-0.096452,-0.002770,0.018598,,-0.194115,-0.014256,-0.980875,0.207322,-0.977905,-0.026817,-0.958821,-0.208562,0.192782,,,0.000000,,,,0.00,,,
16156,,,,,,,,,,,,,,-9.665513,-0.308826,1.863266,0.027663,0.050031,0.035460,0.774414,0.122070,-0.581787,-0.096659,-0.003073,0.018616,99900.0000,-0.194500,-0.014063,-0.980802,0.207492,-0.977860,-0.027126,-0.958706,-0.208785,0.193112,,,0.000000,,,,0.00,,,
16157,,,,,,,,,,,,,,-9.701453,-0.237337,1.829002,0.086476,-0.014958,0.062132,0.770020,0.124268,-0.583984,-0.097019,-0.002358,0.018270,,-0.194936,-0.013849,-0.980718,0.207744,-0.977797,-0.027485,-0.958563,-0.209096,0.193485,,,0.000000,,,,0.00,,,
16158,,,,,,,,,,,,,,-9.643336,-0.266584,1.899258,0.006287,-0.004119,0.019511,0.774414,0.122070,-0.586182,-0.096438,-0.002649,0.018972,99900.0000,-0.195398,-0.013646,-0.980629,0.207919,-0.977750,-0.027823,-0.958431,-0.209328,0.193888,,,0.000000,,,,0.00,,,
16159,,,,,,,,,,,,,,-9.721052,-0.271107,1.835918,0.087097,0.012007,0.083535,0.774414,0.120117,-0.581787,-0.097215,-0.002694,0.018338,,-0.195982,-0.013417,-0.980516,0.208096,-0.977701,-0.028215,-0.958273,-0.209571,0.194404,,,0.000000,,,,0.00,,,
16160,,,,,,,,,,,,,,-9.703495,-0.266484,1.856796,0.070182,0.000367,0.070206,0.776367,0.124268,-0.583984,-0.097041,-0.002646,0.018539,99905.0000,-0.196612,-0.013221,-0.980392,0.208328,-0.977641,-0.028595,-0.958094,-0.209866,0.194970,,,0.000000,,,,0.00,,,
16161,,,,,,,,,,,,,,-9.773182,-0.322351,1.813384,0.119621,0.062574,0.131614,0.774170,0.124268,-0.581787,-0.097738,-0.003203,0.018105,,-0.197181,-0.013015,-0.980281,0.208569,-0.977578,-0.028974,-0.957924,-0.210169,0.195475,,,0.000000,,,,0.00,,,
16162,,,,,,,,,,,,,,-9.745785,-0.280350,1.806574,0.136907,0.020065,0.102124,0.774170,0.128662,-0.582031,-0.097466,-0.002783,0.018027,99906.0000,-0.198009,-0.012833,-0.980116,0.208784,-0.977520,-0.029381,-0.957707,-0.210450,0.196237,,,0.000000,,,,0.00,,,
16163,,,,,,,,,,,,,,-9.697688,-0.321038,1.822981,0.111143,0.052737,0.059310,0.771973,0.126465,-0.581787,-0.096986,-0.003191,0.018187,,-0.198842,-0.012623,-0.979950,0.209132,-0.977432,-0.029845,-0.957458,-0.210873,0.196995,,,0.000000,,,,0.00,,,
16164,,,,,,,,,,,,,,-9.756400,-0.344723,1.868243,0.084486,0.065444,0.126380,0.772217,0.122070,-0.583984,-0.097574,-0.003429,0.018633,99906.0000,-0.199886,-0.012531,-0.979739,0.209326,-0.977379,-0.030206,-0.957198,-0.211123,0.197988,,,0.000000,,,,0.00,,,
16165,,,,,,,,,,,,,,-9.742386,-0.358772,1.909247,0.049456,0.069140,0.121133,0.763428,0.124268,-0.586426,-0.097435,-0.003572,0.019039,,-0.200903,-0.012478,-0.979532,0.209492,-0.977334,-0.030517,-0.956949,-0.211335,0.198963,,,0.000000,,,,0.00,,,
16166,,,,,,,,,,,,,,-9.655807,-0.362674,1.945119,0.008067,0.064004,0.043552,0.776367,0.126465,-0.588623,-0.096569,-0.003616,0.019398,99906.0000,-0.201993,-0.012531,-0.979307,0.209585,-0.977308,-0.030724,-0.956699,-0.211454,0.200035,,,0.000000,,,,0.00,,,
16167,,,,,,,,,,,,,,-9.745955,-0.312424,1.912752,0.078917,0.023297,0.123765,0.772217,0.122070,-0.588379,-0.097471,-0.003116,0.019073,,-0.203100,-0.012619,-0.979077,0.209669,-0.977284,-0.030897,-0.956446,-0.211557,0.201133,,,0.000000,,,,0.00,,,
16168,,,,,,,,,,,,,,-9.709817,-0.319184,1.928339,0.066576,0.026555,0.091643,0.767578,0.128418,-0.590820,-0.097110,-0.003180,0.019228,99910.0000,-0.204232,-0.012646,-0.978841,0.209723,-0.977265,-0.031132,-0.956193,-0.211644,0.202241,,,0.000000,,,,0.00,,,
16169,,,,,,,,,,,,,,-9.791340,-0.341165,1.887635,0.128905,0.058336,0.163778,0.765625,0.126465,-0.586426,-0.097925,-0.003404,0.018819,,-0.205360,-0.012763,-0.978603,0.209715,-0.977263,-0.031263,-0.955953,-0.211648,0.203367,,,0.000000,,,,0.00,,,
16170,,,,,,,,,,,,,,-9.782077,-0.350480,1.972016,0.056394,0.051012,0.172046,0.767822,0.122070,-0.592773,-0.097833,-0.003502,0.019659,99901.0000,-0.206565,-0.012961,-0.978347,0.209656,-0.977273,-0.031320,-0.955707,-0.211586,0.204588,,,0.000000,,,,0.00,,,
16171,,,,,,,,,,,,,,-9.803744,-0.329833,1.923602,0.123661,0.043746,0.182572,0.767822,0.126465,-0.590820,-0.098050,-0.003295,0.019171,,-0.207793,-0.013181,-0.978084,0.209540,-0.977298,-0.031346,-0.955466,-0.211461,0.205838,,,0.000000,,,,0.00,,,
16172,,,,,,,,,,,,,,-9.995305,-0.395437,1.875285,0.210071,0.123092,0.361785,0.760986,0.130615,-0.593262,-0.099968,-0.003952,0.018675,99900.0000,-0.209272,-0.013435,-0.977765,0.209378,-0.977331,-0.031384,-0.955179,-0.211290,0.207341,,,0.000000,,,,0.00,,,
16173,,,,,,,,,,,,,,-9.919791,-0.385997,1.885814,0.202595,0.113169,0.289474,0.763672,0.122070,-0.590576,-0.099215,-0.003862,0.018769,,-0.210962,-0.013705,-0.977398,0.209112,-0.977386,-0.031430,-0.954865,-0.211017,0.209058,,,0.000000,,,,0.00,,,
16174,,,,,,,,,,,,,,-10.027339,-0.388020,1.948958,0.183579,0.107710,0.407448,0.770020,0.122070,-0.592773,-0.100293,-0.003881,0.019386,99912.0000,-0.212928,-0.014063,-0.976967,0.208633,-0.977490,-0.031401,-0.954533,-0.210514,0.211069,,,0.000000,,,,0.00,,,
16175,,,,,,,,,,,,,,-9.917601,-0.470425,2.015618,0.097579,0.179293,0.316533,0.763672,0.122070,-0.590576,-0.099197,-0.004719,0.020048,,-0.214692,-0.014752,-0.976570,0.208171,-0.977601,-0.030997,-0.954239,-0.209948,0.212954,,,0.000000,,,,0.00,,,
16176,,,,,,,,,,,,,,-10.065459,-0.476992,1.979435,0.184527,0.204465,0.452946,0.761475,0.122070,-0.597412,-0.100677,-0.004797,0.019671,99906.0000,-0.216906,-0.015694,-0.976066,0.207816,-0.977693,-0.030462,-0.953816,-0.209450,0.215329,,,0.000000,,,,0.00,,,
16177,,,,,,,,,,,,,,-10.056537,-0.560606,2.011346,0.156729,0.292344,0.452966,0.763428,0.124268,-0.599609,-0.100590,-0.005654,0.019976,,-0.219084,-0.017124,-0.975556,0.207631,-0.977763,-0.029466,-0.953358,-0.209011,0.217768,,,0.000000,,,,0.00,,,
16178,,,,,,,,,,,,,,-10.149341,-0.450507,2.094641,0.146131,0.187507,0.557606,0.761475,0.122070,-0.606201,-0.101520,-0.004586,0.020798,99906.0000,-0.221526,-0.019194,-0.974965,0.207532,-0.977830,-0.027904,-0.952815,-0.208518,0.220598,,,0.000000,,,,0.00,,,
16179,,,,,,,,,,,,,,-11.056212,-1.162976,2.131828,0.190136,0.920088,1.468011,0.755127,0.117920,-0.608398,-0.110584,-0.011754,0.021138,,-0.224008,-0.021976,-0.974340,0.207873,-0.977817,-0.025737,-0.952161,-0.208304,0.223607,,,0.000000,,,,0.00,,,
16180,,,,,,,,,,,,,,-12.645096,-0.983123,1.054268,1.656138,1.058267,2.761608,0.753418,0.111572,-0.614746,-0.126459,-0.010142,0.010143,99907.0000,-0.228908,-0.027967,-0.973046,0.207764,-0.977959,-0.020768,-0.951018,-0.206918,0.229673,,,0.000000,,,,0.00,,,
16181,,,,,,,,,,,,,,-11.471921,2.083268,2.543325,0.668191,-2.208053,1.895891,0.751221,0.113525,-0.617188,-0.114844,0.020552,0.025095,,-0.233558,-0.033829,-0.971754,0.208124,-0.977972,-0.015976,-0.949808,-0.205977,0.235454,,,0.000000,,,,0.00,,,
16182,,,,,,,,,,,,,,-14.922644,-0.383178,1.129412,2.399649,0.702753,4.947155,0.747070,0.109375,-0.623535,-0.149272,-0.004237,0.010513,99902.0000,-0.242349,-0.041392,-0.969306,0.210630,-0.977505,-0.010921,-0.947049,-0.206811,0.245616,,,0.000000,,,,0.00,,,
16183,,,,,,,,,,,,,,-10.334448,-0.506570,2.620090,-0.037880,0.412851,0.852644,0.732178,0.102783,-0.630127,-0.103465,-0.005285,0.025675,,-0.250863,-0.046723,-0.966894,0.208463,-0.978006,-0.006826,-0.945310,-0.203274,0.255086,,,0.000000,,,,0.00,,,
16184,,,,,,,,,,,,,,-12.305863,-1.271057,1.849145,1.133740,1.477743,2.556568,0.732422,0.098633,-0.641113,-0.123132,-0.012933,0.017831,99904.0000,-0.260112,-0.052155,-0.964169,0.207719,-0.978184,-0.003124,-0.942971,-0.201089,0.265271,,,0.000000,,,,0.00,,,
16185,,,,,,,,,,,,,,-12.820015,-0.378350,2.105069,1.341411,0.654563,3.098435,0.721924,0.094238,-0.647705,-0.128319,-0.004026,0.020262,,-0.270756,-0.057741,-0.960915,0.205762,-0.978602,0.000826,-0.940401,-0.197496,0.276843,,,0.000000,,,,0.00,,,
16186,,,,,,,,,,,,,,-13.277116,-0.538979,2.127388,1.568314,0.917065,3.521269,0.709229,0.087891,-0.656494,-0.132904,-0.005637,0.020355,99908.0000,-0.282951,-0.063596,-0.957024,0.203730,-0.979015,0.004824,-0.937248,-0.193610,0.289970,,,0.000000,,,,0.00,,,
16187,,,,,,,,,,,,,,-14.719336,-0.386435,1.856912,2.448260,1.000601,4.790617,0.702881,0.083740,-0.671875,-0.147325,-0.004113,0.017425,,-0.296567,-0.069355,-0.952490,0.201411,-0.979469,0.008608,-0.933532,-0.189289,0.304447,,,0.000000,,,,0.00,,,
16188,,,,,,,,,,,,,,-14.822071,0.585901,2.102941,2.677066,0.102459,4.927599,0.694336,0.081543,-0.687500,-0.148410,0.005657,0.019691,99907.0000,-0.313010,-0.075002,-0.946784,0.199157,-0.979897,0.011783,-0.928634,-0.184871,0.321654,,,0.000000,,,,0.00,,,
16189,,,,,,,,,,,,,,-15.153564,0.280580,1.868700,3.205411,0.559719,5.107269,0.679443,0.081543,-0.703125,-0.151719,0.002647,0.017134,,-0.331340,-0.080322,-0.940086,0.196851,-0.980328,0.014379,-0.922748,-0.180293,0.340634,,,0.000000,,,,0.00,,,
16190,,,,,,,,,,,,,,-16.509537,-0.467213,1.479617,4.192511,1.570498,6.153408,0.662354,0.074951,-0.716309,-0.165248,-0.004847,0.012868,99907.0000,-0.352343,-0.086371,-0.931877,0.195401,-0.980576,0.017003,-0.915245,-0.176099,0.362376,,,0.000000,,,,0.00,,,
16191,,,,,,,,,,,,,,-17.643589,-0.450539,1.260434,5.185389,1.806795,7.007415,0.643311,0.072754,-0.738525,-0.176578,-0.004753,0.010217,,-0.375933,-0.093391,-0.921929,0.193810,-0.980828,0.020328,-0.906152,-0.171037,0.386826,,,0.000000,,,,0.00,,,
16192,,,,,,,,,,,,,,-17.704059,-0.333508,0.936093,5.989091,1.895219,6.768476,0.619629,0.070557,-0.758545,-0.177151,-0.003611,0.006628,99910.0000,-0.403079,-0.101494,-0.909520,0.192150,-0.981064,0.024321,-0.894765,-0.164961,0.414949,,,0.000000,,,,0.00,,,
16193,,,,,,,,,,,,,,-19.232979,0.881583,0.838440,7.457428,1.037394,7.925972,0.591797,0.068359,-0.780762,-0.192455,0.008416,0.005025,,-0.432779,-0.110796,-0.894665,0.191612,-0.981048,0.028805,-0.880901,-0.158962,0.445807,,,0.000000,,,,0.00,,,
16194,,,,,,,,,,,,,,-20.344135,1.630666,0.377940,9.134020,0.704198,8.427496,0.562012,0.059814,-0.809570,-0.203499,0.015847,-0.000265,99903.0000,-0.466728,-0.121432,-0.876025,0.191793,-0.980854,0.033780,-0.863354,-0.152250,0.481082,,,0.000000,,,,0.00,,,
16195,,,,,,,,,,,,,,-20.546483,2.203157,0.001719,10.381103,0.447135,8.047114,0.525635,0.057373,-0.833984,-0.205452,0.021498,-0.004604,,-0.503261,-0.132811,-0.853868,0.193951,-0.980269,0.038159,-0.842088,-0.146405,0.519090,,,0.000000,,,,0.00,,,
16196,,,,,,,,,,,,,,-21.121949,2.021037,-0.036408,11.484940,0.960482,8.000284,0.482422,0.057129,-0.860840,-0.211174,0.019657,-0.005654,99912.0000,-0.543711,-0.145109,-0.826633,0.197304,-0.979435,0.042158,-0.815751,-0.140177,0.561160,,,0.000000,,,,0.00,,,
16197,,,,,,,,,,,,,,-21.634679,-0.986455,-0.768843,12.633493,4.299725,7.258153,0.439209,0.063477,-0.885742,-0.216020,-0.010053,-0.013605,,-0.586116,-0.153786,-0.795498,0.198340,-0.979183,0.043161,-0.785576,-0.132481,0.604417,,,0.000000,,,,0.00,,,
16198,,,,,,,,,,,,,,-22.008110,-1.792967,0.085831,12.986033,5.228740,7.259404,0.383545,0.056641,-0.912598,-0.219963,-0.018074,-0.005756,99911.0000,-0.631941,-0.162736,-0.757739,0.198396,-0.979097,0.044816,-0.749193,-0.122011,0.651017,,,0.000000,,,,0.00,,,
16199,,,,,,,,,,,,,,-21.832573,-2.931541,0.466886,13.351291,6.459920,6.476015,0.325684,0.050049,-0.934814,-0.218292,-0.029565,-0.002336,,-0.676581,-0.171642,-0.716085,0.197750,-0.979084,0.047841,-0.709319,-0.109237,0.696372,,,0.000000,,,,0.00,,,
16200,,,,,,,,,,,,,,-20.927835,-3.240741,1.535561,12.939348,6.715309,5.619358,0.263184,0.047363,-0.952881,-0.209578,-0.032778,0.008348,99909.0000,-0.721354,-0.181539,-0.668350,0.196584,-0.979013,0.053747,-0.664080,-0.092617,0.741903,,,0.000000,,,,0.00,,,
16201,,,,,,,,,,,,,,-22.495894,2.031166,2.813142,15.258463,1.968274,6.956877,0.196777,0.038574,-0.970947,-0.225796,0.019531,0.020638,,-0.761475,-0.192163,-0.619056,0.196666,-0.978519,0.061834,-0.617640,-0.074662,0.782909,,,0.000000,,,,0.00,,,
16202,,,,,,,,,,,,,,-19.751029,1.496983,1.317854,14.943410,2.318633,3.042470,0.133789,0.048828,-0.987061,-0.197826,0.014649,0.006617,99913.0000,-0.800031,-0.199976,-0.565650,0.200162,-0.977763,0.062571,-0.565584,-0.063163,0.822268,,,0.000000,,,,0.00,,,
16203,,,,,,,,,,,,,,-21.717049,1.175086,-1.713212,18.885072,3.322936,0.584154,0.075684,0.044189,-0.991699,-0.216477,0.011599,-0.024110,,-0.833011,-0.203655,-0.514409,0.201837,-0.977569,0.060175,-0.515125,-0.053700,0.855431,,,0.000000,,,,0.00,,,
16204,,,,,,,,,,,,,,-21.023877,4.281851,-6.250750,21.763974,0.470111,-4.777889,0.012939,0.050049,-0.999023,-0.208153,0.042362,-0.069295,99909.0000,-0.863630,-0.209404,-0.458578,0.206724,-0.976755,0.056704,-0.459792,-0.045828,0.886843,,,0.000000,,,,0.00,,,
16205,,,,,,,,,,,,,,-22.189286,10.256543,-12.785440,27.124279,-4.821859,-11.153725,-0.049805,0.056152,-0.986328,-0.217530,0.102119,-0.135389,,-0.890481,-0.211900,-0.402669,0.208679,-0.976578,0.052432,-0.404348,-0.037339,0.913843,,,0.000000,,,,0.00,,,
16206,,,,,,,,,,,,,,-5.076616,16.428620,-18.350126,14.763105,-14.428509,-24.167400,-0.127930,0.063965,-0.991455,-0.043086,0.164187,-0.185486,99907.0000,-0.919898,-0.203169,-0.335426,0.199886,-0.978800,0.044680,-0.337393,-0.025946,0.941006,,,0.000000,,,,0.00,,,
16207,,,,,,,,,,,,,,67.844983,5.175285,3.587724,-62.978735,-18.628200,-27.938788,-0.143799,0.085205,-0.985596,0.677735,0.048524,0.050099,,-0.934525,-0.193272,-0.298846,0.197650,-0.980145,0.015813,-0.295969,-0.044289,0.954170,,,0.000000,,,,0.00,,,
16208,,,,,,,,,,,,,,-0.088917,-2.172769,-10.896590,2.872981,2.671890,-20.208401,-0.139893,0.091553,-0.990234,-0.000946,-0.022154,-0.108879,99906.0000,-0.931887,-0.201829,-0.301415,0.208232,-0.978017,0.011090,-0.297027,-0.052430,0.953429,,,0.000000,,,,0.00,,,
