// Start Time: Unknown
// Update Rate: 100.0Hz
// Filter Profile: human (46.1)
// Firmware Version: 4.6.0
PacketCounter,SampleTimeFine,Year,Month,Day,Second,UTC_Nano,UTC_Year,UTC_Month,UTC_Day,UTC_Hour,UTC_Minute,UTC_Second,UTC_Valid,Acc_X,Acc_Y,Acc_Z,FreeAcc_X,FreeAcc_Y,FreeAcc_Z,Mag_X,Mag_Y,Mag_Z,VelInc_X,VelInc_Y,VelInc_Z,Pressure,Mat[1][1],Mat[2][1],Mat[3][1],Mat[1][2],Mat[2][2],Mat[3][2],Mat[1][3],Mat[2][3],Mat[3][3],Latitude,Longitude,Altitude,Vel_X,Vel_Y,Vel_Z,Temperature,GyrTemp_X,GyrTemp_Y,GyrTemp_Z
40031,,,,,,,,,,,,,,-5.653292,-7.737925,-0.258492,-0.000000,0.000000,-0.226133,0.626953,0.531006,0.469727,-0.056560,-0.077359,-0.002585,,0.289543,-0.753704,-0.589996,-0.242636,0.538470,-0.806956,0.925901,0.376803,-0.026965,,,0.000000,,,,0.00,,,
40032,,,,,,,,,,,,,,-5.694330,-7.627893,-0.238468,-0.016664,0.111302,-0.291430,0.624512,0.533203,0.467529,-0.056968,-0.076261,-0.002386,99873.0000,0.289408,-0.754944,-0.588475,-0.242637,0.536846,-0.808037,0.925943,0.376638,-0.027810,,,0.000000,,,,0.00,,,
40033,,,,,,,,,,,,,,-5.698627,-7.599323,-0.172911,0.033429,0.159788,-0.313882,0.631348,0.531250,0.462891,-0.057008,-0.075977,-0.001730,,0.291352,-0.754536,-0.588038,-0.243781,0.535848,-0.808355,0.925032,0.378869,-0.027821,,,0.000000,,,,0.00,,,
40034,,,,,,,,,,,,,,-5.726404,-7.557532,-0.171623,0.014575,0.207139,-0.331425,0.626953,0.526611,0.462891,-0.057280,-0.075564,-0.001714,99869.0000,0.293594,-0.753862,-0.587787,-0.245291,0.534886,-0.808535,0.923923,0.381560,-0.027876,,,0.000000,,,,0.00,,,
40035,,,,,,,,,,,,,,-5.727099,-7.496826,-0.120396,0.045357,0.262743,-0.381597,0.618164,0.524414,0.465332,-0.057282,-0.074960,-0.001207,,0.296086,-0.753047,-0.587582,-0.246943,0.533900,-0.808684,0.922687,0.384540,-0.027879,,,0.000000,,,,0.00,,,
40036,,,,,,,,,,,,,,-5.720562,-7.466865,-0.133792,0.026025,0.269543,-0.409312,0.626953,0.528809,0.460693,-0.057208,-0.074667,-0.001344,99869.0000,0.298801,-0.751957,-0.587604,-0.248830,0.533045,-0.808669,0.921304,0.387845,-0.027835,,,0.000000,,,,0.00,,,
40037,,,,,,,,,,,,,,-5.723691,-7.456102,-0.110373,0.042722,0.285707,-0.416794,0.629150,0.531006,0.465088,-0.057231,-0.074565,-0.001114,,0.301715,-0.750660,-0.587774,-0.250871,0.532269,-0.808550,0.919800,0.391407,-0.027725,,,0.000000,,,,0.00,,,
40038,,,,,,,,,,,,,,-5.740032,-7.437605,-0.117941,0.024943,0.301448,-0.421822,0.633545,0.533447,0.460693,-0.057386,-0.074387,-0.001193,99877.0000,0.304803,-0.749118,-0.588147,-0.253073,0.531629,-0.808285,0.918177,0.395212,-0.027539,,,0.000000,,,,0.00,,,
40039,,,,,,,,,,,,,,-5.768267,-7.428135,-0.066387,0.059905,0.342658,-0.414098,0.629395,0.526611,0.451660,-0.057662,-0.074297,-0.000684,,0.308047,-0.747375,-0.588674,-0.255358,0.531104,-0.807911,0.916460,0.399198,-0.027243,,,0.000000,,,,0.00,,,
40040,,,,,,,,,,,,,,-5.780418,-7.438091,-0.137335,-0.008013,0.309472,-0.396667,0.633789,0.524658,0.458496,-0.057772,-0.074405,-0.001400,99873.0000,0.311493,-0.745316,-0.589471,-0.257776,0.530797,-0.807345,0.914617,0.403433,-0.026785,,,0.000000,,,,0.00,,,
40041,,,,,,,,,,,,,,-5.768508,-7.418285,-0.136065,-0.009580,0.300592,-0.419355,0.633789,0.520020,0.458740,-0.057641,-0.074216,-0.001391,,0.315095,-0.743004,-0.590475,-0.260397,0.530608,-0.806628,0.912638,0.407922,-0.026284,,,0.000000,,,,0.00,,,
40042,,,,,,,,,,,,,,-5.791039,-7.514513,-0.110019,0.031594,0.262288,-0.328683,0.642822,0.522461,0.451904,-0.057855,-0.075187,-0.001131,99869.0000,0.318730,-0.740415,-0.591774,-0.263171,0.530659,-0.805693,0.910578,0.412536,-0.025718,,,0.000000,,,,0.00,,,
40043,,,,,,,,,,,,,,-5.818919,-7.591212,-0.173451,-0.014319,0.199387,-0.248357,0.647217,0.522461,0.449463,-0.058121,-0.075963,-0.001768,,0.322321,-0.737677,-0.593247,-0.266010,0.530859,-0.804629,0.908487,0.417158,-0.025122,,,0.000000,,,,0.00,,,
40044,,,,,,,,,,,,,,-5.809854,-7.697796,-0.164493,0.026292,0.118856,-0.167861,0.651611,0.518066,0.456543,-0.058024,-0.077034,-0.001679,99873.0000,0.325924,-0.734685,-0.594989,-0.268875,0.531331,-0.803364,0.906355,0.421813,-0.024365,,,0.000000,,,,0.00,,,
40045,,,,,,,,,,,,,,-5.856408,-7.754561,-0.237415,-0.037363,0.071934,-0.092579,0.645020,0.515869,0.447510,-0.058484,-0.077605,-0.002404,,0.329348,-0.731808,-0.596646,-0.271800,0.531675,-0.802151,0.904243,0.426355,-0.023799,,,0.000000,,,,0.00,,,
40046,,,,,,,,,,,,,,-5.866289,-7.832367,-0.217822,0.002239,0.024142,-0.024627,0.651855,0.511475,0.449707,-0.058579,-0.078386,-0.002200,99875.0000,0.332524,-0.728883,-0.598462,-0.274749,0.532177,-0.800812,0.902187,0.430716,-0.023298,,,0.000000,,,,0.00,,,
40047,,,,,,,,,,,,,,-5.873850,-7.929512,-0.243869,0.008507,-0.054618,0.058262,0.654297,0.507080,0.454346,-0.058648,-0.079362,-0.002458,,0.335536,-0.725993,-0.600291,-0.277700,0.532686,-0.799455,0.900166,0.434947,-0.022873,,,0.000000,,,,0.00,,,
40048,,,,,,,,,,,,,,-5.837821,-8.026950,-0.213173,0.082020,-0.143079,0.113554,0.660889,0.504883,0.454590,-0.058281,-0.080340,-0.002149,99872.0000,0.338374,-0.722991,-0.602318,-0.280626,0.533421,-0.797942,0.898194,0.439029,-0.022394,,,0.000000,,,,0.00,,,
40049,,,,,,,,,,,,,,-5.833677,-8.140372,-0.231484,0.106027,-0.237850,0.201461,0.660889,0.507080,0.449951,-0.058239,-0.081473,-0.002334,,0.341075,-0.720115,-0.604237,-0.283373,0.534117,-0.796504,0.896308,0.442892,-0.021887,,,0.000000,,,,0.00,,,
40050,,,,,,,,,,,,,,-5.782335,-8.265856,-0.214940,0.180395,-0.357852,0.269243,0.671875,0.509521,0.449951,-0.057730,-0.082724,-0.002170,99865.0000,0.343601,-0.717366,-0.606074,-0.285838,0.534859,-0.795124,0.894559,0.446444,-0.021272,,,0.000000,,,,0.00,,,
40051,,,,,,,,,,,,,,-5.753832,-8.326138,-0.229141,0.200220,-0.438191,0.299263,0.669922,0.502686,0.445557,-0.057454,-0.083319,-0.002316,,0.345962,-0.714876,-0.607670,-0.287979,0.535496,-0.793922,0.892961,0.449663,-0.020608,,,0.000000,,,,0.00,,,
40052,,,,,,,,,,,,,,-5.730954,-8.399928,-0.184686,0.271974,-0.493200,0.342089,0.667969,0.496094,0.445557,-0.057237,-0.084048,-0.001875,99878.0000,0.348142,-0.712673,-0.609011,-0.289668,0.536078,-0.792915,0.891566,0.452458,-0.019807,,,0.000000,,,,0.00,,,
40053,,,,,,,,,,,,,,-5.683633,-8.481535,-0.189306,0.309537,-0.589540,0.377139,0.667969,0.493896,0.441162,-0.056778,-0.084854,-0.001926,,0.350109,-0.710772,-0.610104,-0.291007,0.536565,-0.792094,0.890359,0.454864,-0.018983,,,0.000000,,,,0.00,,,
40054,,,,,,,,,,,,,,-5.679242,-8.492637,-0.173747,0.325749,-0.604032,0.382306,0.672119,0.498291,0.447754,-0.056749,-0.084954,-0.001776,99874.0000,0.351989,-0.709284,-0.610754,-0.291808,0.536836,-0.791616,0.889355,0.456863,-0.018014,,,0.000000,,,,0.00,,,
40055,,,,,,,,,,,,,,-5.668173,-8.535384,-0.224012,0.293388,-0.668533,0.409745,0.676758,0.496338,0.443359,-0.056659,-0.085367,-0.002287,,0.353758,-0.708053,-0.611160,-0.292270,0.537013,-0.791325,0.888501,0.458561,-0.016971,,,0.000000,,,,0.00,,,
40056,,,,,,,,,,,,,,-5.699096,-8.507955,-0.253419,0.239414,-0.649275,0.407407,0.667725,0.500488,0.440918,-0.056985,-0.085082,-0.002584,99879.0000,0.355650,-0.707277,-0.610960,-0.292328,0.536720,-0.791502,0.887726,0.460098,-0.015872,,,0.000000,,,,0.00,,,
40057,,,,,,,,,,,,,,-5.659848,-8.471897,-0.231502,0.253001,-0.650865,0.354557,0.672363,0.496094,0.441162,-0.056615,-0.084707,-0.002362,,0.357450,-0.706640,-0.610647,-0.292299,0.536350,-0.791764,0.887012,0.461507,-0.014832,,,0.000000,,,,0.00,,,
40058,,,,,,,,,,,,,,-5.708291,-8.372995,-0.268616,0.159886,-0.574236,0.307019,0.681152,0.496338,0.434326,-0.057115,-0.083707,-0.002733,99876.0000,0.359462,-0.706581,-0.609533,-0.291880,0.535282,-0.792640,0.886337,0.462835,-0.013823,,,0.000000,,,,0.00,,,
40059,,,,,,,,,,,,,,-5.745195,-8.315663,-0.261992,0.123378,-0.510086,0.284378,0.676758,0.494141,0.436523,-0.057497,-0.083124,-0.002663,,0.361374,-0.706369,-0.608647,-0.291638,0.534383,-0.793336,0.885639,0.464196,-0.012892,,,0.000000,,,,0.00,,,
40060,,,,,,,,,,,,,,-5.747639,-8.244453,-0.207858,0.133506,-0.433377,0.229419,0.681152,0.500732,0.434326,-0.057529,-0.082407,-0.002122,99874.0000,0.363545,-0.706538,-0.607156,-0.291126,0.532942,-0.794493,0.884918,0.465593,-0.011943,,,0.000000,,,,0.00,,,
40061,,,,,,,,,,,,,,-5.815614,-8.185602,-0.204264,0.080800,-0.344354,0.224346,0.681152,0.496338,0.447998,-0.058214,-0.081814,-0.002087,,0.365456,-0.706526,-0.606023,-0.290697,0.531865,-0.795371,0.884272,0.466842,-0.011012,,,0.000000,,,,0.00,,,
40062,,,,,,,,,,,,,,-5.776465,-8.098140,-0.182401,0.071844,-0.300428,0.131419,0.681152,0.500732,0.436523,-0.057824,-0.080938,-0.001872,99880.0000,0.367666,-0.706850,-0.604306,-0.290085,0.530225,-0.796689,0.883557,0.468215,-0.010101,,,0.000000,,,,0.00,,,
40063,,,,,,,,,,,,,,-5.751803,-7.993283,-0.168462,0.047428,-0.246908,0.033173,0.676758,0.500732,0.436523,-0.057579,-0.079888,-0.001731,,0.369769,-0.706811,-0.603067,-0.289653,0.529031,-0.797639,0.882820,0.469622,-0.009111,,,0.000000,,,,0.00,,,
40064,,,,,,,,,,,,,,-5.799451,-7.922086,-0.169646,-0.009442,-0.160276,0.005462,0.674316,0.502930,0.431885,-0.058056,-0.079175,-0.001738,99882.0000,0.372097,-0.707137,-0.601250,-0.289178,0.527207,-0.799017,0.881998,0.471180,-0.008317,,,0.000000,,,,0.00,,,
40065,,,,,,,,,,,,,,-5.818472,-7.876510,-0.132756,-0.011505,-0.096011,-0.019717,0.674316,0.505127,0.434082,-0.058244,-0.078720,-0.001368,,0.374293,-0.707013,-0.600032,-0.288984,0.525911,-0.799941,0.881132,0.472812,-0.007471,,,0.000000,,,,0.00,,,
40066,,,,,,,,,,,,,,-5.835994,-7.859649,-0.163958,-0.066233,-0.073532,-0.022387,0.676514,0.505127,0.431885,-0.058416,-0.078554,-0.001672,99874.0000,0.376679,-0.707222,-0.598289,-0.288845,0.523991,-0.801251,0.880160,0.474627,-0.006901,,,0.000000,,,,0.00,,,
40067,,,,,,,,,,,,,,-5.909939,-7.823545,-0.126495,-0.082986,0.024589,-0.007396,0.674316,0.509521,0.434082,-0.059150,-0.078196,-0.001290,,0.378843,-0.706962,-0.597229,-0.289111,0.522626,-0.802045,0.879143,0.476515,-0.006397,,,0.000000,,,,0.00,,,
40068,,,,,,,,,,,,,,-5.935866,-7.807948,-0.079510,-0.067864,0.088462,-0.004913,0.681152,0.500732,0.429688,-0.059403,-0.078046,-0.000816,99878.0000,0.381208,-0.706935,-0.595755,-0.289481,0.520732,-0.803143,0.877998,0.478624,-0.006137,,,0.000000,,,,0.00,,,
40069,,,,,,,,,,,,,,-5.903867,-7.778093,-0.116893,-0.105344,0.070372,-0.047854,0.676758,0.500732,0.434082,-0.059074,-0.077754,-0.001187,,0.383502,-0.706313,-0.595020,-0.290246,0.519460,-0.803690,0.876746,0.480919,-0.005791,,,0.000000,,,,0.00,,,
40070,,,,,,,,,,,,,,-5.940810,-7.832858,-0.066505,-0.067590,0.101898,0.017692,0.681152,0.502930,0.431885,-0.059436,-0.078308,-0.000682,99880.0000,0.385990,-0.705747,-0.594082,-0.291151,0.517876,-0.804385,0.875353,0.483452,-0.005584,,,0.000000,,,,0.00,,,
40071,,,,,,,,,,,,,,-5.977264,-7.924650,-0.105979,-0.095414,0.064426,0.113326,0.678955,0.500732,0.429688,-0.059792,-0.079232,-0.001078,,0.388251,-0.704842,-0.593683,-0.292145,0.516855,-0.804682,0.874021,0.485860,-0.005247,,,0.000000,,,,0.00,,,
40072,,,,,,,,,,,,,,-6.015095,-8.015419,-0.144971,-0.124199,0.031216,0.208935,0.680908,0.505127,0.431885,-0.060165,-0.080143,-0.001472,99873.0000,0.390503,-0.704142,-0.593036,-0.292988,0.515630,-0.805161,0.872735,0.488170,-0.004950,,,0.000000,,,,0.00,,,
40073,,,,,,,,,,,,,,-6.017255,-8.039334,-0.104955,-0.088228,0.040378,0.229218,0.680908,0.507324,0.425049,-0.060181,-0.080387,-0.001070,,0.392387,-0.703246,-0.592856,-0.293813,0.514950,-0.805296,0.871611,0.490176,-0.004563,,,0.000000,,,,0.00,,,
40074,,,,,,,,,,,,,,-6.052921,-8.097096,-0.157250,-0.136327,0.014833,0.297047,0.683105,0.509521,0.427246,-0.060537,-0.080965,-0.001592,99880.0000,0.394145,-0.702731,-0.592299,-0.294443,0.513945,-0.805707,0.870605,0.491964,-0.004345,,,0.000000,,,,0.00,,,
40075,,,,,,,,,,,,,,-6.040415,-8.138170,-0.110391,-0.082618,0.008048,0.322485,0.683350,0.502930,0.422852,-0.060413,-0.081375,-0.001120,,0.395586,-0.702073,-0.592119,-0.295027,0.513401,-0.805840,0.869753,0.493470,-0.004036,,,0.000000,,,,0.00,,,
40076,,,,,,,,,,,,,,-6.031014,-8.066782,-0.110997,-0.105415,0.042610,0.259328,0.683350,0.500732,0.422852,-0.060319,-0.080661,-0.001126,99874.0000,0.397049,-0.701705,-0.591575,-0.295492,0.512504,-0.806240,0.868928,0.494923,-0.003859,,,0.000000,,,,0.00,,,
40077,,,,,,,,,,,,,,-5.991026,-8.030740,-0.096544,-0.091711,0.040745,0.206515,0.681152,0.502930,0.420410,-0.059921,-0.080299,-0.000982,,0.398420,-0.701121,-0.591347,-0.295982,0.511955,-0.806410,0.868134,0.496318,-0.003546,,,0.000000,,,,0.00,,,
40078,,,,,,,,,,,,,,-5.950771,-7.994874,-0.082582,-0.078552,0.041810,0.153685,0.681152,0.502930,0.422852,-0.059519,-0.079940,-0.000838,99873.0000,0.399904,-0.700672,-0.590877,-0.296574,0.511069,-0.806754,0.867249,0.497863,-0.003423,,,0.000000,,,,0.00,,,
40079,,,,,,,,,,,,,,-5.940310,-7.933548,-0.106371,-0.117033,0.055702,0.098063,0.683350,0.502930,0.429688,-0.059419,-0.079324,-0.001077,,0.401275,-0.700164,-0.590550,-0.297059,0.510407,-0.806995,0.866449,0.499255,-0.003176,,,0.000000,,,,0.00,,,
40080,,,,,,,,,,,,,,-5.876633,-7.824507,-0.043643,-0.073412,0.103178,-0.027822,0.685547,0.505127,0.420410,-0.058783,-0.078233,-0.000452,99875.0000,0.402546,-0.699884,-0.590016,-0.297483,0.509541,-0.807386,0.865714,0.500529,-0.003090,,,0.000000,,,,0.00,,,
40081,,,,,,,,,,,,,,-5.816288,-7.775253,-0.035254,-0.061208,0.092270,-0.103272,0.678955,0.502930,0.418213,-0.058179,-0.077740,-0.000368,,0.403842,-0.699425,-0.589675,-0.297842,0.508934,-0.807636,0.864987,0.501787,-0.002789,,,0.000000,,,,0.00,,,
40082,,,,,,,,,,,,,,-5.805605,-7.704921,-0.034746,-0.083258,0.124820,-0.166468,0.681152,0.498535,0.422852,-0.058072,-0.077037,-0.000373,99882.0000,0.405277,-0.699042,-0.589144,-0.298047,0.508197,-0.808024,0.864245,0.503066,-0.002387,,,0.000000,,,,0.00,,,
40083,,,,,,,,,,,,,,-5.798898,-7.684728,-0.064463,-0.119193,0.115626,-0.186741,0.685547,0.498535,0.422852,-0.058002,-0.076837,-0.000678,,0.406658,-0.698478,-0.588862,-0.298114,0.507828,-0.808232,0.863573,0.504222,-0.001714,,,0.000000,,,,0.00,,,
40084,,,,,,,,,,,,,,-5.823683,-7.638105,-0.129726,-0.206133,0.123240,-0.209819,0.683350,0.505127,0.422852,-0.058244,-0.076375,-0.001339,99877.0000,0.407921,-0.697909,-0.588663,-0.298160,0.507569,-0.808378,0.862961,0.505270,-0.001040,,,0.000000,,,,0.00,,,
40085,,,,,,,,,,,,,,-5.800059,-7.593072,-0.139592,-0.226866,0.121149,-0.260265,0.683105,0.507324,0.418213,-0.058003,-0.075928,-0.001445,,0.409236,-0.697191,-0.588600,-0.298002,0.507587,-0.808424,0.862392,0.506241,-0.000041,,,0.000000,,,,0.00,,,
40086,,,,,,,,,,,,,,-5.831366,-7.585680,-0.211464,-0.311476,0.106948,-0.247980,0.685547,0.502930,0.420654,-0.058306,-0.075861,-0.002168,99880.0000,0.410490,-0.696455,-0.588598,-0.297970,0.507604,-0.808426,0.861807,0.507235,0.000844,,,0.000000,,,,0.00,,,
40087,,,,,,,,,,,,,,-5.777024,-7.579016,-0.308727,-0.382773,0.015357,-0.285671,0.685791,0.498535,0.409180,-0.057754,-0.075800,-0.003140,,0.411830,-0.695421,-0.588885,-0.298013,0.507914,-0.808215,0.861153,0.508342,0.001929,,,0.000000,,,,0.00,,,
40088,,,,,,,,,,,,,,-5.747418,-7.616931,-0.387346,-0.431846,-0.073454,-0.272845,0.687744,0.505127,0.413574,-0.057447,-0.076187,-0.003924,99879.0000,0.413229,-0.694167,-0.589384,-0.298505,0.508208,-0.807848,0.860312,0.509761,0.002794,,,0.000000,,,,0.00,,,
40089,,,,,,,,,,,,,,-5.707569,-7.674928,-0.379476,-0.395269,-0.137394,-0.249752,0.692139,0.502930,0.416016,-0.057042,-0.076772,-0.003834,,0.414625,-0.692803,-0.590009,-0.299170,0.508548,-0.807388,0.859409,0.511276,0.003590,,,0.000000,,,,0.00,,,
40090,,,,,,,,,,,,,,-5.635381,-7.763397,-0.440074,-0.390349,-0.272961,-0.221305,0.692383,0.498535,0.413818,-0.056314,-0.077661,-0.004434,99872.0000,0.415887,-0.691443,-0.590715,-0.300227,0.508748,-0.806870,0.858430,0.512916,0.003991,,,0.000000,,,,0.00,,,
40091,,,,,,,,,,,,,,-5.563571,-7.823402,-0.434666,-0.337533,-0.361874,-0.215658,0.694580,0.498535,0.406982,-0.055593,-0.078263,-0.004371,,0.417134,-0.690010,-0.591512,-0.301222,0.509089,-0.806284,0.857476,0.514505,0.004512,,,0.000000,,,,0.00,,,
40092,,,,,,,,,,,,,,-5.507693,-7.874995,-0.460671,-0.316473,-0.449686,-0.207477,0.694580,0.498535,0.404785,-0.055035,-0.078779,-0.004624,99869.0000,0.418024,-0.688777,-0.592320,-0.302439,0.509308,-0.805690,0.856614,0.515938,0.004590,,,0.000000,,,,0.00,,,
40093,,,,,,,,,,,,,,-5.477464,-7.995276,-0.433014,-0.241320,-0.527413,-0.128776,0.690186,0.494141,0.413818,-0.054736,-0.079979,-0.004344,,0.418716,-0.687730,-0.593047,-0.303193,0.509708,-0.805153,0.856009,0.516938,0.004908,,,0.000000,,,,0.00,,,
40094,,,,,,,,,,,,,,-5.418707,-8.011086,-0.370357,-0.153037,-0.549683,-0.150831,0.692139,0.500732,0.418457,-0.054156,-0.080131,-0.003716,99878.0000,0.419030,-0.687055,-0.593607,-0.303993,0.509883,-0.804740,0.855571,0.517663,0.004796,,,0.000000,,,,0.00,,,
40095,,,,,,,,,,,,,,-5.446677,-8.053444,-0.348370,-0.132186,-0.547503,-0.100407,0.689941,0.502930,0.413818,-0.054445,-0.080548,-0.003499,,0.419228,-0.686573,-0.594024,-0.304125,0.510293,-0.804431,0.855427,0.517898,0.005125,,,0.000000,,,,0.00,,,
40096,,,,,,,,,,,,,,-5.479321,-8.142041,-0.254788,-0.035311,-0.521528,-0.009245,0.692139,0.502930,0.409180,-0.054781,-0.081428,-0.002563,99875.0000,0.418971,-0.686697,-0.594063,-0.304325,0.510215,-0.804405,0.855482,0.517810,0.004787,,,0.000000,,,,0.00,,,
40097,,,,,,,,,,,,,,-5.518269,-8.150506,-0.193629,0.001175,-0.471110,0.020806,0.698730,0.505371,0.418213,-0.055177,-0.081508,-0.001959,,0.418888,-0.686652,-0.594173,-0.303890,0.510607,-0.804320,0.855677,0.517484,0.005220,,,0.000000,,,,0.00,,,
40098,,,,,,,,,,,,,,-5.533998,-8.132640,-0.195834,-0.013160,-0.449103,0.015916,0.696777,0.496338,0.413818,-0.055341,-0.081325,-0.001984,99876.0000,0.418506,-0.687146,-0.593871,-0.303499,0.510487,-0.804544,0.856003,0.516946,0.005093,,,0.000000,,,,0.00,,,
40099,,,,,,,,,,,,,,-5.570119,-8.142962,-0.132715,0.023333,-0.398649,0.045923,0.698975,0.498535,0.409424,-0.055711,-0.081423,-0.001359,,0.418289,-0.687434,-0.593691,-0.302548,0.510848,-0.804673,0.856446,0.516206,0.005701,,,0.000000,,,,0.00,,,
40100,,,,,,,,,,,,,,-5.615985,-8.095518,-0.066131,0.042843,-0.304862,0.035474,0.694580,0.500732,0.411621,-0.056176,-0.080944,-0.000697,99880.0000,0.417891,-0.688089,-0.593212,-0.301690,0.510801,-0.805025,0.856942,0.515379,0.005870,,,0.000000,,,,0.00,,,
40101,,,,,,,,,,,,,,-5.622294,-8.011411,0.011091,0.072516,-0.217552,-0.027984,0.689941,0.502930,0.404541,-0.056244,-0.080099,0.000075,,0.417697,-0.688572,-0.592788,-0.300450,0.511049,-0.805332,0.857473,0.514487,0.006582,,,0.000000,,,,0.00,,,
40102,,,,,,,,,,,,,,-5.685730,-7.988547,0.062086,0.075511,-0.129903,-0.008317,0.694336,0.505127,0.411377,-0.056881,-0.079869,0.000580,99880.0000,0.417705,-0.689223,-0.592026,-0.299463,0.510750,-0.805889,0.857814,0.513913,0.006946,,,0.000000,,,,0.00,,,
40103,,,,,,,,,,,,,,-5.707847,-7.915369,0.065772,0.037370,-0.075053,-0.054108,0.692139,0.509521,0.406738,-0.057100,-0.079139,0.000613,,0.417883,-0.689493,-0.591586,-0.298277,0.510946,-0.806204,0.858140,0.513356,0.007856,,,0.000000,,,,0.00,,,
40104,,,,,,,,,,,,,,-5.733996,-7.873639,0.083437,0.020525,-0.021108,-0.072102,0.694336,0.505127,0.400146,-0.057360,-0.078722,0.000786,99882.0000,0.418264,-0.689903,-0.590838,-0.297428,0.510583,-0.806747,0.858249,0.513165,0.008362,,,0.000000,,,,0.00,,,
40105,,,,,,,,,,,,,,-5.764865,-7.872492,0.092928,0.004356,0.003999,-0.054697,0.694336,0.502930,0.406982,-0.057663,-0.078715,0.000874,,0.418966,-0.689737,-0.590535,-0.296508,0.510788,-0.806957,0.858225,0.513185,0.009490,,,0.000000,,,,0.00,,,
40106,,,,,,,,,,,,,,-5.773788,-7.815459,0.106004,-0.014876,0.046792,-0.095340,0.694336,0.502930,0.409180,-0.057748,-0.078148,0.001005,99871.0000,0.420055,-0.689440,-0.590106,-0.296105,0.510542,-0.807260,0.857832,0.513827,0.010309,,,0.000000,,,,0.00,,,
40107,,,,,,,,,,,,,,-5.803811,-7.800270,0.057896,-0.083716,0.046453,-0.090414,0.692383,0.500732,0.409180,-0.058044,-0.077999,0.000523,,0.421414,-0.688720,-0.589979,-0.295802,0.510595,-0.807337,0.857270,0.514740,0.011447,,,0.000000,,,,0.00,,,
40108,,,,,,,,,,,,,,-5.796403,-7.737158,0.041966,-0.119202,0.063549,-0.145971,0.694336,0.502930,0.402344,-0.057961,-0.077374,0.000367,99873.0000,0.422960,-0.687827,-0.589914,-0.296266,0.510264,-0.807377,0.856348,0.516259,0.012042,,,0.000000,,,,0.00,,,
40109,,,,,,,,,,,,,,-5.741823,-7.713019,-0.011917,-0.157167,0.004014,-0.198396,0.694336,0.505127,0.404541,-0.057408,-0.077137,-0.000167,,0.424972,-0.686442,-0.590082,-0.296861,0.510137,-0.807239,0.855145,0.518226,0.013016,,,0.000000,,,,0.00,,,
40110,,,,,,,,,,,,,,-5.710009,-7.714698,-0.002396,-0.138722,-0.017438,-0.215749,0.698730,0.505371,0.400146,-0.057085,-0.077158,-0.000064,99873.0000,0.427134,-0.684988,-0.590209,-0.298116,0.509563,-0.807138,0.853629,0.520707,0.013446,,,0.000000,,,,0.00,,,
40111,,,,,,,,,,,,,,-5.621839,-7.664086,0.009191,-0.110512,-0.053690,-0.308569,0.698975,0.500977,0.400146,-0.056198,-0.076655,0.000055,,0.429466,-0.683203,-0.590587,-0.299350,0.509298,-0.806849,0.852026,0.523306,0.014210,,,0.000000,,,,0.00,,,
40112,,,,,,,,,,,,,,-5.645686,-7.684409,0.000418,-0.123417,-0.057437,-0.278256,0.701172,0.500977,0.402588,-0.056434,-0.076861,-0.000032,99873.0000,0.431770,-0.681489,-0.590887,-0.300914,0.508735,-0.806622,0.850309,0.526082,0.014586,,,0.000000,,,,0.00,,,
40113,,,,,,,,,,,,,,-5.585793,-7.729327,-0.000895,-0.088228,-0.130298,-0.277552,0.703369,0.498779,0.395752,-0.055835,-0.077310,-0.000045,,0.433972,-0.679711,-0.591321,-0.302112,0.508552,-0.806290,0.848762,0.528553,0.015348,,,0.000000,,,,0.00,,,
40114,,,,,,,,,,,,,,-5.588676,-7.707296,0.051952,-0.052133,-0.095213,-0.292886,0.703369,0.498779,0.395752,-0.055864,-0.077089,0.000478,99873.0000,0.435907,-0.678157,-0.591683,-0.303346,0.508253,-0.806015,0.847329,0.530832,0.015835,,,0.000000,,,,0.00,,,
40115,,,,,,,,,,,,,,-5.562053,-7.739455,0.074003,-0.016482,-0.126907,-0.282489,0.703369,0.500977,0.388916,-0.055600,-0.077410,0.000696,,0.437783,-0.676591,-0.592090,-0.304101,0.508305,-0.805697,0.846090,0.532776,0.016776,,,0.000000,,,,0.00,,,
40116,,,,,,,,,,,,,,-5.548240,-7.731739,0.054093,-0.033243,-0.149228,-0.297315,0.712402,0.498779,0.386719,-0.055462,-0.077332,0.000493,99874.0000,0.439507,-0.675247,-0.592347,-0.304837,0.508189,-0.805493,0.844931,0.534589,0.017513,,,0.000000,,,,0.00,,,
40117,,,,,,,,,,,,,,-5.574236,-7.774674,0.084018,-0.012209,-0.146698,-0.246965,0.703613,0.498779,0.388916,-0.055725,-0.077759,0.000788,,0.440969,-0.674002,-0.592678,-0.305059,0.508480,-0.805225,0.844088,0.535881,0.018614,,,0.000000,,,,0.00,,,
40118,,,,,,,,,,,,,,-5.561814,-7.790057,0.101369,0.006639,-0.160129,-0.241724,0.710205,0.498779,0.384277,-0.055605,-0.077911,0.000959,99877.0000,0.442209,-0.673065,-0.592819,-0.305127,0.508639,-0.805099,0.843415,0.536907,0.019555,,,0.000000,,,,0.00,,,
40119,,,,,,,,,,,,,,-5.579804,-7.770409,0.106186,-0.011087,-0.144153,-0.246925,0.701416,0.494385,0.393555,-0.055786,-0.077713,0.001003,,0.443001,-0.672344,-0.593046,-0.304636,0.509247,-0.804900,0.843177,0.537235,0.020777,,,0.000000,,,,0.00,,,
40120,,,,,,,,,,,,,,-5.588858,-7.831910,0.145206,0.029580,-0.154805,-0.191337,0.705566,0.500977,0.386475,-0.055877,-0.078329,0.001387,99880.0000,0.443516,-0.671893,-0.593172,-0.304048,0.509787,-0.804780,0.843118,0.537286,0.021811,,,0.000000,,,,0.00,,,
40121,,,,,,,,,,,,,,-5.588711,-7.811350,0.203887,0.062929,-0.122483,-0.206779,0.710205,0.498779,0.386719,-0.055877,-0.078122,0.001968,,0.443851,-0.671500,-0.593366,-0.302931,0.510743,-0.804596,0.843344,0.536870,0.023276,,,0.000000,,,,0.00,,,
40122,,,,,,,,,,,,,,-5.592719,-7.831899,0.253980,0.100413,-0.109775,-0.186706,0.707764,0.500977,0.386475,-0.055919,-0.078327,0.002469,99880.0000,0.443995,-0.671400,-0.593372,-0.301843,0.511447,-0.804557,0.843658,0.536325,0.024423,,,0.000000,,,,0.00,,,
40123,,,,,,,,,,,,,,-5.610605,-7.825478,0.319946,0.135348,-0.068265,-0.179601,0.703369,0.503174,0.379639,-0.056101,-0.078261,0.003128,,0.444050,-0.671271,-0.593477,-0.300451,0.512459,-0.804435,0.844126,0.535520,0.025873,,,0.000000,,,,0.00,,,
40124,,,,,,,,,,,,,,-5.663215,-7.825124,0.363704,0.137875,-0.014223,-0.147408,0.703369,0.503174,0.375244,-0.056631,-0.078255,0.003566,99878.0000,0.444289,-0.671302,-0.593263,-0.299168,0.513024,-0.804553,0.844456,0.534939,0.027099,,,0.000000,,,,0.00,,,
40125,,,,,,,,,,,,,,-5.750936,-7.830692,0.385131,0.107109,0.045210,-0.090147,0.708008,0.498779,0.377441,-0.057508,-0.078311,0.003781,,0.444586,-0.671078,-0.593294,-0.297917,0.513865,-0.804480,0.844741,0.534414,0.028531,,,0.000000,,,,0.00,,,
40126,,,,,,,,,,,,,,-5.752439,-7.839297,0.377120,0.089691,0.031469,-0.082409,0.708008,0.500977,0.377441,-0.057523,-0.078398,0.003697,99871.0000,0.445403,-0.670673,-0.593139,-0.296880,0.514370,-0.804541,0.844676,0.534436,0.029993,,,0.000000,,,,0.00,,,
40127,,,,,,,,,,,,,,-5.762511,-7.769929,0.416924,0.085792,0.086345,-0.130883,0.710205,0.503174,0.372803,-0.057624,-0.077705,0.004090,,0.446319,-0.670028,-0.593180,-0.295909,0.515073,-0.804449,0.844534,0.534568,0.031620,,,0.000000,,,,0.00,,,
40128,,,,,,,,,,,,,,-5.724306,-7.731149,0.441797,0.098806,0.085955,-0.183754,0.709961,0.505371,0.377441,-0.057238,-0.077320,0.004333,99875.0000,0.447616,-0.669181,-0.593159,-0.295110,0.515613,-0.804396,0.844127,0.535107,0.033315,,,0.000000,,,,0.00,,,
40129,,,,,,,,,,,,,,-5.609372,-7.614485,0.403012,0.069950,0.037496,-0.346879,0.703369,0.505371,0.372803,-0.056085,-0.076156,0.003945,,0.448907,-0.668147,-0.593348,-0.294379,0.516368,-0.804179,0.843696,0.535671,0.035113,,,0.000000,,,,0.00,,,
40130,,,,,,,,,,,,,,-5.536471,-7.569049,0.450939,0.116107,0.029354,-0.424824,0.710205,0.498779,0.373047,-0.055357,-0.075702,0.004419,99879.0000,0.450520,-0.667095,-0.593309,-0.293734,0.516814,-0.804129,0.843061,0.536552,0.036886,,,0.000000,,,,0.00,,,
40131,,,,,,,,,,,,,,-5.457647,-7.458135,0.390898,0.054396,-0.010204,-0.562855,0.710205,0.500977,0.370605,-0.054567,-0.074593,0.003816,,0.452283,-0.665717,-0.593515,-0.293167,0.517519,-0.803882,0.842314,0.537582,0.038899,,,0.000000,,,,0.00,,,
40132,,,,,,,,,,,,,,-5.452526,-7.380783,0.323735,-0.036363,-0.021192,-0.630694,0.718994,0.498779,0.368408,-0.054515,-0.073820,0.003140,99876.0000,0.454517,-0.664059,-0.593666,-0.292951,0.517968,-0.803672,0.841186,0.539198,0.040888,,,0.000000,,,,0.00,,,
40133,,,,,,,,,,,,,,-5.433937,-7.330693,0.241275,-0.126559,-0.065379,-0.685551,0.714355,0.507568,0.363770,-0.054326,-0.073320,0.002315,,0.457034,-0.662115,-0.593906,-0.292892,0.518448,-0.803384,0.839842,0.541124,0.043020,,,0.000000,,,,0.00,,,
40134,,,,,,,,,,,,,,-5.413209,-7.248849,0.144054,-0.236079,-0.101775,-0.768171,0.718994,0.503174,0.363770,-0.054114,-0.072504,0.001351,99875.0000,0.459946,-0.659900,-0.594123,-0.293393,0.518574,-0.803120,0.838076,0.543703,0.044906,,,0.000000,,,,0.00,,,
40135,,,,,,,,,,,,,,-5.557880,-7.237400,0.060662,-0.386861,-0.059254,-0.695644,0.712402,0.500977,0.363770,-0.055555,-0.072393,0.000530,,0.462919,-0.657477,-0.594499,-0.294377,0.518590,-0.802749,0.836091,0.546615,0.046519,,,0.000000,,,,0.00,,,
40136,,,,,,,,,,,,,,-5.731263,-7.311064,-0.012967,-0.513004,-0.034893,-0.537193,0.723389,0.503418,0.363770,-0.057279,-0.073137,-0.000183,99879.0000,0.465886,-0.654972,-0.594947,-0.296239,0.518118,-0.802369,0.833782,0.550059,0.047355,,,0.000000,,,,0.00,,,
40137,,,,,,,,,,,,,,-6.037199,-7.457103,-0.074889,-0.664943,0.042576,-0.240969,0.719238,0.494385,0.359375,-0.060323,-0.074610,-0.000777,,0.468706,-0.652206,-0.595771,-0.298786,0.517639,-0.801734,0.831289,0.553785,0.047751,,,0.000000,,,,0.00,,,
40138,,,,,,,,,,,,,,-6.328762,-7.620117,-0.054590,-0.727686,0.147716,0.065117,0.726074,0.489990,0.357422,-0.063221,-0.076257,-0.000542,99879.0000,0.471265,-0.649280,-0.596946,-0.302518,0.516766,-0.800897,0.828488,0.558022,0.047115,,,0.000000,,,,0.00,,,
40139,,,,,,,,,,,,,,-6.537720,-7.807846,0.043955,-0.672956,0.226913,0.346139,0.723877,0.489990,0.354980,-0.065287,-0.078153,0.000477,,0.473544,-0.646067,-0.598627,-0.306911,0.516026,-0.799702,0.825568,0.562419,0.046075,,,0.000000,,,,0.00,,,
40140,,,,,,,,,,,,,,-6.711103,-7.932284,0.107241,-0.638390,0.294412,0.554434,0.728271,0.494629,0.350342,-0.066995,-0.079420,0.001141,99873.0000,0.475334,-0.642599,-0.600937,-0.312349,0.515285,-0.798073,0.822494,0.567053,0.044217,,,0.000000,,,,0.00,,,
40141,,,,,,,,,,,,,,-6.785307,-8.055254,0.182333,-0.540877,0.302691,0.702846,0.732910,0.481445,0.353027,-0.067708,-0.080672,0.001917,,0.476580,-0.639046,-0.603732,-0.318040,0.514898,-0.796072,0.819587,0.571403,0.042148,,,0.000000,,,,0.00,,,
40142,,,,,,,,,,,,,,-6.801993,-8.236528,0.297748,-0.354853,0.264295,0.864399,0.730713,0.479004,0.353027,-0.067840,-0.082509,0.003094,99873.0000,0.477120,-0.635391,-0.607153,-0.324168,0.514903,-0.793593,0.816867,0.575459,0.039697,,,0.000000,,,,0.00,,,
40143,,,,,,,,,,,,,,-6.751944,-8.382035,0.413647,-0.139767,0.197971,0.955754,0.739990,0.466064,0.357910,-0.067306,-0.083985,0.004272,,0.476645,-0.631873,-0.611184,-0.330254,0.515610,-0.790619,0.814703,0.578691,0.037084,,,0.000000,,,,0.00,,,
40144,,,,,,,,,,,,,,-6.561629,-8.484568,0.573965,0.173331,0.085913,0.926704,0.746582,0.466064,0.360107,-0.065370,-0.085026,0.005873,99871.0000,0.475327,-0.628260,-0.615916,-0.336405,0.517078,-0.787059,0.812955,0.581308,0.034431,,,0.000000,,,,0.00,,,
40145,,,,,,,,,,,,,,-6.441338,-8.630359,0.654074,0.402751,-0.055873,0.968592,0.749023,0.457275,0.367188,-0.064138,-0.086499,0.006662,,0.473329,-0.624839,-0.620915,-0.341831,0.519352,-0.783215,0.811857,0.582966,0.032235,,,0.000000,,,,0.00,,,
40146,,,,,,,,,,,,,,-6.291457,-8.757385,0.699956,0.616946,-0.232707,0.972902,0.753662,0.455078,0.367188,-0.062621,-0.087776,0.007095,99874.0000,0.470546,-0.621504,-0.626354,-0.346914,0.522381,-0.778954,0.811318,0.583825,0.030196,,,0.000000,,,,0.00,,,
40147,,,,,,,,,,,,,,-6.101958,-8.841098,0.782206,0.856595,-0.395294,0.916725,0.758301,0.448486,0.367432,-0.060717,-0.088614,0.007882,,0.467618,-0.618357,-0.631639,-0.350809,0.526066,-0.774717,0.811336,0.583856,0.029072,,,0.000000,,,,0.00,,,
40148,,,,,,,,,,,,,,-5.867167,-8.837078,0.831696,1.058044,-0.563103,0.759557,0.762695,0.444092,0.369873,-0.058369,-0.088569,0.008338,99878.0000,0.464109,-0.615455,-0.637038,-0.354038,0.530352,-0.770314,0.811948,0.583045,0.028246,,,0.000000,,,,0.00,,,
40149,,,,,,,,,,,,,,-5.701403,-8.796139,0.777003,1.117854,-0.732158,0.613037,0.765137,0.439697,0.360840,-0.056722,-0.088151,0.007752,,0.460601,-0.612848,-0.642078,-0.355961,0.535125,-0.766116,0.813104,0.581428,0.028329,,,0.000000,,,,0.00,,,
40150,,,,,,,,,,,,,,-5.494142,-8.732932,0.716240,1.176274,-0.920059,0.421187,0.762939,0.435303,0.365479,-0.054665,-0.087507,0.007101,99869.0000,0.456855,-0.610524,-0.646950,-0.356910,0.540369,-0.761982,0.814800,0.579018,0.028968,,,0.000000,,,,0.00,,,
40151,,,,,,,,,,,,,,-5.354180,-8.670222,0.645006,1.183812,-1.073598,0.272036,0.760742,0.433105,0.365479,-0.053280,-0.086870,0.006351,,0.453122,-0.608487,-0.651478,-0.356726,0.545977,-0.758061,0.816962,0.575894,0.030331,,,0.000000,,,,0.00,,,
40152,,,,,,,,,,,,,,-5.242108,-8.595721,0.605186,1.192132,-1.184456,0.132558,0.765381,0.430908,0.363281,-0.052174,-0.086116,0.005922,99873.0000,0.449665,-0.606501,-0.655712,-0.355983,0.551604,-0.754327,0.819193,0.572617,0.032133,,,0.000000,,,,0.00,,,
40153,,,,,,,,,,,,,,-5.178004,-8.480132,0.427461,1.044140,-1.323415,-0.011407,0.772217,0.426514,0.361084,-0.051547,-0.084951,0.004125,,0.446542,-0.604319,-0.659848,-0.354811,0.557402,-0.750608,0.821407,0.569299,0.034485,,,0.000000,,,,0.00,,,
40154,,,,,,,,,,,,,,-5.051355,-8.357995,0.346458,0.995686,-1.437328,-0.198391,0.774414,0.426514,0.361084,-0.050293,-0.083719,0.003310,99869.0000,0.444356,-0.601739,-0.663670,-0.353835,0.562706,-0.747103,0.823012,0.566809,0.037126,,,0.000000,,,,0.00,,,
40155,,,,,,,,,,,,,,-4.981122,-8.262518,0.228802,0.900360,-1.550677,-0.330198,0.778809,0.422119,0.361084,-0.049601,-0.082756,0.002141,,0.442897,-0.598614,-0.667461,-0.353396,0.567629,-0.743578,0.823986,0.565206,0.039854,,,0.000000,,,,0.00,,,
40156,,,,,,,,,,,,,,-4.902621,-8.138607,0.094791,0.784608,-1.655315,-0.489293,0.783447,0.417725,0.359131,-0.048826,-0.081508,0.000821,99873.0000,0.442817,-0.594854,-0.670866,-0.353904,0.571510,-0.740356,0.823811,0.565265,0.042553,,,0.000000,,,,0.00,,,
40157,,,,,,,,,,,,,,-4.860154,-8.122830,0.003356,0.729851,-1.772639,-0.543041,0.783447,0.417725,0.356689,-0.048410,-0.081342,-0.000063,,0.443839,-0.590306,-0.674200,-0.355653,0.574532,-0.737173,0.822507,0.566967,0.045056,,,0.000000,,,,0.00,,,
40158,,,,,,,,,,,,,,-4.820628,-8.049360,-0.092478,0.653566,-1.848385,-0.636884,0.790283,0.415527,0.356934,-0.048025,-0.080601,-0.000981,99866.0000,0.446531,-0.585052,-0.676996,-0.358952,0.575936,-0.734473,0.819612,0.570974,0.047168,,,0.000000,,,,0.00,,,
40159,,,,,,,,,,,,,,-4.782179,-7.999533,-0.160765,0.614150,-1.917672,-0.711433,0.794922,0.406738,0.350098,-0.047653,-0.080095,-0.001623,,0.450426,-0.578930,-0.679673,-0.363683,0.576276,-0.731875,0.815384,0.576841,0.049023,,,0.000000,,,,0.00,,,
40160,,,,,,,,,,,,,,-4.764968,-8.040177,-0.278680,0.563164,-2.044096,-0.706018,0.797363,0.397949,0.345947,-0.047489,-0.080498,-0.002755,99876.0000,0.455758,-0.572372,-0.681671,-0.369893,0.574786,-0.729932,0.809607,0.584818,0.050247,,,0.000000,,,,0.00,,,
40161,,,,,,,,,,,,,,-4.793366,-8.067354,-0.350806,0.531463,-2.108335,-0.677373,0.797607,0.391357,0.341309,-0.047783,-0.080766,-0.003437,,0.461664,-0.565209,-0.683670,-0.377110,0.572549,-0.727995,0.802904,0.593908,0.051180,,,0.000000,,,,0.00,,,
40162,,,,,,,,,,,,,,-4.848831,-8.123309,-0.468544,0.468459,-2.191235,-0.609550,0.808594,0.393799,0.343750,-0.048341,-0.081327,-0.004571,99871.0000,0.468360,-0.557857,-0.685153,-0.385524,0.568716,-0.726591,0.794991,0.604448,0.051296,,,0.000000,,,,0.00,,,
40163,,,,,,,,,,,,,,-4.938004,-8.207716,-0.497654,0.477611,-2.218053,-0.493347,0.813232,0.389404,0.339355,-0.049241,-0.082169,-0.004830,,0.474833,-0.550416,-0.686714,-0.394244,0.564586,-0.725131,0.786833,0.615049,0.051085,,,0.000000,,,,0.00,,,
40164,,,,,,,,,,,,,,-5.006341,-8.236349,-0.477445,0.516763,-2.182331,-0.426577,0.817871,0.380615,0.330322,-0.049935,-0.082451,-0.004607,99871.0000,0.481420,-0.543493,-0.687641,-0.403261,0.559228,-0.724324,0.778213,0.626003,0.050054,,,0.000000,,,,0.00,,,
40165,,,,,,,,,,,,,,-5.039049,-8.274414,-0.464382,0.572446,-2.179209,-0.378878,0.820068,0.376221,0.330566,-0.050271,-0.082827,-0.004465,,0.487542,-0.536365,-0.688923,-0.412094,0.554269,-0.723163,0.769728,0.636473,0.049196,,,0.000000,,,,0.00,,,
40166,,,,,,,,,,,,,,-5.101404,-8.281936,-0.483386,0.575215,-2.153032,-0.332083,0.820312,0.371826,0.330566,-0.050905,-0.082896,-0.004656,99874.0000,0.493489,-0.530051,-0.689575,-0.420561,0.548568,-0.722635,0.761313,0.646621,0.047794,,,0.000000,,,,0.00,,,
40167,,,,,,,,,,,,,,-5.121720,-8.350202,-0.490499,0.632238,-2.181775,-0.271280,0.820557,0.365234,0.326172,-0.051111,-0.083577,-0.004734,,0.498556,-0.523766,-0.690732,-0.428371,0.543873,-0.721595,0.753618,0.655645,0.046784,,,0.000000,,,,0.00,,,
40168,,,,,,,,,,,,,,-5.207545,-8.402911,-0.486941,0.656892,-2.150058,-0.173696,0.831543,0.365234,0.323975,-0.051975,-0.084101,-0.004707,99876.0000,0.503139,-0.518614,-0.691297,-0.435685,0.538608,-0.721166,0.746345,0.664034,0.045042,,,0.000000,,,,0.00,,,
40169,,,,,,,,,,,,,,-5.283875,-8.483780,-0.501595,0.682685,-2.160415,-0.065283,0.831787,0.358643,0.317139,-0.052744,-0.084905,-0.004860,,0.506683,-0.513661,-0.692405,-0.442110,0.534681,-0.720177,0.740142,0.671021,0.043819,,,0.000000,,,,0.00,,,
40170,,,,,,,,,,,,,,-5.304564,-8.436521,-0.488980,0.696981,-2.101943,-0.083950,0.829590,0.360840,0.328613,-0.052958,-0.084428,-0.004745,99873.0000,0.509781,-0.509955,-0.692870,-0.447879,0.530314,-0.719841,0.734526,0.677283,0.041946,,,0.000000,,,,0.00,,,
40171,,,,,,,,,,,,,,-5.378673,-8.544587,-0.467119,0.758783,-2.102424,0.044404,0.829834,0.352051,0.321777,-0.053707,-0.085503,-0.004531,,0.511654,-0.506620,-0.693936,-0.452809,0.527395,-0.718900,0.730188,0.682049,0.040441,,,0.000000,,,,0.00,,,
40172,,,,,,,,,,,,,,-5.481635,-8.495104,-0.431681,0.742985,-1.980923,0.083034,0.832031,0.349854,0.324219,-0.054741,-0.085006,-0.004178,99875.0000,0.512835,-0.504928,-0.694297,-0.457271,0.523809,-0.718698,0.726569,0.686056,0.037738,,,0.000000,,,,0.00,,,
40173,,,,,,,,,,,,,,-5.642808,-8.507613,-0.336276,0.768099,-1.835317,0.206065,0.838623,0.349854,0.326416,-0.056354,-0.085130,-0.003230,,0.513210,-0.502939,-0.695463,-0.461202,0.521770,-0.717669,0.723815,0.689064,0.035821,,,0.000000,,,,0.00,,,
40174,,,,,,,,,,,,,,-5.788698,-8.573944,-0.281343,0.795549,-1.739170,0.358006,0.840820,0.349854,0.326416,-0.057813,-0.085794,-0.002679,99876.0000,0.513343,-0.502161,-0.695926,-0.464954,0.518856,-0.717361,0.721316,0.691826,0.032869,,,0.000000,,,,0.00,,,
40175,,,,,,,,,,,,,,-5.920778,-8.661029,-0.225019,0.841284,-1.672778,0.512701,0.836426,0.347656,0.326660,-0.059138,-0.086661,-0.002111,,0.513052,-0.500887,-0.697058,-0.468439,0.517103,-0.716359,0.719265,0.694058,0.030666,,,0.000000,,,,0.00,,,
40176,,,,,,,,,,,,,,-6.058556,-8.754706,-0.193432,0.868410,-1.606688,0.677914,0.841309,0.338867,0.322266,-0.060514,-0.087599,-0.001784,99872.0000,0.512667,-0.500855,-0.697364,-0.471803,0.514262,-0.716195,0.717338,0.696188,0.027340,,,0.000000,,,,0.00,,,
40177,,,,,,,,,,,,,,-6.190982,-8.841913,-0.141764,0.914139,-1.540020,0.832516,0.841064,0.338867,0.329102,-0.061836,-0.088473,-0.001254,,0.511894,-0.499964,-0.698570,-0.475370,0.512476,-0.715116,0.715533,0.698143,0.024666,,,0.000000,,,,0.00,,,
40178,,,,,,,,,,,,,,-6.291274,-8.937318,-0.099779,0.974220,-1.484104,0.972206,0.838867,0.341064,0.322266,-0.062836,-0.089429,-0.000817,99874.0000,0.511154,-0.500041,-0.699056,-0.479024,0.509562,-0.714760,0.713623,0.700218,0.020933,,,0.000000,,,,0.00,,,
40179,,,,,,,,,,,,,,-6.359574,-9.040971,-0.067416,1.052639,-1.467573,1.092629,0.841309,0.334473,0.333740,-0.063515,-0.090467,-0.000482,,0.510048,-0.499360,-0.700351,-0.482842,0.507613,-0.713577,0.711839,0.702117,0.017795,,,0.000000,,,,0.00,,,
40180,,,,,,,,,,,,,,-6.482689,-9.115666,0.020837,1.127477,-1.352220,1.233632,0.845703,0.334473,0.335938,-0.064742,-0.091216,0.000411,99875.0000,0.509303,-0.499516,-0.700781,-0.486681,0.504406,-0.713243,0.709755,0.704314,0.013790,,,0.000000,,,,0.00,,,
40181,,,,,,,,,,,,,,-6.491519,-9.274157,-0.030578,1.206901,-1.449877,1.349384,0.843750,0.327881,0.338379,-0.064832,-0.092800,-0.000106,,0.508409,-0.498622,-0.702065,-0.490666,0.502252,-0.712032,0.707649,0.706483,0.010693,,,0.000000,,,,0.00,,,
40182,,,,,,,,,,,,,,-6.526524,-9.333446,-0.073820,1.226523,-1.461548,1.415560,0.843506,0.332275,0.335938,-0.065189,-0.093389,-0.000541,99876.0000,0.507786,-0.498852,-0.702353,-0.494312,0.499001,-0.711797,0.705556,0.708622,0.006797,,,0.000000,,,,0.00,,,
40183,,,,,,,,,,,,,,-6.521237,-9.396766,-0.100950,1.282228,-1.498878,1.454301,0.839355,0.325439,0.345215,-0.065146,-0.094016,-0.000809,,0.506942,-0.498271,-0.703375,-0.497992,0.496743,-0.710809,0.703572,0.710614,0.003685,,,0.000000,,,,0.00,,,
40184,,,,,,,,,,,,,,-6.364844,-9.393949,-0.106470,1.391763,-1.542870,1.343084,0.850586,0.321289,0.343018,-0.063590,-0.093981,-0.000858,99873.0000,0.506183,-0.499191,-0.703269,-0.501205,0.493337,-0.710923,0.701835,0.712339,-0.000478,,,0.000000,,,,0.00,,,
40185,,,,,,,,,,,,,,-6.534912,-9.437466,-0.249540,1.264907,-1.559833,1.492174,0.841797,0.316650,0.347656,-0.065314,-0.094404,-0.002288,,0.505016,-0.499594,-0.703822,-0.504184,0.491099,-0.710366,0.700541,0.713602,-0.003874,,,0.000000,,,,0.00,,,
40186,,,,,,,,,,,,,,-6.192438,-9.504637,-0.286390,1.474950,-1.748148,1.301934,0.848145,0.321289,0.352051,-0.061926,-0.095051,-0.002660,99873.0000,0.503971,-0.501864,-0.702955,-0.506187,0.487840,-0.711187,0.699849,0.714244,-0.008179,,,0.000000,,,,0.00,,,
40187,,,,,,,,,,,,,,-6.315290,-9.467407,-0.355173,1.375386,-1.688500,1.363089,0.845947,0.319092,0.358887,-0.063155,-0.094680,-0.003348,,0.502499,-0.503324,-0.702965,-0.508282,0.485743,-0.711128,0.699388,0.714645,-0.011745,,,0.000000,,,,0.00,,,
40188,,,,,,,,,,,,,,-6.331028,-9.422436,-0.375015,1.351890,-1.623460,1.347128,0.843750,0.321289,0.352051,-0.063352,-0.094204,-0.003549,99874.0000,0.501012,-0.506991,-0.701390,-0.509185,0.482643,-0.712591,0.699798,0.714154,-0.016342,,,0.000000,,,,0.00,,,
40189,,,,,,,,,,,,,,-6.410494,-9.486751,-0.431876,1.325436,-1.616628,1.452700,0.841553,0.321045,0.358887,-0.064178,-0.094828,-0.004111,,0.499381,-0.510025,-0.700352,-0.510037,0.480381,-0.713510,0.700344,0.713519,-0.020238,,,0.000000,,,,0.00,,,
