// Start Time: Unknown
// Update Rate: 100.0Hz
// Filter Profile: human (46.1)
// Firmware Version: 4.6.0
PacketCounter,SampleTimeFine,Year,Month,Day,Second,UTC_Nano,UTC_Year,UTC_Month,UTC_Day,UTC_Hour,UTC_Minute,UTC_Second,UTC_Valid,Acc_X,Acc_Y,Acc_Z,FreeAcc_X,FreeAcc_Y,FreeAcc_Z,Mag_X,Mag_Y,Mag_Z,VelInc_X,VelInc_Y,VelInc_Z,Pressure,Mat[1][1],Mat[2][1],Mat[3][1],Mat[1][2],Mat[2][2],Mat[3][2],Mat[1][3],Mat[2][3],Mat[3][3],Latitude,Longitude,Altitude,Vel_X,Vel_Y,Vel_Z,Temperature,GyrTemp_X,GyrTemp_Y,GyrTemp_Z
16051,,,,,,,,,,,,,,-9.526484,2.334246,-0.661810,-0.011341,-0.014980,0.017889,0.830566,-0.183594,-0.164795,-0.095268,0.023339,-0.006584,,0.081543,-0.231996,-0.969293,0.044139,-0.970737,0.236055,-0.995692,-0.062032,-0.068917,,,0.000000,,,,0.00,,,
16052,,,,,,,,,,,,,,-9.535430,2.297847,-0.686470,0.004018,0.024378,0.019665,0.832764,-0.185547,-0.166992,-0.095358,0.022975,-0.006831,99879.0000,0.082664,-0.231875,-0.969227,0.045906,-0.970637,0.236128,-0.995520,-0.064012,-0.069592,,,0.000000,,,,0.00,,,
16053,,,,,,,,,,,,,,-9.511474,2.324085,-0.691682,0.005620,-0.005787,0.003007,0.837402,-0.194092,-0.157959,-0.095118,0.023237,-0.006884,,0.083806,-0.231759,-0.969156,0.047748,-0.970527,0.236216,-0.995337,-0.066071,-0.070270,,,0.000000,,,,0.00,,,
16054,,,,,,,,,,,,,,-9.514222,2.303761,-0.686093,-0.007554,0.014612,0.000477,0.832520,-0.181396,-0.164795,-0.095145,0.023035,-0.006830,99879.0000,0.084905,-0.231608,-0.969097,0.049652,-0.970417,0.236274,-0.995151,-0.068178,-0.070893,,,0.000000,,,,0.00,,,
16055,,,,,,,,,,,,,,-9.503292,2.271686,-0.696847,-0.003679,0.044171,-0.016936,0.828613,-0.191895,-0.160156,-0.095036,0.022714,-0.006938,,0.085990,-0.231449,-0.969039,0.051553,-0.970305,0.236326,-0.994961,-0.070278,-0.071505,,,0.000000,,,,0.00,,,
16056,,,,,,,,,,,,,,-9.506985,2.320717,-0.668224,-0.036085,-0.004351,-0.003830,0.832520,-0.183594,-0.157959,-0.095073,0.023205,-0.006652,99883.0000,0.087070,-0.231301,-0.968978,0.053382,-0.970191,0.236388,-0.994771,-0.072309,-0.072127,,,0.000000,,,,0.00,,,
16057,,,,,,,,,,,,,,-9.526242,2.317083,-0.687714,-0.024583,0.005427,0.015358,0.834961,-0.185547,-0.160156,-0.095266,0.023166,-0.006848,,0.088134,-0.231180,-0.968911,0.055269,-0.970063,0.236483,-0.994574,-0.074393,-0.072719,,,0.000000,,,,0.00,,,
16058,,,,,,,,,,,,,,-9.516115,2.258693,-0.644680,-0.075588,0.056826,-0.011422,0.834961,-0.185547,-0.157959,-0.095163,0.022585,-0.006418,99879.0000,0.089204,-0.231002,-0.968855,0.057258,-0.969935,0.236532,-0.994366,-0.076575,-0.073295,,,0.000000,,,,0.00,,,
16059,,,,,,,,,,,,,,-9.562228,2.304205,-0.684419,-0.043244,0.026405,0.046898,0.834717,-0.183594,-0.160156,-0.095625,0.023040,-0.006816,,0.090257,-0.230824,-0.968800,0.059268,-0.969802,0.236585,-0.994153,-0.078772,-0.073851,,,0.000000,,,,0.00,,,
16060,,,,,,,,,,,,,,-9.500354,2.274835,-0.726032,-0.003586,0.044097,-0.016936,0.834473,-0.179199,-0.151367,-0.095006,0.022745,-0.007233,99887.0000,0.091325,-0.230639,-0.968744,0.061405,-0.969654,0.236644,-0.993926,-0.081097,-0.074391,,,0.000000,,,,0.00,,,
16061,,,,,,,,,,,,,,-9.539360,2.267022,-0.758766,0.019491,0.063585,0.021441,0.830566,-0.183594,-0.162598,-0.095397,0.022666,-0.007560,,0.092419,-0.230444,-0.968687,0.063667,-0.969492,0.236709,-0.993683,-0.083549,-0.074928,,,0.000000,,,,0.00,,,
16062,,,,,,,,,,,,,,-9.548103,2.230938,-0.783240,0.034850,0.102943,0.023216,0.838623,-0.175049,-0.156006,-0.095484,0.022307,-0.007802,99881.0000,0.093581,-0.230214,-0.968630,0.065992,-0.969326,0.236755,-0.993422,-0.086078,-0.075518,,,0.000000,,,,0.00,,,
16063,,,,,,,,,,,,,,-9.553150,2.252379,-0.700900,-0.052377,0.076006,0.026958,0.832275,-0.177246,-0.153809,-0.095534,0.022522,-0.006975,,0.094828,-0.229943,-0.968573,0.068399,-0.969153,0.236777,-0.993141,-0.088703,-0.076175,,,0.000000,,,,0.00,,,
16064,,,,,,,,,,,,,,-9.542187,2.219983,-0.712836,-0.048503,0.105569,0.009547,0.834473,-0.177246,-0.156006,-0.095424,0.022201,-0.007094,99885.0000,0.096097,-0.229635,-0.968521,0.070858,-0.968977,0.236774,-0.992847,-0.091381,-0.076844,,,0.000000,,,,0.00,,,
16065,,,,,,,,,,,,,,-9.539438,2.213773,-0.678218,-0.090049,0.106576,0.002717,0.836426,-0.172852,-0.153809,-0.095397,0.022140,-0.006745,,0.097394,-0.229269,-0.968478,0.073242,-0.968815,0.236714,-0.992547,-0.093988,-0.077565,,,0.000000,,,,0.00,,,
16066,,,,,,,,,,,,,,-9.566912,2.235913,-0.652240,-0.124143,0.088247,0.032481,0.836426,-0.175049,-0.153809,-0.095672,0.022359,-0.006487,99874.0000,0.098665,-0.228991,-0.968415,0.075619,-0.968625,0.236745,-0.992243,-0.096589,-0.078254,,,0.000000,,,,0.00,,,
16067,,,,,,,,,,,,,,-9.561651,2.188204,-0.695132,-0.091336,0.136126,0.019390,0.834229,-0.172852,-0.147217,-0.095619,0.021883,-0.006916,,0.099908,-0.228612,-0.968377,0.078097,-0.968443,0.236685,-0.991927,-0.099274,-0.078902,,,0.000000,,,,0.00,,,
16068,,,,,,,,,,,,,,-9.559763,2.215660,-0.755021,-0.036457,0.114288,0.028750,0.836426,-0.170898,-0.149414,-0.095600,0.022158,-0.007517,99880.0000,0.101168,-0.228262,-0.968329,0.080649,-0.968238,0.236666,-0.991595,-0.102037,-0.079545,,,0.000000,,,,0.00,,,
16069,,,,,,,,,,,,,,-9.530574,2.255461,-0.728631,-0.062755,0.064200,0.007791,0.838379,-0.168701,-0.153809,-0.095307,0.022560,-0.007250,,0.102458,-0.227720,-0.968321,0.083336,-0.968057,0.236476,-0.991240,-0.104925,-0.080208,,,0.000000,,,,0.00,,,
16070,,,,,,,,,,,,,,-9.531874,2.226160,-0.683360,-0.117635,0.086040,-0.001564,0.836426,-0.170898,-0.145020,-0.095320,0.022270,-0.006794,99884.0000,0.103889,-0.227205,-0.968290,0.086067,-0.967852,0.236336,-0.990858,-0.107890,-0.080994,,,0.000000,,,,0.00,,,
16071,,,,,,,,,,,,,,-9.529725,2.217941,-0.649829,-0.158568,0.086376,-0.008373,0.838379,-0.166504,-0.147217,-0.095298,0.022187,-0.006456,,0.105274,-0.226594,-0.968283,0.088793,-0.967663,0.236103,-0.990471,-0.110832,-0.081750,,,0.000000,,,,0.00,,,
16073,,,,,,,,,,,,,,-9.498721,2.200239,-0.679214,-0.277492,0.190467,9.732107,0.838623,-0.172852,-0.142578,-0.189973,0.044056,-0.013440,,0.107950,-0.225374,-0.968273,0.094338,-0.967248,0.235653,-0.989670,-0.116784,-0.083153,,,0.000000,,,,0.00,,,
16074,,,,,,,,,,,,,,-9.473111,2.167724,-0.738458,-0.089044,0.121605,-0.067870,0.840332,-0.166504,-0.145020,-0.094731,0.021688,-0.007352,99875.0000,0.109098,-0.224628,-0.968318,0.097261,-0.967046,0.235292,-0.989261,-0.119850,-0.083655,,,0.000000,,,,0.00,,,
16075,,,,,,,,,,,,,,-9.478423,2.151007,-0.775546,-0.060511,0.140563,-0.063565,0.840332,-0.164551,-0.138428,-0.094784,0.021521,-0.007726,,0.110332,-0.224024,-0.968318,0.100197,-0.966796,0.235089,-0.988831,-0.122960,-0.084222,,,0.000000,,,,0.00,,,
16076,,,,,,,,,,,,,,-9.451800,2.195675,-0.788807,-0.044146,0.088189,-0.077699,0.842285,-0.162354,-0.142822,-0.094517,0.021970,-0.007858,99878.0000,0.111417,-0.223177,-0.968390,0.103143,-0.966597,0.234631,-0.988407,-0.126025,-0.084676,,,0.000000,,,,0.00,,,
16077,,,,,,,,,,,,,,-9.437996,2.243133,-0.743319,-0.088040,0.029874,-0.083798,0.835938,-0.160400,-0.145020,-0.094378,0.022447,-0.007405,,0.112643,-0.222453,-0.968414,0.106179,-0.966342,0.234327,-0.987946,-0.129220,-0.085232,,,0.000000,,,,0.00,,,
16078,,,,,,,,,,,,,,-9.521719,2.271445,-0.768701,-0.072810,0.018623,0.006062,0.842285,-0.160156,-0.138428,-0.095215,0.022731,-0.007660,99881.0000,0.113722,-0.221518,-0.968503,0.109369,-0.966111,0.233813,-0.987474,-0.132514,-0.085641,,,0.000000,,,,0.00,,,
16079,,,,,,,,,,,,,,-9.467435,2.257293,-0.720233,-0.120477,0.009682,-0.054008,0.846436,-0.160156,-0.140625,-0.094672,0.022592,-0.007181,,0.114845,-0.220741,-0.968547,0.112541,-0.965830,0.233467,-0.986988,-0.135814,-0.086078,,,0.000000,,,,0.00,,,
16080,,,,,,,,,,,,,,-9.444877,2.279366,-0.720967,-0.116873,-0.022440,-0.070674,0.839844,-0.156006,-0.138428,-0.094447,0.022809,-0.007185,99879.0000,0.115819,-0.219849,-0.968634,0.115634,-0.965582,0.232983,-0.986516,-0.138991,-0.086411,,,0.000000,,,,0.00,,,
16081,,,,,,,,,,,,,,-9.410028,2.262041,-0.685964,-0.153051,-0.021593,-0.111548,0.842041,-0.154053,-0.136230,-0.094098,0.022634,-0.006843,,0.116840,-0.219210,-0.968656,0.118727,-0.965259,0.232762,-0.986029,-0.142201,-0.086755,,,0.000000,,,,0.00,,,
16082,,,,,,,,,,,,,,-9.464855,2.173312,-0.717835,-0.138953,0.076493,-0.076318,0.843994,-0.151855,-0.143066,-0.094648,0.021741,-0.007167,99879.0000,0.117493,-0.218537,-0.968730,0.121754,-0.964957,0.232453,-0.985582,-0.145258,-0.086768,,,0.000000,,,,0.00,,,
16083,,,,,,,,,,,,,,-9.483080,2.160217,-0.692402,-0.169161,0.087710,-0.063920,0.843750,-0.147705,-0.134277,-0.094830,0.021609,-0.006919,,0.118218,-0.218075,-0.968745,0.124713,-0.964601,0.232361,-0.985125,-0.148284,-0.086837,,,0.000000,,,,0.00,,,
16084,,,,,,,,,,,,,,-9.433808,2.133777,-0.670652,-0.185708,0.095793,-0.119605,0.839600,-0.149658,-0.138672,-0.094336,0.021345,-0.006707,99890.0000,0.118583,-0.217418,-0.968849,0.127823,-0.964272,0.232036,-0.984682,-0.151357,-0.086555,,,0.000000,,,,0.00,,,
16085,,,,,,,,,,,,,,-9.431724,2.064890,-0.698595,-0.166495,0.164726,-0.135168,0.843750,-0.147705,-0.136475,-0.094316,0.020654,-0.006986,,0.119211,-0.216981,-0.968869,0.130965,-0.963865,0.231975,-0.984194,-0.154542,-0.086486,,,0.000000,,,,0.00,,,
16086,,,,,,,,,,,,,,-9.440378,2.028792,-0.719161,-0.148297,0.201964,-0.133268,0.837646,-0.149658,-0.136475,-0.094403,0.020289,-0.007199,99881.0000,0.119440,-0.216420,-0.968967,0.134358,-0.963452,0.231750,-0.983708,-0.157869,-0.085997,,,0.000000,,,,0.00,,,
16087,,,,,,,,,,,,,,-9.486403,1.977801,-0.726292,-0.151617,0.262287,-0.099847,0.850342,-0.147461,-0.134277,-0.094863,0.019779,-0.007275,,0.119840,-0.216081,-0.968993,0.137727,-0.962971,0.231772,-0.983193,-0.161233,-0.085643,,,0.000000,,,,0.00,,,
16088,,,,,,,,,,,,,,-9.419269,2.062258,-0.750488,-0.101744,0.167455,-0.143129,0.845703,-0.139160,-0.138916,-0.094190,0.020626,-0.007524,99876.0000,0.119808,-0.215393,-0.969150,0.141221,-0.962558,0.231386,-0.982702,-0.164586,-0.084904,,,0.000000,,,,0.00,,,
16089,,,,,,,,,,,,,,-9.452445,2.058672,-0.702659,-0.148961,0.169461,-0.115798,0.843750,-0.145508,-0.138672,-0.094521,0.020596,-0.007048,,0.120042,-0.214908,-0.969229,0.144695,-0.962076,0.231243,-0.982168,-0.168001,-0.084393,,,0.000000,,,,0.00,,,
16090,,,,,,,,,,,,,,-9.435125,2.069122,-0.724565,-0.115225,0.154890,-0.128134,0.843750,-0.145508,-0.134277,-0.094347,0.020700,-0.007272,99877.0000,0.119817,-0.214090,-0.969438,0.148270,-0.961662,0.230698,-0.981662,-0.171380,-0.083480,,,0.000000,,,,0.00,,,
16091,,,,,,,,,,,,,,-9.409580,2.114571,-0.723593,-0.100401,0.104304,-0.142412,0.845703,-0.141357,-0.136475,-0.094091,0.021157,-0.007266,,0.119879,-0.213571,-0.969544,0.151730,-0.961173,0.230488,-0.981125,-0.174740,-0.082819,,,0.000000,,,,0.00,,,
16092,,,,,,,,,,,,,,-9.425233,2.172134,-0.833232,0.024312,0.066800,-0.104835,0.843506,-0.139160,-0.136475,-0.094247,0.021731,-0.008368,99875.0000,0.119497,-0.212713,-0.969780,0.155255,-0.960759,0.229865,-0.980621,-0.178031,-0.081783,,,0.000000,,,,0.00,,,
16093,,,,,,,,,,,,,,-9.397679,2.249429,-0.880456,0.094025,-0.005657,-0.109975,0.843506,-0.136963,-0.134277,-0.093971,0.022503,-0.008847,,0.119358,-0.212213,-0.969907,0.158791,-0.960235,0.229638,-0.980071,-0.181422,-0.080914,,,0.000000,,,,0.00,,,
16094,,,,,,,,,,,,,,-9.406371,2.301869,-0.873099,0.106066,-0.059032,-0.090240,0.845459,-0.135010,-0.136719,-0.094058,0.023026,-0.008779,99876.0000,0.118850,-0.211457,-0.970134,0.162317,-0.959778,0.229085,-0.979555,-0.184696,-0.079746,,,0.000000,,,,0.00,,,
16095,,,,,,,,,,,,,,-9.412783,2.386844,-0.915136,0.170308,-0.130970,-0.061338,0.847656,-0.136963,-0.141113,-0.094122,0.023872,-0.009203,,0.118601,-0.211073,-0.970248,0.165876,-0.959202,0.228946,-0.978989,-0.188094,-0.078750,,,0.000000,,,,0.00,,,
16096,,,,,,,,,,,,,,-9.423510,2.361342,-0.968350,0.229991,-0.096243,-0.052871,0.843262,-0.132812,-0.141113,-0.094229,0.023615,-0.009737,99880.0000,0.118033,-0.210414,-0.970461,0.169453,-0.958690,0.228472,-0.978445,-0.191415,-0.077502,,,0.000000,,,,0.00,,,
16097,,,,,,,,,,,,,,-9.478952,2.375153,-1.010528,0.277808,-0.087512,0.007099,0.845459,-0.136963,-0.138916,-0.094785,0.023745,-0.010161,,0.117709,-0.210229,-0.970540,0.172963,-0.958056,0.228502,-0.977869,-0.194764,-0.076410,,,0.000000,,,,0.00,,,
16098,,,,,,,,,,,,,,-9.465196,2.367588,-1.016521,0.296064,-0.080626,-0.007864,0.845215,-0.130615,-0.141113,-0.094649,0.023665,-0.010222,99884.0000,0.117242,-0.209923,-0.970663,0.176441,-0.957451,0.228377,-0.977304,-0.198040,-0.075214,,,0.000000,,,,0.00,,,
16099,,,,,,,,,,,,,,-9.456573,2.261011,-1.076988,0.347641,0.036847,-0.036358,0.843018,-0.130615,-0.136719,-0.094565,0.022587,-0.010824,,0.116997,-0.210028,-0.970670,0.180013,-0.956708,0.228704,-0.976682,-0.201491,-0.074124,,,0.000000,,,,0.00,,,
16100,,,,,,,,,,,,,,-9.521456,2.212731,-1.092783,0.355937,0.104532,0.016395,0.843262,-0.130615,-0.145508,-0.095216,0.022099,-0.010977,99887.0000,0.116829,-0.210026,-0.970691,0.183477,-0.955996,0.228929,-0.976057,-0.204845,-0.073153,,,0.000000,,,,0.00,,,
16101,,,,,,,,,,,,,,-9.614417,2.271954,-1.051341,0.324201,0.066637,0.116792,0.847168,-0.126465,-0.145752,-0.096146,0.022689,-0.010565,,0.116698,-0.210263,-0.970655,0.187123,-0.955174,0.229407,-0.975380,-0.208403,-0.072122,,,0.000000,,,,0.00,,,
16102,,,,,,,,,,,,,,-9.633350,2.275693,-1.055609,0.335363,0.073908,0.136010,0.845215,-0.130615,-0.141113,-0.096336,0.022723,-0.010609,99881.0000,0.116638,-0.210318,-0.970650,0.190982,-0.954332,0.229731,-0.974639,-0.212172,-0.071145,,,0.000000,,,,0.00,,,
16103,,,,,,,,,,,,,,-9.709577,2.216969,-0.973020,0.243217,0.137551,0.190288,0.845215,-0.130615,-0.141113,-0.097100,0.022132,-0.009779,,0.116675,-0.210653,-0.970573,0.195088,-0.953348,0.230367,-0.973821,-0.216225,-0.070136,,,0.000000,,,,0.00,,,
16104,,,,,,,,,,,,,,-9.678320,2.195987,-0.958536,0.233717,0.154809,0.153878,0.844971,-0.126465,-0.136719,-0.096789,0.021918,-0.009624,99878.0000,0.117140,-0.210742,-0.970498,0.199321,-0.952352,0.230860,-0.972908,-0.220484,-0.069553,,,0.000000,,,,0.00,,,
16105,,,,,,,,,,,,,,-9.679968,2.040285,-1.041988,0.287535,0.332016,0.124986,0.838867,-0.128662,-0.141113,-0.096808,0.020353,-0.010441,,0.117769,-0.211109,-0.970342,0.203804,-0.951204,0.231680,-0.971903,-0.225044,-0.068997,,,0.000000,,,,0.00,,,
16106,,,,,,,,,,,,,,-9.645276,1.955661,-1.067448,0.296316,0.417978,0.073307,0.844971,-0.122314,-0.141357,-0.096462,0.019510,-0.010674,99879.0000,0.118946,-0.211124,-0.970195,0.207624,-0.950241,0.232237,-0.970950,-0.229059,-0.069193,,,0.000000,,,,0.00,,,
16107,,,,,,,,,,,,,,-9.684549,2.024891,-1.064945,0.300160,0.368292,0.127083,0.851318,-0.124268,-0.139160,-0.096856,0.020207,-0.010636,,0.120016,-0.211344,-0.970015,0.210874,-0.949355,0.232933,-0.970118,-0.232507,-0.069371,,,0.000000,,,,0.00,,,
16108,,,,,,,,,,,,,,-9.627745,2.303543,-1.020626,0.314931,0.083622,0.133935,0.840576,-0.120117,-0.139160,-0.096288,0.023000,-0.010186,99880.0000,0.121477,-0.210996,-0.969909,0.213741,-0.948662,0.233144,-0.969308,-0.235631,-0.070142,,,0.000000,,,,0.00,,,
16109,,,,,,,,,,,,,,-9.573689,2.418379,-1.068183,0.386221,-0.019068,0.111806,0.842773,-0.120117,-0.141357,-0.095749,0.024145,-0.010660,,0.122889,-0.211054,-0.969719,0.217174,-0.947723,0.233788,-0.968367,-0.239328,-0.070629,,,0.000000,,,,0.00,,,
16110,,,,,,,,,,,,,,-9.521699,2.399412,-1.052697,0.363687,-0.012376,0.056238,0.847168,-0.124268,-0.134521,-0.095230,0.023954,-0.010503,99884.0000,0.124813,-0.210690,-0.969552,0.221093,-0.946717,0.234190,-0.967233,-0.243591,-0.071580,,,0.000000,,,,0.00,,,
16111,,,,,,,,,,,,,,-9.476926,2.307918,-1.178199,0.462530,0.103089,0.000680,0.846924,-0.120117,-0.134766,-0.094786,0.023029,-0.011749,,0.126685,-0.210691,-0.969309,0.225531,-0.945472,0.234986,-0.965964,-0.248379,-0.072259,,,0.000000,,,,0.00,,,
16112,,,,,,,,,,,,,,-9.309750,2.288631,-1.272308,0.555878,0.114300,-0.158364,0.851074,-0.117920,-0.130371,-0.093117,0.022832,-0.012681,99887.0000,0.129200,-0.210293,-0.969064,0.229753,-0.944314,0.235554,-0.964635,-0.253079,-0.073690,,,0.000000,,,,0.00,,,
16113,,,,,,,,,,,,,,-9.243662,2.315727,-1.204655,0.492729,0.066198,-0.220405,0.846924,-0.122314,-0.134766,-0.092458,0.023102,-0.011989,,0.131574,-0.210297,-0.968743,0.233766,-0.943096,0.236479,-0.963349,-0.257574,-0.074927,,,0.000000,,,,0.00,,,
16114,,,,,,,,,,,,,,-9.195706,2.426871,-1.127795,0.429921,-0.065345,-0.245373,0.846924,-0.117920,-0.130371,-0.091979,0.024223,-0.011200,99879.0000,0.134802,-0.209721,-0.968424,0.237192,-0.942101,0.237037,-0.962065,-0.261655,-0.077253,,,0.000000,,,,0.00,,,
16115,,,,,,,,,,,,,,-9.263322,2.650358,-1.000455,0.332537,-0.290618,-0.135944,0.842529,-0.117920,-0.130371,-0.092654,0.026464,-0.009914,,0.137714,-0.209402,-0.968084,0.240343,-0.941120,0.237759,-0.960870,-0.265414,-0.079277,,,0.000000,,,,0.00,,,
16116,,,,,,,,,,,,,,-9.155992,2.812672,-0.968692,0.331713,-0.473173,-0.202915,0.853027,-0.115967,-0.121338,-0.091580,0.028090,-0.009605,99877.0000,0.141128,-0.208781,-0.967726,0.243673,-0.940111,0.238359,-0.959535,-0.269447,-0.081802,,,0.000000,,,,0.00,,,
16117,,,,,,,,,,,,,,-9.132259,2.922493,-0.981376,0.355801,-0.573970,-0.197795,0.851074,-0.117920,-0.119141,-0.091345,0.029181,-0.009733,,0.144158,-0.208458,-0.967349,0.247318,-0.938946,0.239194,-0.958150,-0.273724,-0.083801,,,0.000000,,,,0.00,,,
16118,,,,,,,,,,,,,,-9.113221,2.837908,-1.043549,0.372836,-0.476912,-0.230045,0.846680,-0.111572,-0.121582,-0.091159,0.028322,-0.010359,99875.0000,0.147804,-0.208200,-0.966854,0.251035,-0.937678,0.240293,-0.956627,-0.278231,-0.086328,,,0.000000,,,,0.00,,,
16119,,,,,,,,,,,,,,-9.078538,2.747052,-1.124881,0.413021,-0.369165,-0.277248,0.857422,-0.115967,-0.123535,-0.090815,0.027411,-0.011156,,0.150978,-0.208141,-0.966376,0.254170,-0.936543,0.241424,-0.955303,-0.282073,-0.088494,,,0.000000,,,,0.00,,,
16120,,,,,,,,,,,,,,-9.170457,2.787498,-1.102990,0.361853,-0.387011,-0.179242,0.859619,-0.115967,-0.114746,-0.091732,0.027817,-0.010946,99878.0000,0.154425,-0.208194,-0.965820,0.256785,-0.935495,0.242714,-0.954052,-0.285489,-0.091003,,,0.000000,,,,0.00,,,
16121,,,,,,,,,,,,,,-8.994799,2.866928,-1.139372,0.425335,-0.480171,-0.325204,0.853027,-0.115967,-0.116943,-0.089975,0.028612,-0.011321,,0.156897,-0.208445,-0.965367,0.258732,-0.934659,0.243865,-0.953122,-0.288033,-0.092714,,,0.000000,,,,0.00,,,
16122,,,,,,,,,,,,,,-8.969255,2.993295,-1.188646,0.484691,-0.581445,-0.312835,0.857422,-0.117920,-0.110352,-0.089720,0.029881,-0.011811,99880.0000,0.159836,-0.208839,-0.964800,0.259658,-0.934053,0.245200,-0.952381,-0.289710,-0.095069,,,0.000000,,,,0.00,,,
16123,,,,,,,,,,,,,,-8.950953,3.158349,-1.195089,0.518044,-0.732355,-0.288076,0.855225,-0.115967,-0.108154,-0.089536,0.031540,-0.011867,,0.161955,-0.209119,-0.964386,0.259760,-0.933786,0.246107,-0.951995,-0.290367,-0.096910,,,0.000000,,,,0.00,,,
16124,,,,,,,,,,,,,,-8.924608,3.309004,-1.326157,0.660399,-0.835255,-0.261613,0.857422,-0.113770,-0.110352,-0.089270,0.033059,-0.013175,99880.0000,0.164404,-0.209628,-0.963861,0.258644,-0.933805,0.247208,-0.951880,-0.289939,-0.099303,,,0.000000,,,,0.00,,,
16125,,,,,,,,,,,,,,-9.019155,3.592252,-1.249840,0.625113,-1.102541,-0.106755,0.855469,-0.120117,-0.107910,-0.090213,0.035906,-0.012392,,0.166007,-0.209787,-0.963551,0.256481,-0.934296,0.247606,-0.952187,-0.288237,-0.101293,,,0.000000,,,,0.00,,,
16126,,,,,,,,,,,,,,-9.123810,3.871937,-1.013618,0.424747,-1.409666,0.041024,0.857666,-0.122314,-0.101318,-0.091253,0.038715,-0.010021,99877.0000,0.168123,-0.210174,-0.963100,0.253562,-0.934912,0.248285,-0.952597,-0.285948,-0.103889,,,0.000000,,,,0.00,,,
16127,,,,,,,,,,,,,,-9.219776,4.032943,-0.819264,0.241904,-1.601911,0.153024,0.857910,-0.126465,-0.103516,-0.092206,0.040333,-0.008077,,0.169365,-0.209953,-0.962931,0.250804,-0.935698,0.248128,-0.953107,-0.283531,-0.105817,,,0.000000,,,,0.00,,,
16128,,,,,,,,,,,,,,-9.294457,3.998679,-0.824328,0.196462,-1.553432,0.217471,0.855713,-0.124268,-0.101318,-0.092949,0.039998,-0.008135,99877.0000,0.171075,-0.210356,-0.962540,0.247640,-0.936400,0.248656,-0.953629,-0.280902,-0.108102,,,0.000000,,,,0.00,,,
16129,,,,,,,,,,,,,,-9.273450,3.877882,-1.048874,0.364047,-1.390469,0.190762,0.857666,-0.120117,-0.103516,-0.092740,0.038796,-0.010380,,0.171639,-0.210279,-0.962457,0.243538,-0.937576,0.248274,-0.954583,-0.277008,-0.109713,,,0.000000,,,,0.00,,,
16130,,,,,,,,,,,,,,-9.359181,3.726438,-1.180962,0.410578,-1.193624,0.251205,0.859863,-0.126465,-0.103516,-0.093600,0.037278,-0.011699,99877.0000,0.172472,-0.211563,-0.962026,0.237609,-0.938885,0.249073,-0.955927,-0.271544,-0.111662,,,0.000000,,,,0.00,,,
16131,,,,,,,,,,,,,,-9.405973,3.475775,-1.194934,0.336028,-0.951839,0.235310,0.855713,-0.124268,-0.101318,-0.094071,0.034762,-0.011847,,0.172192,-0.212448,-0.961881,0.230565,-0.940650,0.249033,-0.957700,-0.264657,-0.112989,,,0.000000,,,,0.00,,,
16132,,,,,,,,,,,,,,-9.399681,3.297256,-1.122683,0.200451,-0.797876,0.177783,0.855957,-0.132812,-0.105469,-0.094012,0.032958,-0.011140,99877.0000,0.172417,-0.214756,-0.961328,0.222903,-0.942121,0.250444,-0.959472,-0.257464,-0.114568,,,0.000000,,,,0.00,,,
16133,,,,,,,,,,,,,,-9.444856,2.951288,-1.039030,0.020230,-0.482700,0.125198,0.855957,-0.130615,-0.098877,-0.094464,0.029482,-0.010337,,0.171796,-0.216303,-0.961093,0.216202,-0.943534,0.250998,-0.961115,-0.250910,-0.115330,,,0.000000,,,,0.00,,,
16134,,,,,,,,,,,,,,-9.408667,2.624118,-1.160438,0.056940,-0.135983,0.022651,0.854004,-0.134766,-0.103271,-0.094099,0.026204,-0.011589,99886.0000,0.171767,-0.218858,-0.960519,0.211071,-0.944192,0.252883,-0.962260,-0.246175,-0.115987,,,0.000000,,,,0.00,,,
16135,,,,,,,,,,,,,,-9.337129,2.401442,-1.332219,0.183474,0.107465,-0.082400,0.856445,-0.141113,-0.103271,-0.093381,0.023979,-0.013316,,0.171257,-0.220253,-0.960291,0.207293,-0.944817,0.253672,-0.963172,-0.242505,-0.116150,,,0.000000,,,,0.00,,,
16136,,,,,,,,,,,,,,-9.343446,2.252793,-1.186377,0.003479,0.232230,-0.131334,0.856445,-0.141113,-0.105469,-0.093445,0.022474,-0.011880,99876.0000,0.171281,-0.222779,-0.959704,0.204490,-0.944848,0.255826,-0.963767,-0.240068,-0.116278,,,0.000000,,,,0.00,,,
16137,,,,,,,,,,,,,,-9.299715,2.115343,-1.134799,-0.063902,0.353319,-0.214864,0.852051,-0.141113,-0.112061,-0.093007,0.021085,-0.011393,,0.170438,-0.224581,-0.959434,0.203090,-0.944769,0.257226,-0.964212,-0.238693,-0.115414,,,0.000000,,,,0.00,,,
16138,,,,,,,,,,,,,,-9.330053,1.936751,-0.945061,-0.286511,0.508273,-0.254781,0.856445,-0.145508,-0.100830,-0.093310,0.019289,-0.009517,99893.0000,0.169966,-0.227283,-0.958882,0.202650,-0.944182,0.259719,-0.964388,-0.238461,-0.114420,,,0.000000,,,,0.00,,,
16139,,,,,,,,,,,,,,-9.224966,1.976789,-1.098070,-0.102526,0.500416,-0.328359,0.852295,-0.145508,-0.109863,-0.092255,0.019700,-0.011057,,0.168862,-0.228883,-0.958696,0.203367,-0.943644,0.261110,-0.964431,-0.239059,-0.112798,,,0.000000,,,,0.00,,,
16140,,,,,,,,,,,,,,-9.202274,2.050861,-1.271862,0.089420,0.489622,-0.312279,0.852295,-0.145508,-0.103027,-0.092029,0.020440,-0.012782,99880.0000,0.168667,-0.230935,-0.958238,0.204672,-0.942771,0.263233,-0.964189,-0.240523,-0.111749,,,0.000000,,,,0.00,,,
16141,,,,,,,,,,,,,,-9.290111,2.241942,-1.326158,0.175291,0.358243,-0.172560,0.856445,-0.141113,-0.109863,-0.092907,0.022357,-0.013325,,0.168101,-0.232062,-0.958065,0.206690,-0.941994,0.264435,-0.963857,-0.242475,-0.110385,,,0.000000,,,,0.00,,,
16142,,,,,,,,,,,,,,-9.225789,2.481830,-1.378163,0.290585,0.149479,-0.165553,0.850098,-0.143311,-0.107666,-0.092263,0.024762,-0.013846,99885.0000,0.168143,-0.233461,-0.957718,0.209155,-0.940981,0.266102,-0.963318,-0.245054,-0.109390,,,0.000000,,,,0.00,,,
16143,,,,,,,,,,,,,,-9.188778,2.826462,-1.367575,0.370101,-0.172172,-0.110825,0.852295,-0.143311,-0.114258,-0.091892,0.028211,-0.013756,,0.167551,-0.234280,-0.957622,0.212112,-0.940038,0.267090,-0.962775,-0.247875,-0.107811,,,0.000000,,,,0.00,,,
16144,,,,,,,,,,,,,,-9.041757,2.812255,-1.488643,0.517789,-0.145087,-0.242472,0.850098,-0.143311,-0.112061,-0.090417,0.028076,-0.014976,99877.0000,0.167162,-0.235460,-0.957400,0.214905,-0.939013,0.268460,-0.962223,-0.250627,-0.106366,,,0.000000,,,,0.00,,,
16145,,,,,,,,,,,,,,-8.979635,3.138457,-1.579859,0.701788,-0.430901,-0.205321,0.854492,-0.145508,-0.114258,-0.089793,0.031346,-0.015892,,0.166152,-0.236081,-0.957423,0.217422,-0.938254,0.269086,-0.961832,-0.252874,-0.104564,,,0.000000,,,,0.00,,,
16146,,,,,,,,,,,,,,-8.853704,3.349604,-1.659066,0.856963,-0.622516,-0.260804,0.852295,-0.143311,-0.120850,-0.088531,0.033460,-0.016693,99879.0000,0.165514,-0.237130,-0.957274,0.219865,-0.937361,0.270212,-0.961387,-0.255195,-0.103009,,,0.000000,,,,0.00,,,
16147,,,,,,,,,,,,,,-8.819591,3.537799,-1.699682,0.962084,-0.785910,-0.239453,0.854248,-0.141113,-0.120850,-0.088186,0.035350,-0.017105,,0.164310,-0.237492,-0.957392,0.222696,-0.936594,0.270552,-0.960942,-0.257662,-0.101003,,,0.000000,,,,0.00,,,
16148,,,,,,,,,,,,,,-8.814843,3.539112,-1.841712,1.113721,-0.736706,-0.229602,0.854248,-0.141113,-0.116455,-0.088136,0.035366,-0.018524,99880.0000,0.163680,-0.238264,-0.957308,0.225376,-0.935701,0.271421,-0.960424,-0.260180,-0.099457,,,0.000000,,,,0.00,,,
16149,,,,,,,,,,,,,,-8.880779,3.555253,-1.743512,1.031777,-0.753047,-0.173381,0.849854,-0.141113,-0.121094,-0.088795,0.035535,-0.017537,,0.162492,-0.238433,-0.957469,0.228010,-0.935028,0.271540,-0.960004,-0.262435,-0.097570,,,0.000000,,,,0.00,,,
16150,,,,,,,,,,,,,,-8.816188,3.544269,-1.726437,1.036754,-0.748878,-0.240233,0.852295,-0.143311,-0.125488,-0.088147,0.035425,-0.017376,99891.0000,0.161634,-0.239344,-0.957387,0.230097,-0.934263,0.272410,-0.959651,-0.264323,-0.095937,,,0.000000,,,,0.00,,,
16151,,,,,,,,,,,,,,-8.741388,3.527476,-1.799566,1.135883,-0.723832,-0.311151,0.851807,-0.136963,-0.121094,-0.087398,0.035259,-0.018103,,0.160043,-0.239708,-0.957563,0.232014,-0.933756,0.272526,-0.959456,-0.265783,-0.093826,,,0.000000,,,,0.00,,,
16152,,,,,,,,,,,,,,-8.743087,3.479632,-1.853510,1.189433,-0.650455,-0.318109,0.845703,-0.139160,-0.127686,-0.087414,0.034779,-0.018646,99882.0000,0.159103,-0.240756,-0.957457,0.233652,-0.933076,0.273452,-0.959215,-0.267219,-0.092202,,,0.000000,,,,0.00,,,
16153,,,,,,,,,,,,,,-8.791847,3.357890,-1.841917,1.163463,-0.519869,-0.307915,0.852295,-0.145508,-0.132080,-0.087901,0.033560,-0.018534,,0.157270,-0.241288,-0.957625,0.235404,-0.932581,0.273638,-0.959089,-0.268464,-0.089867,,,0.000000,,,,0.00,,,
16154,,,,,,,,,,,,,,-8.898031,3.219473,-1.834140,1.121598,-0.351967,-0.245969,0.847656,-0.139160,-0.134277,-0.088961,0.032176,-0.018469,99891.0000,0.155914,-0.242602,-0.957515,0.236707,-0.931948,0.274667,-0.958989,-0.269475,-0.087879,,,0.000000,,,,0.00,,,
16155,,,,,,,,,,,,,,-8.917061,3.003545,-1.850578,1.107902,-0.132863,-0.288259,0.847900,-0.141357,-0.136475,-0.089148,0.030021,-0.018637,,0.153562,-0.243273,-0.957725,0.238042,-0.931570,0.274797,-0.959039,-0.270177,-0.085144,,,0.000000,,,,0.00,,,
16156,,,,,,,,,,,,,,-8.915566,2.938721,-1.786500,1.048717,-0.075772,-0.314826,0.847656,-0.139160,-0.138916,-0.089132,0.029375,-0.018004,99888.0000,0.151799,-0.244632,-0.957660,0.238898,-0.931081,0.275710,-0.959106,-0.270636,-0.082895,,,0.000000,,,,0.00,,,
16157,,,,,,,,,,,,,,-8.956070,2.821878,-1.662737,0.924172,0.018319,-0.321408,0.841309,-0.139160,-0.138916,-0.089536,0.028206,-0.016781,,0.148928,-0.245462,-0.957898,0.240197,-0.930708,0.275839,-0.959232,-0.271165,-0.079649,,,0.000000,,,,0.00,,,
16158,,,,,,,,,,,,,,-8.953107,2.592111,-1.783303,1.006395,0.278512,-0.380463,0.841309,-0.136963,-0.143311,-0.089502,0.025912,-0.017990,99880.0000,0.146791,-0.246802,-0.957884,0.241152,-0.930226,0.276632,-0.959322,-0.271603,-0.077032,,,0.000000,,,,0.00,,,
16159,,,,,,,,,,,,,,-9.000063,2.440942,-1.847192,1.054621,0.456157,-0.376000,0.843262,-0.135010,-0.147705,-0.089970,0.024405,-0.018625,,0.143733,-0.247567,-0.958150,0.242022,-0.930009,0.276602,-0.959566,-0.271650,-0.073757,,,0.000000,,,,0.00,,,
16160,,,,,,,,,,,,,,-9.024760,2.426627,-1.791172,1.015318,0.471636,-0.363364,0.837158,-0.139160,-0.147705,-0.090216,0.024268,-0.018066,99889.0000,0.141499,-0.248685,-0.958193,0.242516,-0.929729,0.277111,-0.959773,-0.271588,-0.071246,,,0.000000,,,,0.00,,,
16161,,,,,,,,,,,,,,-8.972812,2.429365,-1.715930,0.981687,0.441780,-0.421276,0.841309,-0.139160,-0.149902,-0.089697,0.024298,-0.017313,,0.138377,-0.249287,-0.958492,0.243377,-0.929567,0.276900,-0.960010,-0.271591,-0.067960,,,0.000000,,,,0.00,,,
16162,,,,,,,,,,,,,,-8.973802,2.437173,-1.652299,0.943955,0.426337,-0.425135,0.838867,-0.132812,-0.156738,-0.089706,0.024383,-0.016678,99877.0000,0.136130,-0.250133,-0.958594,0.243980,-0.929335,0.277146,-0.960178,-0.271606,-0.065483,,,0.000000,,,,0.00,,,
16163,,,,,,,,,,,,,,-8.955417,2.444883,-1.573376,0.904281,0.397275,-0.449097,0.836914,-0.132812,-0.161133,-0.089522,0.024465,-0.015893,,0.132833,-0.250514,-0.958957,0.244980,-0.929212,0.276678,-0.960385,-0.271677,-0.062060,,,0.000000,,,,0.00,,,
16164,,,,,,,,,,,,,,-8.920739,2.543317,-1.522014,0.908256,0.289354,-0.460905,0.834961,-0.136963,-0.163330,-0.089172,0.025455,-0.015390,99879.0000,0.130254,-0.251053,-0.959169,0.245992,-0.928980,0.276557,-0.960480,-0.271971,-0.059246,,,0.000000,,,,0.00,,,
16165,,,,,,,,,,,,,,-8.946892,2.651041,-1.552312,0.996186,0.207021,-0.407943,0.834717,-0.135010,-0.161133,-0.089430,0.026537,-0.015703,,0.126627,-0.251194,-0.959618,0.247630,-0.928771,0.275796,-0.960544,-0.272553,-0.055405,,,0.000000,,,,0.00,,,
16166,,,,,,,,,,,,,,-8.992144,2.743007,-1.554774,1.044309,0.138561,-0.342199,0.838867,-0.132812,-0.169922,-0.089878,0.027463,-0.015738,99879.0000,0.123812,-0.251443,-0.959920,0.249359,-0.928438,0.275359,-0.960464,-0.273457,-0.052252,,,0.000000,,,,0.00,,,
16167,,,,,,,,,,,,,,-9.064166,2.836234,-1.478845,1.025553,0.050810,-0.255709,0.834473,-0.128662,-0.170166,-0.090597,0.028402,-0.014983,,0.120133,-0.251193,-0.960453,0.251939,-0.928074,0.274237,-0.960258,-0.274920,-0.048207,,,0.000000,,,,0.00,,,
16168,,,,,,,,,,,,,,-9.035669,2.907049,-1.414369,1.015479,-0.037156,-0.270048,0.838623,-0.126465,-0.172363,-0.090312,0.029116,-0.014337,99884.0000,0.117588,-0.250936,-0.960835,0.254768,-0.927542,0.273419,-0.959826,-0.276941,-0.045137,,,0.000000,,,,0.00,,,
16169,,,,,,,,,,,,,,-9.048599,2.937601,-1.331471,0.982807,-0.085791,-0.257268,0.834473,-0.124512,-0.174561,-0.090441,0.029426,-0.013509,,0.114198,-0.250243,-0.961424,0.258493,-0.926937,0.271971,-0.959239,-0.279580,-0.041168,,,0.000000,,,,0.00,,,
16170,,,,,,,,,,,,,,-9.108730,2.918936,-1.261983,0.935851,-0.071735,-0.210571,0.830078,-0.124512,-0.181396,-0.091042,0.029242,-0.012822,99889.0000,0.111860,-0.249638,-0.961857,0.262613,-0.926094,0.270897,-0.958395,-0.282899,-0.038035,,,0.000000,,,,0.00,,,
16171,,,,,,,,,,,,,,-9.192458,2.875281,-1.197420,0.897132,-0.029493,-0.148504,0.830078,-0.122314,-0.183594,-0.091878,0.028809,-0.012190,,0.108326,-0.248789,-0.962481,0.267507,-0.925172,0.269253,-0.957447,-0.286637,-0.033668,,,0.000000,,,,0.00,,,
16172,,,,,,,,,,,,,,-9.189233,2.880834,-1.087288,0.830669,-0.065637,-0.157176,0.827393,-0.109619,-0.186035,-0.091846,0.028869,-0.011101,99876.0000,0.105551,-0.248137,-0.962957,0.272404,-0.924110,0.267986,-0.956376,-0.290599,-0.029947,,,0.000000,,,,0.00,,,
16173,,,,,,,,,,,,,,-9.302134,3.027726,-0.988023,0.814266,-0.202346,-0.016321,0.827148,-0.105469,-0.186035,-0.092973,0.030341,-0.010133,,0.101586,-0.247331,-0.963591,0.278070,-0.922935,0.266211,-0.955174,-0.294989,-0.024982,,,0.000000,,,,0.00,,,
16174,,,,,,,,,,,,,,-9.301130,3.147217,-0.915861,0.824943,-0.331390,0.008930,0.829102,-0.103271,-0.190674,-0.092963,0.031532,-0.009439,99880.0000,0.098332,-0.246730,-0.964082,0.284402,-0.921405,0.264816,-0.953649,-0.300227,-0.020433,,,0.000000,,,,0.00,,,
16175,,,,,,,,,,,,,,-9.215110,3.362869,-1.095964,1.126067,-0.492769,-0.018959,0.829102,-0.103271,-0.203857,-0.092097,0.033678,-0.011260,,0.093834,-0.246250,-0.964653,0.290772,-0.919904,0.263111,-0.952180,-0.305183,-0.014715,,,0.000000,,,,0.00,,,
16176,,,,,,,,,,,,,,-9.215451,3.547023,-0.972548,1.116811,-0.689960,0.022355,0.824463,-0.094971,-0.204102,-0.092102,0.035513,-0.010061,99882.0000,0.090072,-0.246175,-0.965031,0.297773,-0.917989,0.261968,-0.950378,-0.310956,-0.009381,,,0.000000,,,,0.00,,,
16177,,,,,,,,,,,,,,-9.186903,3.552487,-1.221751,1.426705,-0.612255,-0.009564,0.822266,-0.090576,-0.206299,-0.091811,0.035550,-0.012575,,0.085075,-0.246172,-0.965485,0.305349,-0.915932,0.260443,-0.948433,-0.316967,-0.002754,,,0.000000,,,,0.00,,,
16178,,,,,,,,,,,,,,-9.289693,3.836934,-1.157718,1.507846,-0.850062,0.155464,0.826416,-0.088623,-0.210938,-0.092837,0.038396,-0.011964,99882.0000,0.080851,-0.246427,-0.965783,0.313123,-0.913620,0.259331,-0.946265,-0.323376,0.003294,,,0.000000,,,,0.00,,,
16179,,,,,,,,,,,,,,-9.203080,3.832386,-1.227382,1.655845,-0.827449,0.059663,0.819824,-0.084473,-0.215332,-0.091968,0.038347,-0.012668,,0.075384,-0.246678,-0.966161,0.320756,-0.911423,0.257729,-0.944157,-0.329331,0.010416,,,0.000000,,,,0.00,,,
16180,,,,,,,,,,,,,,-9.118188,3.947397,-1.122177,1.666658,-0.966280,-0.000930,0.815186,-0.075928,-0.219971,-0.091121,0.039497,-0.011624,99888.0000,0.070901,-0.247353,-0.966328,0.328127,-0.909066,0.256771,-0.941969,-0.335284,0.016710,,,0.000000,,,,0.00,,,
16181,,,,,,,,,,,,,,-9.107365,3.836132,-1.386154,1.956720,-0.758452,-0.056823,0.819580,-0.078125,-0.224365,-0.091010,0.038366,-0.014259,,0.065259,-0.248057,-0.966545,0.335304,-0.906839,0.255372,-0.939847,-0.340752,0.023995,,,0.000000,,,,0.00,,,
16182,,,,,,,,,,,,,,-9.334786,3.646512,-1.599531,2.141741,-0.430073,0.097975,0.812744,-0.069580,-0.233398,-0.093283,0.036457,-0.016386,99882.0000,0.060876,-0.249286,-0.966515,0.341941,-0.904510,0.254831,-0.937748,-0.346004,0.030178,,,0.000000,,,,0.00,,,
16183,,,,,,,,,,,,,,-9.641553,3.601473,-1.788314,2.356355,-0.223557,0.362055,0.804199,-0.067627,-0.235596,-0.096349,0.036008,-0.018253,,0.055604,-0.250099,-0.966622,0.348129,-0.902511,0.253536,-0.935796,-0.350607,0.036884,,,0.000000,,,,0.00,,,
16184,,,,,,,,,,,,,,-9.871164,3.628902,-1.830884,2.448090,-0.149847,0.576966,0.808350,-0.063232,-0.242432,-0.098643,0.036291,-0.018667,99879.0000,0.051862,-0.251028,-0.966590,0.353897,-0.900460,0.252841,-0.933845,-0.355186,0.042139,,,0.000000,,,,0.00,,,
16185,,,,,,,,,,,,,,-9.813973,3.675982,-1.970081,2.662007,-0.138966,0.512146,0.806152,-0.063232,-0.246826,-0.098069,0.036778,-0.020015,,0.047448,-0.251035,-0.966814,0.359661,-0.898690,0.250998,-0.931876,-0.359635,0.047646,,,0.000000,,,,0.00,,,
16186,,,,,,,,,,,,,,-9.950397,3.925717,-2.088612,2.896079,-0.270518,0.690801,0.808350,-0.061279,-0.240234,-0.099437,0.039290,-0.021141,99889.0000,0.045493,-0.250734,-0.966986,0.364683,-0.897013,0.249748,-0.930020,-0.364005,0.050630,,,0.000000,,,,0.00,,,
16187,,,,,,,,,,,,,,-10.294816,4.200285,-2.204693,3.134352,-0.381633,1.073834,0.803711,-0.054932,-0.242676,-0.102888,0.042043,-0.022249,,0.043186,-0.249596,-0.967387,0.369810,-0.895519,0.247562,-0.928103,-0.368441,0.053630,,,0.000000,,,,0.00,,,
16188,,,,,,,,,,,,,,-10.705770,4.289161,-2.030874,3.005121,-0.415587,1.497986,0.803223,-0.046387,-0.242676,-0.107016,0.042929,-0.020448,99887.0000,0.043774,-0.248461,-0.967652,0.374787,-0.893757,0.246442,-0.926077,-0.373451,0.053997,,,0.000000,,,,0.00,,,
16189,,,,,,,,,,,,,,-10.875636,4.235579,-1.834870,2.817132,-0.396219,1.654357,0.803223,-0.046387,-0.244873,-0.108743,0.042359,-0.018417,,0.044495,-0.246935,-0.968010,0.380810,-0.891618,0.244952,-0.923582,-0.379527,0.054363,,,0.000000,,,,0.00,,,
16190,,,,,,,,,,,,,,-10.929328,4.201805,-1.647248,2.614195,-0.414561,1.711761,0.805176,-0.042236,-0.249512,-0.109307,0.041983,-0.016472,99878.0000,0.048215,-0.246116,-0.968040,0.386091,-0.889244,0.245313,-0.921200,-0.385580,0.052148,,,0.000000,,,,0.00,,,
16191,,,,,,,,,,,,,,-10.995036,4.232339,-1.585682,2.555072,-0.441181,1.788813,0.809570,-0.042236,-0.240479,-0.109989,0.042248,-0.015786,,0.051361,-0.245474,-0.968042,0.390495,-0.887213,0.245696,-0.919171,-0.390635,0.050288,,,0.000000,,,,0.00,,,
16192,,,,,,,,,,,,,,-11.126844,4.208212,-1.659672,2.555769,-0.345524,1.918413,0.813965,-0.044189,-0.233887,-0.111334,0.041978,-0.016418,99877.0000,0.057575,-0.245424,-0.967705,0.392598,-0.885650,0.247972,-0.917906,-0.394196,0.045362,,,0.000000,,,,0.00,,,
16193,,,,,,,,,,,,,,-11.205570,4.237163,-1.742996,2.581533,-0.314984,2.010695,0.813965,-0.044189,-0.231689,-0.112156,0.042243,-0.017091,,0.064430,-0.244619,-0.967476,0.393801,-0.884578,0.249885,-0.916935,-0.397093,0.039338,,,0.000000,,,,0.00,,,
16194,,,,,,,,,,,,,,-11.117535,4.381324,-1.516087,2.326739,-0.552340,1.993007,0.818115,-0.044189,-0.220459,-0.111299,0.043663,-0.014679,99877.0000,0.075415,-0.243711,-0.966911,0.393796,-0.883574,0.253420,-0.916099,-0.399877,0.029338,,,0.000000,,,,0.00,,,
16195,,,,,,,,,,,,,,-11.039485,4.265938,-1.261167,1.938614,-0.580316,1.916021,0.818115,-0.044189,-0.209473,-0.110530,0.042485,-0.011998,,0.086849,-0.242005,-0.966380,0.393606,-0.882786,0.256445,-0.915168,-0.402645,0.018585,,,0.000000,,,,0.00,,,
16196,,,,,,,,,,,,,,-10.778506,4.118384,-0.957117,1.465051,-0.645183,1.654170,0.829346,-0.056885,-0.200195,-0.107921,0.040984,-0.008855,99875.0000,0.101940,-0.240481,-0.965286,0.391927,-0.882150,0.261159,-0.914331,-0.404944,0.004324,,,0.000000,,,,0.00,,,
16197,,,,,,,,,,,,,,-10.305147,3.773386,-0.650196,0.941046,-0.597794,1.124042,0.829590,-0.063232,-0.184570,-0.103174,0.037524,-0.005711,,0.117042,-0.238143,-0.964152,0.389966,-0.881829,0.265149,-0.913361,-0.407020,-0.010343,,,0.000000,,,,0.00,,,
16198,,,,,,,,,,,,,,-10.292013,3.138548,-0.531311,0.396134,-0.109660,0.952379,0.835938,-0.061035,-0.166748,-0.103026,0.031168,-0.004446,99884.0000,0.135171,-0.235759,-0.962365,0.386715,-0.881693,0.270313,-0.912239,-0.408699,-0.028008,,,0.000000,,,,0.00,,,
16199,,,,,,,,,,,,,,-10.502841,2.366711,-0.395561,-0.244355,0.531179,0.944733,0.842529,-0.065186,-0.153320,-0.105108,0.023450,-0.002955,,0.153325,-0.232076,-0.960537,0.382309,-0.882406,0.274225,-0.911225,-0.409268,-0.046570,,,0.000000,,,,0.00,,,
16200,,,,,,,,,,,,,,-10.765277,1.777170,-0.268717,-0.853854,1.016439,1.020377,0.846924,-0.069580,-0.128906,-0.107703,0.017585,-0.001578,99881.0000,0.174238,-0.227514,-0.958060,0.376075,-0.883815,0.278278,-0.910060,-0.408789,-0.068432,,,0.000000,,,,0.00,,,
16201,,,,,,,,,,,,,,-10.623786,0.899264,-0.419247,-1.241032,1.760086,0.637519,0.847168,-0.073730,-0.113281,-0.106286,0.008857,-0.003052,,0.194319,-0.221345,-0.955639,0.370163,-0.885638,0.280400,-0.908416,-0.408230,-0.090163,,,0.000000,,,,0.00,,,
16202,,,,,,,,,,,,,,-10.104875,-0.151699,-0.719968,-1.485730,2.632144,-0.142621,0.858154,-0.082031,-0.090820,-0.101118,-0.001609,-0.006095,99877.0000,0.216516,-0.214584,-0.952404,0.363760,-0.887567,0.282672,-0.905980,-0.407650,-0.114116,,,0.000000,,,,0.00,,,
16203,,,,,,,,,,,,,,-10.016344,-0.503746,-0.670822,-1.854455,2.830209,-0.348164,0.864258,-0.079834,-0.068604,-0.100229,-0.005112,-0.005537,,0.238568,-0.206526,-0.948911,0.358388,-0.889428,0.283683,-0.902576,-0.407756,-0.138172,,,0.000000,,,,0.00,,,
16204,,,,,,,,,,,,,,-10.596395,-1.002291,-0.715602,-2.380393,3.326338,0.039389,0.866699,-0.084229,-0.046387,-0.106036,-0.010101,-0.005813,99883.0000,0.263545,-0.197590,-0.944194,0.354518,-0.890461,0.285299,-0.897141,-0.409923,-0.164627,,,0.000000,,,,0.00,,,
16205,,,,,,,,,,,,,,-11.212355,-1.106209,-0.719782,-2.831642,3.442948,0.559387,0.879639,-0.086182,-0.024170,-0.112198,-0.011105,-0.005785,,0.286464,-0.187885,-0.939488,0.353265,-0.890779,0.285859,-0.890585,-0.413777,-0.188803,,,0.000000,,,,0.00,,,
16206,,,,,,,,,,,,,,-11.444660,-0.920577,-0.772187,-3.045858,3.234622,0.802314,0.881592,-0.083984,0.002441,-0.114526,-0.009187,-0.006417,99882.0000,0.307384,-0.177915,-0.934805,0.355394,-0.889818,0.286214,-0.882729,-0.420202,-0.210286,,,0.000000,,,,0.00,,,
16207,,,,,,,,,,,,,,-10.419712,-0.521151,-1.374199,-2.266970,2.851740,0.059262,0.879150,-0.079834,0.018066,-0.104325,-0.005177,-0.012731,,0.323483,-0.168352,-0.931137,0.362782,-0.886783,0.286366,-0.873927,-0.430434,-0.225784,,,0.000000,,,,0.00,,,
16208,,,,,,,,,,,,,,-9.743259,0.002883,-1.999103,-1.492183,2.474462,-0.295563,0.883301,-0.077637,0.031250,-0.097593,-0.000090,-0.019187,99877.0000,0.338594,-0.160744,-0.927100,0.373890,-0.881187,0.289335,-0.863458,-0.444601,-0.238264,,,0.000000,,,,0.00,,,
16209,,,,,,,,,,,,,,-10.200758,0.359659,-2.782800,-1.004067,2.551022,0.405450,0.885498,-0.079834,0.046875,-0.102233,0.003331,-0.027018,,0.353047,-0.154263,-0.922801,0.386713,-0.874059,0.294064,-0.851945,-0.460677,-0.248928,,,0.000000,,,,0.00,,,
