// Start Time: Unknown
// Update Rate: 100.0Hz
// Filter Profile: human (46.1)
// Firmware Version: 4.6.0
PacketCounter,SampleTimeFine,Year,Month,Day,Second,UTC_Nano,UTC_Year,UTC_Month,UTC_Day,UTC_Hour,UTC_Minute,UTC_Second,UTC_Valid,Acc_X,Acc_Y,Acc_Z,FreeAcc_X,FreeAcc_Y,FreeAcc_Z,Mag_X,Mag_Y,Mag_Z,VelInc_X,VelInc_Y,VelInc_Z,Pressure,Mat[1][1],Mat[2][1],Mat[3][1],Mat[1][2],Mat[2][2],Mat[3][2],Mat[1][3],Mat[2][3],Mat[3][3],Latitude,Longitude,Altitude,Vel_X,Vel_Y,Vel_Z,Temperature,GyrTemp_X,GyrTemp_Y,GyrTemp_Z
16051,,,,,,,,,,,,,,-8.408118,1.774098,4.789362,-0.031249,0.006720,0.025037,0.420898,-0.353027,-0.676514,-0.084082,0.017735,0.047895,,-0.501681,0.122392,-0.856351,-0.511204,-0.840538,0.179349,-0.697844,0.527746,0.484249,,,0.000000,,,,0.00,,,
16052,,,,,,,,,,,,,,-8.383950,1.764152,4.767026,-0.022131,0.007372,-0.008257,0.416504,-0.350830,-0.674561,-0.083840,0.017635,0.047671,99784.0000,-0.501727,0.122308,-0.856335,-0.511217,-0.840503,0.179475,-0.697801,0.527821,0.484230,,,0.000000,,,,0.00,,,
16053,,,,,,,,,,,,,,-8.442611,1.755617,4.761796,0.015874,0.005641,0.037911,0.418701,-0.355225,-0.672363,-0.084427,0.017551,0.047619,,-0.501773,0.122221,-0.856321,-0.511201,-0.840490,0.179584,-0.697780,0.527863,0.484215,,,0.000000,,,,0.00,,,
16054,,,,,,,,,,,,,,-8.438700,1.787221,4.777224,-0.012505,-0.011411,0.047708,0.412354,-0.357422,-0.672363,-0.084388,0.017868,0.047773,99790.0000,-0.501817,0.122161,-0.856304,-0.511207,-0.840466,0.179679,-0.697745,0.527914,0.484209,,,0.000000,,,,0.00,,,
16055,,,,,,,,,,,,,,-8.424839,1.767861,4.775392,-0.007670,0.006172,0.031474,0.418701,-0.353027,-0.676514,-0.084250,0.017675,0.047752,,-0.501874,0.122147,-0.856273,-0.511225,-0.840440,0.179748,-0.697691,0.527958,0.484239,,,0.000000,,,,0.00,,,
16056,,,,,,,,,,,,,,-8.400705,1.757444,4.753178,0.001447,0.006824,-0.001821,0.418701,-0.350830,-0.672363,-0.084007,0.017570,0.047534,99784.0000,-0.501883,0.122058,-0.856280,-0.511218,-0.840425,0.179837,-0.697688,0.528003,0.484194,,,0.000000,,,,0.00,,,
16057,,,,,,,,,,,,,,-8.393539,1.759842,4.786902,-0.026377,0.024280,0.008803,0.420898,-0.355225,-0.670166,-0.083937,0.017593,0.047867,,-0.501961,0.122026,-0.856239,-0.511235,-0.840394,0.179938,-0.697620,0.528061,0.484229,,,0.000000,,,,0.00,,,
16058,,,,,,,,,,,,,,-8.369284,1.749594,4.764840,-0.017260,0.024932,-0.024491,0.423340,-0.359619,-0.674316,-0.083693,0.017491,0.047649,99787.0000,-0.501993,0.121957,-0.856230,-0.511236,-0.840373,0.180031,-0.697596,0.528110,0.484210,,,0.000000,,,,0.00,,,
16059,,,,,,,,,,,,,,-8.365431,1.781185,4.780143,-0.045610,0.007846,-0.014694,0.418945,-0.357422,-0.666016,-0.083655,0.017807,0.047803,,-0.502026,0.121880,-0.856221,-0.511247,-0.840343,0.180138,-0.697565,0.528175,0.484185,,,0.000000,,,,0.00,,,
16060,,,,,,,,,,,,,,-8.369149,1.751570,4.764352,-0.017231,0.024898,-0.024491,0.420898,-0.353027,-0.667969,-0.083692,0.017511,0.047645,99784.0000,-0.502052,0.121815,-0.856215,-0.511261,-0.840315,0.180231,-0.697536,0.528235,0.484161,,,0.000000,,,,0.00,,,
16061,,,,,,,,,,,,,,-8.362112,1.754019,4.797833,-0.044984,0.042302,-0.013867,0.423096,-0.350830,-0.672363,-0.083621,0.017535,0.047980,,-0.502084,0.121727,-0.856209,-0.511254,-0.840296,0.180337,-0.697517,0.528285,0.484133,,,0.000000,,,,0.00,,,
16062,,,,,,,,,,,,,,-8.393178,1.764724,4.785736,-0.026273,0.024190,0.008804,0.418945,-0.357422,-0.667969,-0.083931,0.017643,0.047860,99785.0000,-0.502082,0.121647,-0.856222,-0.511273,-0.840265,0.180426,-0.697505,0.528352,0.484077,,,0.000000,,,,0.00,,,
16063,,,,,,,,,,,,,,-8.359057,1.763529,4.742515,-0.012738,0.007797,-0.041552,0.414307,-0.355225,-0.674561,-0.083588,0.017629,0.047431,,-0.502053,0.121503,-0.856259,-0.511279,-0.840235,0.180551,-0.697521,0.528434,0.483965,,,0.000000,,,,0.00,,,
16064,,,,,,,,,,,,,,-8.383426,1.775943,4.763569,-0.021854,0.007145,-0.008257,0.418701,-0.353027,-0.672363,-0.083833,0.017754,0.047640,99787.0000,-0.502038,0.121377,-0.856286,-0.511286,-0.840206,0.180667,-0.697528,0.528509,0.483873,,,0.000000,,,,0.00,,,
16065,,,,,,,,,,,,,,-8.397973,1.737438,4.767221,0.002410,0.041000,-0.000993,0.423096,-0.350830,-0.674561,-0.083978,0.017370,0.047678,,-0.502002,0.121280,-0.856321,-0.511326,-0.840161,0.180764,-0.697524,0.528603,0.483776,,,0.000000,,,,0.00,,,
16066,,,,,,,,,,,,,,-8.443005,1.768328,4.756391,0.016288,0.005304,0.037911,0.418701,-0.353027,-0.667969,-0.084428,0.017678,0.047569,99783.0000,-0.501965,0.121144,-0.856361,-0.511314,-0.840147,0.180861,-0.697559,0.528656,0.483667,,,0.000000,,,,0.00,,,
16067,,,,,,,,,,,,,,-8.394962,1.770057,4.780636,-0.025826,0.023770,0.008806,0.412354,-0.357422,-0.672363,-0.083948,0.017695,0.047811,,-0.501955,0.121038,-0.856382,-0.511330,-0.840114,0.180970,-0.697554,0.528733,0.483590,,,0.000000,,,,0.00,,,
16068,,,,,,,,,,,,,,-8.395157,1.771142,4.779891,-0.025827,0.023770,0.008806,0.418701,-0.353027,-0.672363,-0.083951,0.017706,0.047802,99787.0000,-0.501964,0.120940,-0.856391,-0.511334,-0.840089,0.181074,-0.697546,0.528794,0.483535,,,0.000000,,,,0.00,,,
16069,,,,,,,,,,,,,,-8.353848,1.771433,4.770783,-0.040051,0.024726,-0.030923,0.418701,-0.355225,-0.676514,-0.083538,0.017708,0.047711,,-0.501988,0.120853,-0.856389,-0.511344,-0.840059,0.181185,-0.697521,0.528862,0.483497,,,0.000000,,,,0.00,,,
16070,,,,,,,,,,,,,,-8.385087,1.782335,4.758254,-0.021339,0.006613,-0.008255,0.414307,-0.355225,-0.670166,-0.083849,0.017818,0.047588,99779.0000,-0.501955,0.120722,-0.856427,-0.511359,-0.840025,0.181299,-0.697534,0.528946,0.483387,,,0.000000,,,,0.00,,,
16071,,,,,,,,,,,,,,-8.354556,1.773827,4.768654,-0.039772,0.024462,-0.030921,0.423340,-0.357422,-0.670166,-0.083543,0.017731,0.047694,,-0.501926,0.120572,-0.856465,-0.511369,-0.839991,0.181432,-0.697547,0.529035,0.483270,,,0.000000,,,,0.00,,,
16072,,,,,,,,,,,,,,-8.341525,1.754944,4.765266,-0.034940,0.042046,-0.047154,0.418945,-0.357422,-0.667969,-0.083412,0.017543,0.047660,99782.0000,-0.501863,0.120417,-0.856524,-0.511399,-0.839945,0.181557,-0.697571,0.529143,0.483118,,,0.000000,,,,0.00,,,
16073,,,,,,,,,,,,,,-8.359678,1.745774,4.749870,-0.011044,0.041181,-0.040718,0.414307,-0.355225,-0.670166,-0.083592,0.017451,0.047509,,-0.501784,0.120226,-0.856597,-0.511389,-0.839925,0.181679,-0.697635,0.529217,0.482944,,,0.000000,,,,0.00,,,
16074,,,,,,,,,,,,,,-8.387753,1.787458,4.751630,-0.020708,0.006013,-0.008253,0.418945,-0.357422,-0.670166,-0.083873,0.017868,0.047526,99776.0000,-0.501685,0.120034,-0.856682,-0.511418,-0.839878,0.181814,-0.697685,0.529335,0.482742,,,0.000000,,,,0.00,,,
16075,,,,,,,,,,,,,,-8.392478,1.758071,4.734023,0.008075,0.022672,-0.018052,0.416504,-0.355225,-0.672363,-0.083920,0.017575,0.047351,,-0.501588,0.119876,-0.856761,-0.511447,-0.839838,0.181917,-0.697733,0.529435,0.482564,,,0.000000,,,,0.00,,,
16076,,,,,,,,,,,,,,-8.458944,1.771398,4.762326,0.013399,0.020826,0.054973,0.420898,-0.355225,-0.670166,-0.084584,0.017708,0.047635,99780.0000,-0.501467,0.119665,-0.856861,-0.511468,-0.839797,0.182048,-0.697805,0.529548,0.482335,,,0.000000,,,,0.00,,,
16077,,,,,,,,,,,,,,-8.459811,1.772646,4.760321,0.013750,0.020354,0.054974,0.416748,-0.357422,-0.667969,-0.084594,0.017720,0.047612,,-0.501411,0.119533,-0.856912,-0.511484,-0.839766,0.182148,-0.697833,0.529628,0.482207,,,0.000000,,,,0.00,,,
16078,,,,,,,,,,,,,,-8.419047,1.773010,4.750244,-0.000686,0.021544,0.015246,0.416748,-0.357422,-0.670166,-0.084188,0.017724,0.047510,99784.0000,-0.501348,0.119378,-0.856971,-0.511514,-0.839720,0.182273,-0.697856,0.529735,0.482055,,,0.000000,,,,0.00,,,
16079,,,,,,,,,,,,,,-8.378318,1.773355,4.740116,-0.014808,0.022279,-0.024481,0.421143,-0.357422,-0.667969,-0.083779,0.017728,0.047411,,-0.501278,0.119235,-0.857032,-0.511528,-0.839691,0.182370,-0.697896,0.529814,0.481911,,,0.000000,,,,0.00,,,
16080,,,,,,,,,,,,,,-8.379091,1.774537,4.738307,-0.014807,0.022279,-0.024481,0.420898,-0.355225,-0.672363,-0.083787,0.017739,0.047392,99788.0000,-0.501192,0.119062,-0.857106,-0.511551,-0.839650,0.182492,-0.697942,0.529917,0.481732,,,0.000000,,,,0.00,,,
16081,,,,,,,,,,,,,,-8.348959,1.766232,4.748045,-0.033215,0.039836,-0.047139,0.418701,-0.355225,-0.667969,-0.083485,0.017654,0.047492,,-0.501116,0.118872,-0.857177,-0.511575,-0.839604,0.182638,-0.697978,0.530033,0.481551,,,0.000000,,,,0.00,,,
16082,,,,,,,,,,,,,,-8.391405,1.768537,4.754143,-0.018777,0.038641,-0.007412,0.416504,-0.355225,-0.666016,-0.083909,0.017680,0.047553,99781.0000,-0.500973,0.118670,-0.857289,-0.511608,-0.839559,0.182752,-0.698057,0.530149,0.481309,,,0.000000,,,,0.00,,,
16083,,,,,,,,,,,,,,-8.368452,1.758575,4.729654,-0.009312,0.038707,-0.040706,0.418945,-0.357422,-0.670166,-0.083679,0.017578,0.047309,,-0.500868,0.118485,-0.857376,-0.511642,-0.839511,0.182879,-0.698108,0.530267,0.481106,,,0.000000,,,,0.00,,,
16084,,,,,,,,,,,,,,-8.393630,1.771444,4.749130,-0.018419,0.038043,-0.007409,0.418701,-0.350830,-0.670166,-0.083931,0.017707,0.047504,99781.0000,-0.500732,0.118246,-0.857488,-0.511680,-0.839453,0.183038,-0.698177,0.530412,0.480845,,,0.000000,,,,0.00,,,
16085,,,,,,,,,,,,,,-8.360346,1.770475,4.704132,-0.004613,0.020990,-0.057773,0.420898,-0.355225,-0.674316,-0.083596,0.017698,0.047057,,-0.500577,0.118056,-0.857604,-0.511708,-0.839416,0.183128,-0.698267,0.530513,0.480603,,,0.000000,,,,0.00,,,
16086,,,,,,,,,,,,,,-8.409912,1.794455,4.745131,-0.022824,0.019652,0.008823,0.423096,-0.355225,-0.670166,-0.084092,0.017938,0.047466,99778.0000,-0.500397,0.117807,-0.857744,-0.511750,-0.839360,0.183266,-0.698366,0.530656,0.480301,,,0.000000,,,,0.00,,,
16087,,,,,,,,,,,,,,-8.401047,1.804495,4.721609,-0.018096,0.001832,-0.008247,0.423096,-0.350830,-0.667969,-0.084001,0.018040,0.047235,,-0.500168,0.117615,-0.857904,-0.511785,-0.839329,0.183309,-0.698504,0.530748,0.479999,,,0.000000,,,,0.00,,,
16088,,,,,,,,,,,,,,-8.430794,1.785990,4.724477,0.001172,0.018214,0.015252,0.425293,-0.355225,-0.667969,-0.084299,0.017857,0.047262,99778.0000,-0.499900,0.117384,-0.858091,-0.511844,-0.839279,0.183376,-0.698653,0.530878,0.479638,,,0.000000,,,,0.00,,,
16089,,,,,,,,,,,,,,-8.426043,1.788011,4.754424,-0.026407,0.034813,0.025901,0.425293,-0.355225,-0.670166,-0.084249,0.017879,0.047565,,-0.499575,0.117237,-0.858301,-0.511940,-0.839227,0.183343,-0.698815,0.530993,0.479275,,,0.000000,,,,0.00,,,
16090,,,,,,,,,,,,,,-8.435075,1.786684,4.716566,0.001407,0.017352,0.015254,0.421143,-0.359619,-0.667969,-0.084340,0.017866,0.047185,99786.0000,-0.499247,0.117030,-0.858520,-0.512021,-0.839175,0.183358,-0.698990,0.531121,0.478877,,,0.000000,,,,0.00,,,
16091,,,,,,,,,,,,,,-8.433597,1.817302,4.727971,-0.026550,-0.000487,0.025053,0.427734,-0.355225,-0.666016,-0.084324,0.018174,0.047301,,-0.498914,0.116888,-0.858733,-0.512085,-0.839150,0.183293,-0.699181,0.531192,0.478520,,,0.000000,,,,0.00,,,
16092,,,,,,,,,,,,,,-8.429119,1.795350,4.688265,0.006089,-0.000353,-0.001820,0.425537,-0.357422,-0.666016,-0.084280,0.017954,0.046903,99780.0000,-0.498566,0.116681,-0.858963,-0.512137,-0.839122,0.183274,-0.699390,0.531281,0.478115,,,0.000000,,,,0.00,,,
16093,,,,,,,,,,,,,,-8.438797,1.757311,4.722961,0.002557,0.050372,0.016110,0.425537,-0.357422,-0.663818,-0.084378,0.017573,0.047248,,-0.498274,0.116552,-0.859150,-0.512201,-0.839094,0.183226,-0.699553,0.531354,0.477796,,,0.000000,,,,0.00,,,
16094,,,,,,,,,,,,,,-8.461040,1.776306,4.687349,0.025537,0.015319,0.021681,0.423096,-0.353027,-0.672363,-0.084601,0.017760,0.046891,99783.0000,-0.498011,0.116316,-0.859334,-0.512247,-0.839051,0.183292,-0.699706,0.531473,0.477439,,,0.000000,,,,0.00,,,
16095,,,,,,,,,,,,,,-8.442484,1.758182,4.716044,0.002838,0.049525,0.016114,0.421143,-0.357422,-0.670166,-0.084416,0.017580,0.047177,,-0.497784,0.116186,-0.859484,-0.512280,-0.839035,0.183274,-0.699843,0.531527,0.477178,,,0.000000,,,,0.00,,,
16096,,,,,,,,,,,,,,-8.447131,1.787659,4.694570,0.002268,0.015005,0.015258,0.427734,-0.355225,-0.670166,-0.084463,0.017875,0.046961,99778.0000,-0.497553,0.115984,-0.859645,-0.512300,-0.839014,0.183314,-0.699992,0.531605,0.476872,,,0.000000,,,,0.00,,,
16097,,,,,,,,,,,,,,-8.459332,1.779191,4.711653,-0.001606,0.030975,0.032339,0.423096,-0.350830,-0.663818,-0.084585,0.017790,0.047132,,-0.497348,0.115866,-0.859779,-0.512328,-0.839002,0.183295,-0.700118,0.531650,0.476637,,,0.000000,,,,0.00,,,
16098,,,,,,,,,,,,,,-8.460902,1.779680,4.708649,-0.001624,0.030964,0.032339,0.427734,-0.357422,-0.661621,-0.084602,0.017794,0.047101,99782.0000,-0.497133,0.115660,-0.859931,-0.512349,-0.838976,0.183351,-0.700255,0.531735,0.476341,,,0.000000,,,,0.00,,,
16099,,,,,,,,,,,,,,-8.448780,1.759978,4.704084,0.003152,0.047836,0.016123,0.425537,-0.355225,-0.661621,-0.084481,0.017598,0.047054,,-0.496919,0.115549,-0.860070,-0.512393,-0.838954,0.183331,-0.700375,0.531794,0.476098,,,0.000000,,,,0.00,,,
16100,,,,,,,,,,,,,,-8.446550,1.790910,4.716795,-0.025245,0.030763,0.025918,0.423340,-0.357422,-0.667969,-0.084458,0.017908,0.047182,99781.0000,-0.496689,0.115385,-0.860225,-0.512422,-0.838933,0.183341,-0.700516,0.531862,0.475815,,,0.000000,,,,0.00,,,
16101,,,,,,,,,,,,,,-8.434416,1.770991,4.712351,-0.020199,0.047596,0.009704,0.421143,-0.357422,-0.667969,-0.084337,0.017708,0.047137,,-0.496506,0.115285,-0.860344,-0.512469,-0.838907,0.183334,-0.700613,0.531926,0.475602,,,0.000000,,,,0.00,,,
16102,,,,,,,,,,,,,,-8.473461,1.779310,4.663712,0.026320,0.012000,0.021684,0.427734,-0.355225,-0.667969,-0.084726,0.017794,0.046652,99784.0000,-0.496244,0.115130,-0.860515,-0.512495,-0.838896,0.183310,-0.700778,0.531977,0.475301,,,0.000000,,,,0.00,,,
16103,,,,,,,,,,,,,,-8.502879,1.759976,4.667348,0.045987,0.027393,0.045190,0.425537,-0.357422,-0.661621,-0.085022,0.017599,0.046686,,-0.496075,0.115063,-0.860622,-0.512514,-0.838895,0.183263,-0.700884,0.531993,0.475126,,,0.000000,,,,0.00,,,
16104,,,,,,,,,,,,,,-8.511153,1.781931,4.700458,0.013320,0.027224,0.072068,0.427734,-0.359863,-0.659424,-0.085105,0.017818,0.047017,99778.0000,-0.495880,0.114927,-0.860753,-0.512555,-0.838866,0.183278,-0.700993,0.532067,0.474883,,,0.000000,,,,0.00,,,
16105,,,,,,,,,,,,,,-8.519007,1.780464,4.664328,0.040967,0.009352,0.061406,0.425537,-0.355225,-0.666016,-0.085184,0.017804,0.046654,,-0.495679,0.114863,-0.860877,-0.512624,-0.838833,0.183239,-0.701084,0.532133,0.474674,,,0.000000,,,,0.00,,,
16106,,,,,,,,,,,,,,-8.502867,1.791039,4.675978,0.017392,0.009887,0.054984,0.425537,-0.357422,-0.661621,-0.085023,0.017909,0.046770,99782.0000,-0.495518,0.114736,-0.860986,-0.512647,-0.838814,0.183259,-0.701181,0.532190,0.474467,,,0.000000,,,,0.00,,,
16107,,,,,,,,,,,,,,-8.518213,1.751601,4.678729,0.041472,0.043115,0.062280,0.427734,-0.355225,-0.666016,-0.085177,0.017516,0.046796,,-0.495365,0.114710,-0.861078,-0.512673,-0.838814,0.183188,-0.701271,0.532196,0.474328,,,0.000000,,,,0.00,,,
16108,,,,,,,,,,,,,,-8.487629,1.801421,4.686088,-0.006205,0.009679,0.048563,0.425537,-0.359863,-0.663818,-0.084871,0.018015,0.046870,99782.0000,-0.495201,0.114635,-0.861182,-0.512708,-0.838798,0.183165,-0.701361,0.532238,0.474148,,,0.000000,,,,0.00,,,
16109,,,,,,,,,,,,,,-8.585886,1.763435,4.705233,0.046773,0.040412,0.135304,0.425293,-0.353027,-0.663818,-0.085855,0.017636,0.047059,,-0.495069,0.114631,-0.861259,-0.512699,-0.838825,0.183065,-0.701460,0.532196,0.474047,,,0.000000,,,,0.00,,,
16110,,,,,,,,,,,,,,-8.603656,1.752875,4.690568,0.070292,0.039869,0.141727,0.427734,-0.357422,-0.670166,-0.086036,0.017528,0.046908,99777.0000,-0.495036,0.114608,-0.861281,-0.512715,-0.838813,0.183074,-0.701472,0.532220,0.474004,,,0.000000,,,,0.00,,,
16111,,,,,,,,,,,,,,-8.558620,1.782899,4.697656,0.027369,0.022916,0.111798,0.427490,-0.353027,-0.663818,-0.085586,0.017827,0.046978,,-0.495033,0.114643,-0.861278,-0.512686,-0.838843,0.183017,-0.701496,0.532164,0.474031,,,0.000000,,,,0.00,,,
16112,,,,,,,,,,,,,,-8.620258,1.802591,4.673553,0.064786,-0.013388,0.157062,0.429688,-0.353027,-0.666016,-0.086203,0.018026,0.046734,99785.0000,-0.495048,0.114676,-0.861264,-0.512696,-0.838840,0.183003,-0.701477,0.532162,0.474060,,,0.000000,,,,0.00,,,
16113,,,,,,,,,,,,,,-8.668600,1.742299,4.651525,0.135341,0.018359,0.177221,0.427490,-0.353027,-0.661621,-0.086690,0.017421,0.046508,,-0.495124,0.114839,-0.861199,-0.512707,-0.838854,0.182907,-0.701416,0.532104,0.474216,,,0.000000,,,,0.00,,,
16114,,,,,,,,,,,,,,-8.784496,1.806617,4.708863,0.121897,-0.019538,0.315955,0.425293,-0.355225,-0.670166,-0.087854,0.018065,0.047073,99782.0000,-0.495391,0.115005,-0.861023,-0.512683,-0.838864,0.182928,-0.701244,0.532053,0.474527,,,0.000000,,,,0.00,,,
16115,,,,,,,,,,,,,,-8.754801,1.766688,4.709951,0.130917,0.014679,0.283550,0.427734,-0.357422,-0.667969,-0.087564,0.017663,0.047070,,-0.495843,0.115382,-0.860713,-0.512670,-0.838882,0.182885,-0.700935,0.531944,0.475107,,,0.000000,,,,0.00,,,
16116,,,,,,,,,,,,,,-8.671019,1.794935,4.681941,0.101439,-0.017351,0.203217,0.418945,-0.357422,-0.666016,-0.086731,0.017943,0.046783,99782.0000,-0.496495,0.115747,-0.860288,-0.512660,-0.838861,0.183006,-0.700480,0.531897,0.475829,,,0.000000,,,,0.00,,,
16117,,,,,,,,,,,,,,-8.586934,1.846531,4.724294,0.011106,-0.032709,0.160420,0.425537,-0.355225,-0.666016,-0.085892,0.018462,0.047204,,-0.497137,0.116235,-0.859851,-0.512655,-0.838865,0.183002,-0.700028,0.531784,0.476620,,,0.000000,,,,0.00,,,
16118,,,,,,,,,,,,,,-8.620320,1.878017,4.755884,-0.002857,-0.051058,0.209921,0.423096,-0.355225,-0.670166,-0.086225,0.018785,0.047518,99788.0000,-0.497749,0.116796,-0.859421,-0.512660,-0.838882,0.182912,-0.699590,0.531635,0.477429,,,0.000000,,,,0.00,,,
16119,,,,,,,,,,,,,,-8.525729,1.936092,4.778476,-0.089210,-0.083469,0.150014,0.420898,-0.353027,-0.674561,-0.085278,0.019371,0.047744,,-0.498242,0.117509,-0.859038,-0.512707,-0.838919,0.182613,-0.699204,0.531420,0.478232,,,0.000000,,,,0.00,,,
16120,,,,,,,,,,,,,,-8.567539,1.902879,4.778721,-0.046428,-0.067681,0.179965,0.420898,-0.355225,-0.672363,-0.085689,0.019054,0.047753,99784.0000,-0.498528,0.118292,-0.858765,-0.512778,-0.838984,0.182110,-0.698948,0.531142,0.478915,,,0.000000,,,,0.00,,,
16121,,,,,,,,,,,,,,-8.639529,1.728599,4.790466,0.073551,0.066655,0.215683,0.420898,-0.350830,-0.666016,-0.086406,0.017318,0.047873,,-0.498706,0.119214,-0.858534,-0.512837,-0.839107,0.181381,-0.698778,0.530743,0.479605,,,0.000000,,,,0.00,,,
16122,,,,,,,,,,,,,,-9.842618,0.479407,5.008310,1.164313,1.079274,1.126676,0.421143,-0.357422,-0.666016,-0.098438,0.004815,0.050058,99783.0000,-0.498918,0.119699,-0.858343,-0.512750,-0.839240,0.181004,-0.698690,0.530422,0.480088,,,0.000000,,,,0.00,,,
16123,,,,,,,,,,,,,,-9.335665,0.491361,4.509857,1.265872,0.869199,0.452636,0.418945,-0.357422,-0.674316,-0.093391,0.004774,0.045041,,-0.500763,0.118754,-0.857400,-0.513023,-0.838534,0.183489,-0.697169,0.531750,0.480830,,,0.000000,,,,0.00,,,
16124,,,,,,,,,,,,,,-11.477655,3.040529,5.764134,0.179780,-0.830328,3.358673,0.416748,-0.357422,-0.672363,-0.114818,0.030208,0.057663,99778.0000,-0.502062,0.117157,-0.856859,-0.513800,-0.837380,0.186559,-0.695660,0.533918,0.480612,,,0.000000,,,,0.00,,,
16125,,,,,,,,,,,,,,-17.203235,4.162788,6.428955,2.055388,-2.110682,8.786535,0.416504,-0.355225,-0.676514,-0.172179,0.041760,0.063810,,-0.504970,0.121009,-0.854612,-0.513471,-0.837984,0.184744,-0.693796,0.532109,0.485292,,,0.000000,,,,0.00,,,
16126,,,,,,,,,,,,,,-11.287522,1.383016,5.936524,0.923715,0.599033,2.968149,0.405762,-0.361816,-0.678711,-0.113166,0.013849,0.058803,99776.0000,-0.511822,0.126168,-0.849777,-0.512867,-0.838425,0.184419,-0.689206,0.530212,0.493832,,,0.000000,,,,0.00,,,
16127,,,,,,,,,,,,,,-11.706791,-0.366938,5.845123,2.191472,1.891989,2.953114,0.396729,-0.353027,-0.687256,-0.117335,-0.003597,0.057917,,-0.517240,0.131688,-0.845649,-0.512782,-0.838783,0.183024,-0.685214,0.528301,0.501379,,,0.000000,,,,0.00,,,
16128,,,,,,,,,,,,,,-13.071529,-2.236931,6.364663,3.605932,3.465234,4.020786,0.390137,-0.353027,-0.687256,-0.131071,-0.022238,0.062957,99784.0000,-0.523350,0.138980,-0.840707,-0.513954,-0.838432,0.181339,-0.679673,0.526988,0.510223,,,0.000000,,,,0.00,,,
16129,,,,,,,,,,,,,,-11.704024,-2.147514,5.605634,3.471889,3.069020,2.497629,0.385742,-0.355225,-0.697998,-0.117411,-0.021379,0.055312,,-0.529535,0.148091,-0.835261,-0.516829,-0.837116,0.179236,-0.672667,0.526599,0.519820,,,0.000000,,,,0.00,,,
16130,,,,,,,,,,,,,,-9.838519,-1.549261,4.582536,2.988695,2.214830,0.500255,0.374756,-0.357422,-0.699951,-0.098686,-0.015503,0.045168,99788.0000,-0.537136,0.156204,-0.828906,-0.520484,-0.834688,0.179982,-0.663764,0.528107,0.529642,,,0.000000,,,,0.00,,,
16131,,,,,,,,,,,,,,-9.484443,0.304023,4.485121,2.009211,0.614064,0.470692,0.361816,-0.359619,-0.712891,-0.095109,0.002754,0.044304,,-0.545300,0.160525,-0.822727,-0.522939,-0.832224,0.184224,-0.655121,0.530693,0.537757,,,0.000000,,,,0.00,,,
16132,,,,,,,,,,,,,,-8.746966,0.109477,1.912207,3.517784,-0.473496,-1.592129,0.353516,-0.377441,-0.708496,-0.087575,0.000689,0.018648,99786.0000,-0.556444,0.159897,-0.815354,-0.523276,-0.829692,0.194404,-0.645408,0.534831,0.545348,,,0.000000,,,,0.00,,,
16133,,,,,,,,,,,,,,-8.265683,0.538785,0.266759,4.182626,-1.610049,-2.841660,0.347168,-0.388428,-0.708252,-0.082696,0.004917,0.002329,,-0.566512,0.155796,-0.809192,-0.522019,-0.827656,0.206112,-0.637621,0.539178,0.550205,,,0.000000,,,,0.00,,,
16134,,,,,,,,,,,,,,-8.017334,1.424848,1.225400,3.059618,-1.746019,-2.369652,0.336182,-0.388428,-0.716797,-0.080282,0.013820,0.012029,99787.0000,-0.575827,0.151314,-0.803448,-0.520193,-0.825950,0.217268,-0.630732,0.543056,0.554317,,,0.000000,,,,0.00,,,
16135,,,,,,,,,,,,,,-9.904897,-0.136463,0.142151,5.686274,-1.299855,-1.805049,0.336182,-0.390625,-0.712646,-0.099048,-0.001574,0.001283,,-0.577963,0.149435,-0.802265,-0.518961,-0.825999,0.220011,-0.629792,0.543502,0.554947,,,0.000000,,,,0.00,,,
16136,,,,,,,,,,,,,,-9.221798,-0.589674,-1.066874,6.311476,-1.475666,-3.140720,0.329834,-0.397217,-0.710449,-0.092210,-0.005886,-0.010744,99780.0000,-0.578874,0.150522,-0.801404,-0.519071,-0.825986,0.219800,-0.628864,0.543222,0.556274,,,0.000000,,,,0.00,,,
16137,,,,,,,,,,,,,,-9.268264,-0.233213,-1.471400,6.388378,-2.005672,-3.233477,0.332031,-0.399414,-0.723145,-0.092684,-0.002248,-0.014721,,-0.575508,0.152090,-0.803530,-0.519300,-0.827000,0.215403,-0.631758,0.541239,0.554925,,,0.000000,,,,0.00,,,
16138,,,,,,,,,,,,,,-9.069065,0.092050,-1.851233,6.336319,-2.462462,-3.530108,0.338379,-0.390625,-0.716797,-0.090694,0.000993,-0.018494,99792.0000,-0.574189,0.153576,-0.804190,-0.519047,-0.827911,0.212492,-0.633164,0.539423,0.555091,,,0.000000,,,,0.00,,,
16139,,,,,,,,,,,,,,-8.490863,-0.081089,-2.355810,6.382754,-2.500409,-4.275580,0.338379,-0.386230,-0.721191,-0.084928,-0.000753,-0.023489,,-0.568835,0.153781,-0.807947,-0.518136,-0.829913,0.206831,-0.638719,0.536279,0.551763,,,0.000000,,,,0.00,,,
16140,,,,,,,,,,,,,,-8.611067,-0.073044,-2.501261,6.522482,-2.606744,-4.238269,0.340088,-0.372803,-0.717041,-0.086149,-0.000632,-0.024882,99787.0000,-0.565230,0.154913,-0.810257,-0.517780,-0.831258,0.202272,-0.642198,0.533866,0.550063,,,0.000000,,,,0.00,,,
16141,,,,,,,,,,,,,,-8.712715,-0.024582,-2.521882,6.517098,-2.665281,-4.094697,0.342285,-0.372803,-0.718994,-0.087181,-0.000090,-0.025033,,-0.556374,0.155240,-0.816302,-0.517286,-0.833521,0.194057,-0.650279,0.530230,0.544052,,,0.000000,,,,0.00,,,
16142,,,,,,,,,,,,,,-8.751856,0.293556,-2.391070,6.250066,-2.876490,-3.891493,0.357666,-0.372803,-0.714844,-0.087574,0.003136,-0.023681,99787.0000,-0.549949,0.157109,-0.820288,-0.517818,-0.834739,0.187285,-0.655302,0.527757,0.540418,,,0.000000,,,,0.00,,,
16143,,,,,,,,,,,,,,-8.711702,0.529519,-2.179109,5.890110,-2.950190,-3.686903,0.357422,-0.364014,-0.712646,-0.087171,0.005511,-0.021519,,-0.538317,0.157088,-0.827973,-0.517938,-0.836693,0.178002,-0.664797,0.524660,0.531768,,,0.000000,,,,0.00,,,
16144,,,,,,,,,,,,,,-8.790433,0.778345,-1.762729,5.470590,-2.958792,-3.308656,0.365967,-0.357422,-0.708496,-0.087949,0.007999,-0.017306,99789.0000,-0.530333,0.157797,-0.832974,-0.518542,-0.837687,0.171452,-0.670717,0.522859,0.526078,,,0.000000,,,,0.00,,,
16145,,,,,,,,,,,,,,-9.125877,1.000864,-1.303367,5.125084,-2.940463,-2.666452,0.381348,-0.353027,-0.697998,-0.091289,0.010216,-0.012652,,-0.517382,0.155563,-0.841496,-0.518305,-0.839423,0.163493,-0.680938,0.520740,0.514931,,,0.000000,,,,0.00,,,
16146,,,,,,,,,,,,,,-9.152535,1.029504,-0.914191,4.786495,-2.757124,-2.386280,0.385742,-0.350830,-0.704346,-0.091546,0.010477,-0.008710,99786.0000,-0.508481,0.154074,-0.847176,-0.518325,-0.840413,0.158258,-0.687594,0.519584,0.507195,,,0.000000,,,,0.00,,,
16147,,,,,,,,,,,,,,-9.491958,1.046491,-0.420061,4.485311,-2.532735,-1.760657,0.394287,-0.348633,-0.691650,-0.094921,0.010632,-0.003709,,-0.494317,0.149889,-0.856261,-0.518248,-0.841641,0.151853,-0.697904,0.518819,0.493718,,,0.000000,,,,0.00,,,
16148,,,,,,,,,,,,,,-9.676348,1.068870,-0.034860,4.207169,-2.353087,-1.354728,0.402832,-0.337402,-0.683105,-0.096746,0.010845,0.000188,99784.0000,-0.484658,0.146700,-0.862314,-0.517742,-0.842703,0.147630,-0.705017,0.518006,0.484376,,,0.000000,,,,0.00,,,
16149,,,,,,,,,,,,,,-9.946702,1.069818,0.322369,3.941902,-2.158096,-0.869080,0.411621,-0.335205,-0.680908,-0.099430,0.010846,0.003812,,-0.470008,0.141154,-0.871303,-0.517469,-0.843762,0.142446,-0.715066,0.517823,0.469617,,,0.000000,,,,0.00,,,
16150,,,,,,,,,,,,,,-10.279325,1.264113,0.757901,3.580258,-2.102910,-0.294544,0.422607,-0.333008,-0.676758,-0.102728,0.012775,0.008208,99747.0000,-0.459726,0.136634,-0.877487,-0.516314,-0.845057,0.138919,-0.722545,0.516923,0.459041,,,0.000000,,,,0.00,,,
16151,,,,,,,,,,,,,,-10.693310,1.401545,1.270409,3.164301,-1.942048,0.392177,0.428955,-0.330811,-0.674561,-0.106836,0.014139,0.013363,,-0.444973,0.129640,-0.886111,-0.514753,-0.846704,0.134616,-0.732822,0.516029,0.443493,,,0.000000,,,,0.00,,,
16152,,,,,,,,,,,,,,-10.810096,1.460634,1.750997,2.713992,-1.708371,0.759527,0.446533,-0.328613,-0.663818,-0.107973,0.014726,0.018183,99733.0000,-0.434618,0.124279,-0.891999,-0.512448,-0.848597,0.131454,-0.740610,0.514235,0.432502,,,0.000000,,,,0.00,,,
16153,,,,,,,,,,,,,,-10.940676,1.613626,2.155053,2.212242,-1.573260,1.122376,0.452881,-0.319824,-0.655518,-0.109252,0.016265,0.022225,,-0.419554,0.116977,-0.900162,-0.510065,-0.850680,0.127188,-0.750871,0.512504,0.416572,,,0.000000,,,,0.00,,,
16154,,,,,,,,,,,,,,-11.028593,1.591248,2.537150,1.844262,-1.319744,1.387952,0.468018,-0.313232,-0.651123,-0.110105,0.016066,0.026047,99740.0000,-0.408953,0.111590,-0.905707,-0.506485,-0.853351,0.123554,-0.759098,0.509255,0.405499,,,0.000000,,,,0.00,,,
16155,,,,,,,,,,,,,,-11.184194,1.646691,2.838630,1.463447,-1.164102,1.691967,0.476807,-0.311035,-0.642822,-0.111643,0.016656,0.029048,,-0.394073,0.104681,-0.913098,-0.502732,-0.856240,0.118805,-0.769394,0.505861,0.390047,,,0.000000,,,,0.00,,,
16156,,,,,,,,,,,,,,-11.509010,1.787120,3.128346,1.160128,-1.138341,2.136966,0.487549,-0.304443,-0.636475,-0.114875,0.018111,0.031925,99741.0000,-0.383488,0.100296,-0.918084,-0.497700,-0.859830,0.113960,-0.777966,0.500633,0.379651,,,0.000000,,,,0.00,,,
16157,,,,,,,,,,,,,,-11.586946,1.978450,3.424778,0.672284,-1.118509,2.360895,0.491699,-0.293213,-0.632080,-0.115646,0.020074,0.034826,,-0.369194,0.095182,-0.924465,-0.493137,-0.863214,0.108063,-0.787726,0.495784,0.365631,,,0.000000,,,,0.00,,,
16158,,,,,,,,,,,,,,-11.540218,2.198416,3.652450,0.235677,-1.188137,2.429922,0.500244,-0.284424,-0.621582,-0.115180,0.022324,0.037016,99734.0000,-0.359604,0.092393,-0.928520,-0.486170,-0.867900,0.101927,-0.796444,0.488072,0.357019,,,0.000000,,,,0.00,,,
16159,,,,,,,,,,,,,,-11.303788,2.372018,3.845921,-0.248510,-1.213053,2.297589,0.504395,-0.275635,-0.619629,-0.112822,0.024093,0.038858,,-0.347666,0.088389,-0.933443,-0.478411,-0.872924,0.095528,-0.806381,0.479782,0.345772,,,0.000000,,,,0.00,,,
16160,,,,,,,,,,,,,,-11.038312,2.601794,3.957008,-0.647615,-1.364770,2.103212,0.512695,-0.260010,-0.617432,-0.110183,0.026395,0.039876,99735.0000,-0.339647,0.086418,-0.936574,-0.469097,-0.878646,0.089045,-0.815222,0.469588,0.338968,,,0.000000,,,,0.00,,,
16161,,,,,,,,,,,,,,-10.510459,2.863954,4.190675,-1.261655,-1.456982,1.698976,0.516846,-0.253418,-0.611084,-0.104910,0.029021,0.042130,,-0.329850,0.082283,-0.940441,-0.458095,-0.884997,0.083240,-0.825438,0.458268,0.329610,,,0.000000,,,,0.00,,,
16162,,,,,,,,,,,,,,-10.087213,2.976507,4.518381,-1.804422,-1.417832,1.401603,0.523193,-0.246826,-0.611084,-0.100679,0.030149,0.045360,99740.0000,-0.322856,0.079775,-0.943080,-0.446462,-0.891446,0.077435,-0.834527,0.446049,0.323425,,,0.000000,,,,0.00,,,
16163,,,,,,,,,,,,,,-9.709335,3.110139,4.882682,-2.393429,-1.376020,1.149159,0.529297,-0.226807,-0.606934,-0.096896,0.031497,0.048965,,-0.313580,0.075053,-0.946591,-0.434065,-0.897952,0.072597,-0.844545,0.433647,0.314157,,,0.000000,,,,0.00,,,
16164,,,,,,,,,,,,,,-9.018251,3.244176,5.153020,-2.965243,-1.385697,0.564865,0.540039,-0.218018,-0.604980,-0.089975,0.032848,0.051636,99768.0000,-0.306729,0.071708,-0.949092,-0.420787,-0.904634,0.067642,-0.853730,0.420114,0.307651,,,0.000000,,,,0.00,,,
16165,,,,,,,,,,,,,,-8.406267,2.957541,5.333870,-3.285981,-1.050926,-0.016788,0.539795,-0.209229,-0.596436,-0.083837,0.029987,0.053463,,-0.296363,0.065804,-0.952806,-0.406581,-0.911404,0.063520,-0.864211,0.406218,0.296861,,,0.000000,,,,0.00,,,
16166,,,,,,,,,,,,,,-7.879589,2.519296,5.482238,-3.464263,-0.614145,-0.533106,0.545898,-0.195801,-0.594482,-0.078554,0.025577,0.054991,99770.0000,-0.288683,0.060972,-0.955481,-0.392552,-0.917768,0.060038,-0.873250,0.392408,0.288878,,,0.000000,,,,0.00,,,
16167,,,,,,,,,,,,,,-7.852046,2.155406,5.718143,-3.641039,-0.217992,-0.555686,0.552246,-0.189209,-0.583740,-0.078258,0.021902,0.057408,,-0.277911,0.053416,-0.959121,-0.378793,-0.923642,0.058318,-0.882769,0.379515,0.276924,,,0.000000,,,,0.00,,,
16168,,,,,,,,,,,,,,-7.664755,1.533722,6.055543,-3.841813,0.456378,-0.713144,0.563232,-0.184814,-0.577393,-0.076355,0.015644,0.060845,99769.0000,-0.269795,0.046728,-0.961783,-0.365575,-0.929009,0.057413,-0.890823,0.367094,0.267725,,,0.000000,,,,0.00,,,
16169,,,,,,,,,,,,,,-7.435118,0.944442,6.257720,-3.983301,1.077005,-0.963708,0.569580,-0.176025,-0.571045,-0.074032,0.009701,0.062914,,-0.259176,0.037847,-0.965088,-0.353504,-0.933613,0.058321,-0.898812,0.356277,0.255349,,,0.000000,,,,0.00,,,
16170,,,,,,,,,,,,,,-7.080059,0.048281,6.342928,-3.934894,1.942783,-1.380402,0.576172,-0.173828,-0.562500,-0.070445,0.000690,0.063821,99769.0000,-0.250407,0.030325,-0.967666,-0.342770,-0.937545,0.059319,-0.905431,0.346541,0.245162,,,0.000000,,,,0.00,,,
16171,,,,,,,,,,,,,,-6.537565,-1.022644,6.559670,-4.021376,3.045235,-1.978873,0.582520,-0.171631,-0.556152,-0.064968,-0.010061,0.066025,,-0.239066,0.021469,-0.970766,-0.334062,-0.940545,0.061467,-0.911729,0.338990,0.232024,,,0.000000,,,,0.00,,,
16172,,,,,,,,,,,,,,-5.932109,-2.001929,6.804243,-4.171956,4.067289,-2.633142,0.589111,-0.165039,-0.543457,-0.058850,-0.019905,0.068483,99765.0000,-0.228348,0.014152,-0.973477,-0.327688,-0.942672,0.063161,-0.916776,0.333420,0.219895,,,0.000000,,,,0.00,,,
16173,,,,,,,,,,,,,,-5.892813,-2.761170,7.195214,-4.411849,4.937588,-2.722235,0.602295,-0.169434,-0.534912,-0.058384,-0.027570,0.072409,,-0.214906,0.006018,-0.976616,-0.324093,-0.943755,0.065502,-0.921292,0.330591,0.204769,,,0.000000,,,,0.00,,,
16174,,,,,,,,,,,,,,-6.537444,-3.241830,8.024643,-4.993447,5.693524,-2.048039,0.611084,-0.165039,-0.526367,-0.064757,-0.032463,0.080726,99770.0000,-0.202049,-0.000549,-0.979375,-0.323305,-0.943904,0.067228,-0.924473,0.330220,0.190538,,,0.000000,,,,0.00,,,
16175,,,,,,,,,,,,,,-6.999188,-3.427590,8.858293,-5.725102,6.195228,-1.563650,0.617920,-0.173828,-0.515869,-0.069352,-0.034404,0.089034,,-0.188343,-0.006426,-0.982082,-0.325259,-0.943137,0.068549,-0.926678,0.332342,0.175544,,,0.000000,,,,0.00,,,
16176,,,,,,,,,,,,,,-7.274021,-3.429185,9.812778,-6.649401,6.573077,-1.237170,0.626709,-0.174072,-0.505127,-0.072117,-0.034487,0.098517,99774.0000,-0.176199,-0.010148,-0.984302,-0.329413,-0.941685,0.068677,-0.927600,0.336342,0.162581,,,0.000000,,,,0.00,,,
16177,,,,,,,,,,,,,,-7.366152,-3.221063,10.567880,-7.476928,6.692202,-1.116476,0.635498,-0.174072,-0.498779,-0.073128,-0.032431,0.105981,,-0.164925,-0.011343,-0.986241,-0.335340,-0.939720,0.066885,-0.927549,0.341757,0.151179,,,0.000000,,,,0.00,,,
16178,,,,,,,,,,,,,,-7.231658,-2.980409,11.172144,-8.189786,6.726654,-1.229260,0.644287,-0.174072,-0.494385,-0.071909,-0.030007,0.111929,99762.0000,-0.155315,-0.009737,-0.987817,-0.342334,-0.937459,0.063066,-0.926653,0.347958,0.142268,,,0.000000,,,,0.00,,,
16179,,,,,,,,,,,,,,-6.885897,-3.097666,11.580421,-8.604101,7.016453,-1.575226,0.642090,-0.174072,-0.485840,-0.068620,-0.031166,0.115895,,-0.147627,-0.004695,-0.989032,-0.350217,-0.934950,0.056714,-0.924962,0.354749,0.136380,,,0.000000,,,,0.00,,,
16180,,,,,,,,,,,,,,-6.733274,-2.398236,12.102185,-9.357616,6.584597,-1.650007,0.648682,-0.169678,-0.488037,-0.067226,-0.024161,0.121045,99762.0000,-0.141353,0.002112,-0.989957,-0.358573,-0.932204,0.049211,-0.922738,0.361928,0.132527,,,0.000000,,,,0.00,,,
16181,,,,,,,,,,,,,,-6.946047,-1.773762,12.437800,-9.841354,6.142200,-1.356108,0.650635,-0.165039,-0.481689,-0.069503,-0.017866,0.124336,,-0.138183,0.011884,-0.990335,-0.366719,-0.929471,0.040015,-0.920012,0.368704,0.132796,,,0.000000,,,,0.00,,,
16182,,,,,,,,,,,,,,-23.308489,5.339366,17.971869,-15.020179,1.660960,16.001381,0.629639,-0.198242,-0.502930,-0.234693,0.049973,0.178591,99768.0000,-0.156523,0.001048,-0.987674,-0.378770,-0.923605,0.059046,-0.912159,0.383344,0.144962,,,0.000000,,,,0.00,,,
16183,,,,,,,,,,,,,,-1.646697,8.265238,18.773890,-19.924393,-0.421829,-4.684157,0.625732,-0.209473,-0.517578,-0.019103,0.082357,0.187613,,-0.183528,-0.003949,-0.983007,-0.377494,-0.923036,0.074186,-0.907643,0.384694,0.167912,,,0.000000,,,,0.00,,,
16184,,,,,,,,,,,,,,-13.994372,4.466414,3.928526,-2.453415,-2.429671,4.995348,0.604248,-0.227051,-0.534668,-0.140965,0.042674,0.037786,99768.0000,-0.215505,-0.017480,-0.976346,-0.382644,-0.918369,0.100902,-0.898410,0.395338,0.191225,,,0.000000,,,,0.00,,,
16185,,,,,,,,,,,,,,-13.330387,6.802917,2.419267,-1.607775,-5.065169,4.384771,0.576172,-0.244873,-0.560059,-0.134208,0.066987,0.021953,,-0.252457,-0.018703,-0.967427,-0.375539,-0.919547,0.115777,-0.891760,0.392535,0.225122,,,0.000000,,,,0.00,,,
16186,,,,,,,,,,,,,,-12.777376,3.999392,1.937866,0.214729,-2.674509,3.446147,0.558350,-0.244629,-0.585693,-0.128311,0.039138,0.017435,99771.0000,-0.283153,-0.020520,-0.958855,-0.366838,-0.921430,0.128047,-0.886146,0.388001,0.253378,,,0.000000,,,,0.00,,,
16187,,,,,,,,,,,,,,-10.763520,1.885445,3.091674,-0.129270,-0.353057,1.536671,0.538818,-0.251221,-0.604736,-0.108309,0.018280,0.028808,,-0.323411,-0.016067,-0.946122,-0.358557,-0.923215,0.138242,-0.875696,0.383947,0.292817,,,0.000000,,,,0.00,,,
16188,,,,,,,,,,,,,,-6.712318,1.991605,5.564227,-3.293308,0.383836,-1.507080,0.512451,-0.253418,-0.623779,-0.067992,0.019747,0.054633,99777.0000,-0.351313,-0.013335,-0.936163,-0.351458,-0.924896,0.145066,-0.867788,0.379985,0.320241,,,0.000000,,,,0.00,,,
16189,,,,,,,,,,,,,,-4.993095,2.640168,6.973008,-5.115198,0.249158,-2.444337,0.497314,-0.260010,-0.636719,-0.050866,0.026358,0.069064,,-0.376931,-0.008142,-0.926206,-0.346864,-0.925956,0.149301,-0.858841,0.377544,0.346197,,,0.000000,,,,0.00,,,
16190,,,,,,,,,,,,,,-6.739590,0.933824,5.470035,-2.410860,1.240663,-1.514375,0.483643,-0.248779,-0.653809,-0.067873,0.009264,0.054118,99773.0000,-0.392653,-0.004955,-0.919673,-0.344115,-0.926557,0.151911,-0.852883,0.376122,0.362110,,,0.000000,,,,0.00,,,
16191,,,,,,,,,,,,,,-5.003432,0.783787,5.998433,-3.354968,1.543360,-2.885130,0.479492,-0.257812,-0.657959,-0.050460,0.007768,0.059635,,-0.407686,-0.001738,-0.913120,-0.342490,-0.926702,0.154678,-0.846459,0.375794,0.377208,,,0.000000,,,,0.00,,,
16192,,,,,,,,,,,,,,-5.458971,1.397471,6.126097,-3.411058,1.018235,-2.288730,0.470703,-0.255615,-0.662109,-0.054814,0.013884,0.061081,99776.0000,-0.414405,-0.002550,-0.910089,-0.340819,-0.926793,0.157787,-0.843867,0.375563,0.383198,,,0.000000,,,,0.00,,,
16193,,,,,,,,,,,,,,-7.083647,2.740440,5.633977,-2.710782,-0.404696,-0.761859,0.470947,-0.262207,-0.655762,-0.070971,0.027275,0.056233,,-0.420532,-0.003368,-0.907271,-0.339821,-0.926616,0.160951,-0.841234,0.375995,0.388527,,,0.000000,,,,0.00,,,
16194,,,,,,,,,,,,,,-9.133841,1.980667,4.284163,-0.420296,-0.195189,0.458112,0.468506,-0.257812,-0.655762,-0.091410,0.019768,0.042707,99782.0000,-0.423289,-0.003055,-0.905990,-0.339371,-0.926653,0.161683,-0.840032,0.375905,0.391205,,,0.000000,,,,0.00,,,
16195,,,,,,,,,,,,,,-8.102163,1.386648,4.653623,-0.913853,0.481974,-0.423515,0.464355,-0.260010,-0.660156,-0.081089,0.013830,0.046430,,-0.428041,-0.002345,-0.903756,-0.338378,-0.926844,0.162669,-0.838022,0.375440,0.395933,,,0.000000,,,,0.00,,,
16196,,,,,,,,,,,,,,-8.253666,1.599128,4.618025,-0.866708,0.272338,-0.263814,0.468750,-0.260010,-0.660156,-0.082595,0.015942,0.046093,99777.0000,-0.430205,-0.002589,-0.902728,-0.337935,-0.926823,0.163704,-0.837092,0.375490,0.397849,,,0.000000,,,,0.00,,,
16197,,,,,,,,,,,,,,-8.143563,1.512605,4.677888,-0.890908,0.370268,-0.349211,0.462158,-0.262207,-0.666504,-0.081487,0.015084,0.046703,,-0.434259,-0.002129,-0.900785,-0.337204,-0.926903,0.164754,-0.835292,0.375294,0.401798,,,0.000000,,,,0.00,,,
16198,,,,,,,,,,,,,,-8.217041,1.591290,4.676701,-0.867217,0.299716,-0.269020,0.466553,-0.264404,-0.670654,-0.082208,0.015870,0.046715,99774.0000,-0.435654,-0.002492,-0.900111,-0.336926,-0.926847,0.165638,-0.834678,0.375432,0.402944,,,0.000000,,,,0.00,,,
16199,,,,,,,,,,,,,,-8.338582,1.678145,4.644900,-0.780620,0.205113,-0.154956,0.462158,-0.264404,-0.662109,-0.083420,0.016739,0.046403,,-0.438974,-0.002218,-0.898497,-0.336421,-0.926848,0.166651,-0.833140,0.375429,0.406116,,,0.000000,,,,0.00,,,
16200,,,,,,,,,,,,,,-8.368719,1.747785,4.666408,-0.797412,0.152214,-0.106683,0.459961,-0.264404,-0.666504,-0.083711,0.017447,0.046633,99774.0000,-0.439832,-0.002489,-0.898076,-0.336267,-0.926796,0.167255,-0.832750,0.375558,0.406798,,,0.000000,,,,0.00,,,
16201,,,,,,,,,,,,,,-8.485484,1.677031,4.572723,-0.614109,0.179442,-0.049679,0.460205,-0.270996,-0.668457,-0.084874,0.016745,0.045701,,-0.442530,-0.002109,-0.896751,-0.335832,-0.926836,0.167906,-0.831495,0.375461,0.409444,,,0.000000,,,,0.00,,,
16202,,,,,,,,,,,,,,-8.529639,1.764731,4.596198,-0.636305,0.108995,0.014687,0.459961,-0.266602,-0.666504,-0.085314,0.017628,0.045938,99773.0000,-0.443146,-0.002204,-0.896447,-0.335786,-0.926787,0.168270,-0.831186,0.375582,0.409962,,,0.000000,,,,0.00,,,
16203,,,,,,,,,,,,,,-8.597442,1.785696,4.595539,-0.585671,0.084409,0.080419,0.464355,-0.264404,-0.672852,-0.085988,0.017845,0.045935,,-0.445532,-0.001653,-0.895265,-0.335413,-0.926856,0.168631,-0.830060,0.375414,0.412389,,,0.000000,,,,0.00,,,
16204,,,,,,,,,,,,,,-8.607450,1.776317,4.617287,-0.591284,0.101002,0.097056,0.459961,-0.264404,-0.666504,-0.086086,0.017758,0.046154,99769.0000,-0.445926,-0.001542,-0.895068,-0.335400,-0.926849,0.168694,-0.829853,0.375431,0.412789,,,0.000000,,,,0.00,,,
16205,,,,,,,,,,,,,,-8.622784,1.770365,4.604692,-0.548040,0.094779,0.106005,0.460205,-0.273193,-0.672852,-0.086236,0.017705,0.046031,,-0.448030,-0.000840,-0.894018,-0.335049,-0.926960,0.168779,-0.828861,0.375158,0.415025,,,0.000000,,,,0.00,,,
16206,,,,,,,,,,,,,,-8.627149,1.710926,4.600214,-0.519552,0.146306,0.098196,0.455566,-0.266602,-0.666504,-0.086279,0.017112,0.045988,99760.0000,-0.448273,-0.000650,-0.893896,-0.335024,-0.926987,0.168683,-0.828740,0.375093,0.415326,,,0.000000,,,,0.00,,,
16207,,,,,,,,,,,,,,-8.596410,1.695698,4.614786,-0.518057,0.158181,0.075513,0.457764,-0.266602,-0.664307,-0.085972,0.016962,0.046131,,-0.450304,0.000082,-0.892875,-0.334657,-0.927118,0.168692,-0.827787,0.374769,0.417512,,,0.000000,,,,0.00,,,
16208,,,,,,,,,,,,,,-8.612237,1.688398,4.601819,-0.494991,0.157648,0.083180,0.459961,-0.262207,-0.675049,-0.086129,0.016888,0.046005,99749.0000,-0.450519,0.000266,-0.892767,-0.334580,-0.927169,0.168564,-0.827701,0.374643,0.417796,,,0.000000,,,,0.00,,,
16209,,,,,,,,,,,,,,-8.521992,1.569496,4.592817,-0.467475,0.257475,-0.019996,0.458008,-0.273193,-0.668457,-0.085227,0.015695,0.045914,,-0.452450,0.000891,-0.891789,-0.334239,-0.927277,0.168650,-0.826785,0.374376,0.419844,,,0.000000,,,,0.00,,,
