// Start Time: Unknown
// Update Rate: 100.0Hz
// Filter Profile: human (46.1)
// Firmware Version: 4.6.0
PacketCounter,SampleTimeFine,Year,Month,Day,Second,UTC_Nano,UTC_Year,UTC_Month,UTC_Day,UTC_Hour,UTC_Minute,UTC_Second,UTC_Valid,Acc_X,Acc_Y,Acc_Z,FreeAcc_X,FreeAcc_Y,FreeAcc_Z,Mag_X,Mag_Y,Mag_Z,VelInc_X,VelInc_Y,VelInc_Z,Pressure,Mat[1][1],Mat[2][1],Mat[3][1],Mat[1][2],Mat[2][2],Mat[3][2],Mat[1][3],Mat[2][3],Mat[3][3],Latitude,Longitude,Altitude,Vel_X,Vel_Y,Vel_Z,Temperature,GyrTemp_X,GyrTemp_Y,GyrTemp_Z
63524,,,,,,,,,,,,,,9.774763,-0.190916,0.915210,0.000000,0.000000,0.006684,-0.887695,0.420410,-0.285400,0.097748,-0.001903,0.009152,99870.0000,0.057479,-0.075891,0.995458,0.902845,0.429528,-0.019385,-0.426106,0.899859,0.093207,,,0.000000,,,,0.00,,,
63525,,,,,,,,,,,,,,9.763179,-0.164555,0.933090,0.005828,0.012957,-0.003651,-0.881348,0.422607,-0.287598,0.097632,-0.001643,0.009330,,0.056175,-0.077699,0.995393,0.905036,0.424957,-0.017904,-0.421608,0.901873,0.094193,,,0.000000,,,,0.00,,,
63526,,,,,,,,,,,,,,9.763147,-0.165114,0.933327,0.005828,0.012957,-0.003651,-0.879150,0.424805,-0.285400,0.097632,-0.001648,0.009332,99875.0000,0.056235,-0.077708,0.995389,0.905058,0.424909,-0.017960,-0.421554,0.901895,0.094225,,,0.000000,,,,0.00,,,
63527,,,,,,,,,,,,,,9.763111,-0.165500,0.933636,0.005972,0.012674,-0.003651,-0.876953,0.424805,-0.287598,0.097631,-0.001654,0.009335,,0.056279,-0.077758,0.995383,0.905079,0.424864,-0.017984,-0.421504,0.901912,0.094288,,,0.000000,,,,0.00,,,
63528,,,,,,,,,,,,,,9.744572,-0.170440,0.962541,-0.011527,0.037998,-0.019290,-0.883301,0.420410,-0.280762,0.097446,-0.001704,0.009625,99867.0000,0.056280,-0.077762,0.995382,0.905109,0.424798,-0.017990,-0.421437,0.901942,0.094290,,,0.000000,,,,0.00,,,
63529,,,,,,,,,,,,,,9.763089,-0.165699,0.933824,0.005976,0.012813,-0.003651,-0.883301,0.418457,-0.285156,0.097631,-0.001657,0.009338,,0.056280,-0.077752,0.995383,0.905144,0.424725,-0.018002,-0.421364,0.901978,0.094280,,,0.000000,,,,0.00,,,
63530,,,,,,,,,,,,,,9.763108,-0.165695,0.933630,0.005976,0.012813,-0.003651,-0.883301,0.418457,-0.278564,0.097631,-0.001657,0.009338,99870.0000,0.056247,-0.077723,0.995387,0.905194,0.424618,-0.017995,-0.421261,0.902030,0.094238,,,0.000000,,,,0.00,,,
63531,,,,,,,,,,,,,,9.733082,-0.143288,0.979654,0.004941,0.066895,-0.029608,-0.881104,0.420410,-0.282959,0.097330,-0.001433,0.009800,,0.056208,-0.077643,0.995395,0.905263,0.424469,-0.018009,-0.421116,0.902107,0.094146,,,0.000000,,,,0.00,,,
63532,,,,,,,,,,,,,,9.744716,-0.170487,0.961075,-0.011522,0.038353,-0.019291,-0.881348,0.424805,-0.281006,0.097447,-0.001705,0.009615,99874.0000,0.056156,-0.077583,0.995403,0.905331,0.424326,-0.018002,-0.420979,0.902180,0.094067,,,0.000000,,,,0.00,,,
63533,,,,,,,,,,,,,,9.763319,-0.165678,0.931425,0.005986,0.013496,-0.003652,-0.881104,0.420410,-0.280762,0.097633,-0.001656,0.009319,,0.056105,-0.077447,0.995417,0.905407,0.424161,-0.018030,-0.420820,0.902269,0.093918,,,0.000000,,,,0.00,,,
63534,,,,,,,,,,,,,,9.777098,-0.158168,0.961136,0.000588,0.043413,0.012717,-0.883301,0.418457,-0.285156,0.097770,-0.001582,0.009617,99872.0000,0.056036,-0.077353,0.995428,0.905468,0.424032,-0.018021,-0.420700,0.902338,0.093802,,,0.000000,,,,0.00,,,
63535,,,,,,,,,,,,,,9.746491,-0.161047,0.877502,0.031059,-0.029951,-0.025544,-0.887695,0.420410,-0.281006,0.097464,-0.001609,0.008781,,0.056000,-0.077253,0.995438,0.905551,0.423853,-0.018050,-0.420525,0.902430,0.093692,,,0.000000,,,,0.00,,,
63536,,,,,,,,,,,,,,9.777338,-0.158427,0.958657,0.000581,0.043231,0.012718,-0.883545,0.422607,-0.281006,0.097773,-0.001585,0.009593,99870.0000,0.055918,-0.077142,0.995451,0.905613,0.423722,-0.018035,-0.420403,0.902501,0.093555,,,0.000000,,,,0.00,,,
63537,,,,,,,,,,,,,,9.756822,-0.197780,0.937542,-0.028002,0.010496,-0.008974,-0.881348,0.422607,-0.285400,0.097568,-0.001979,0.009381,,0.055837,-0.077026,0.995464,0.905702,0.423532,-0.018031,-0.420222,0.902601,0.093412,,,0.000000,,,,0.00,,,
63538,,,,,,,,,,,,,,9.785743,-0.172822,0.917718,0.003777,0.001739,0.017512,-0.885742,0.422607,-0.278809,0.097857,-0.001731,0.009182,99874.0000,0.055733,-0.076960,0.995475,0.905761,0.423406,-0.017977,-0.420107,0.902665,0.093306,,,0.000000,,,,0.00,,,
63539,,,,,,,,,,,,,,9.738732,-0.145032,0.911771,0.027825,0.012484,-0.030340,-0.881348,0.422607,-0.278809,0.097387,-0.001454,0.009122,,0.055611,-0.076910,0.995486,0.905832,0.423259,-0.017902,-0.419972,0.902738,0.093205,,,0.000000,,,,0.00,,,
63540,,,,,,,,,,,,,,9.785946,-0.171353,0.915828,0.003779,0.001889,0.017512,-0.881348,0.422607,-0.285400,0.097859,-0.001718,0.009163,99868.0000,0.055479,-0.076858,0.995497,0.905904,0.423108,-0.017820,-0.419833,0.902814,0.093100,,,0.000000,,,,0.00,,,
63541,,,,,,,,,,,,,,9.735386,-0.187526,0.941550,-0.025849,0.022661,-0.030139,-0.885742,0.424805,-0.278809,0.097353,-0.001881,0.009420,,0.055308,-0.076831,0.995509,0.905981,0.422949,-0.017692,-0.419691,0.902890,0.093000,,,0.000000,,,,0.00,,,
63542,,,,,,,,,,,,,,9.753969,-0.181391,0.912021,-0.008352,-0.002663,-0.014497,-0.889893,0.422607,-0.283203,0.097539,-0.001820,0.009123,99867.0000,0.055150,-0.076838,0.995517,0.906045,0.422817,-0.017559,-0.419573,0.902951,0.092937,,,0.000000,,,,0.00,,,
63543,,,,,,,,,,,,,,9.767742,-0.172254,0.942349,-0.013732,0.027636,0.001869,-0.881104,0.420410,-0.285400,0.097677,-0.001733,0.009425,,0.054937,-0.076865,0.995527,0.906125,0.422653,-0.017370,-0.419427,0.903026,0.092869,,,0.000000,,,,0.00,,,
63544,,,,,,,,,,,,,,9.767820,-0.170425,0.941871,-0.013733,0.027637,0.001869,-0.883301,0.418457,-0.287354,0.097678,-0.001712,0.009422,99876.0000,0.054751,-0.076883,0.995536,0.906171,0.422561,-0.017203,-0.419352,0.903068,0.092805,,,0.000000,,,,0.00,,,
63545,,,,,,,,,,,,,,9.752933,-0.129146,0.938482,0.022383,0.041686,-0.013969,-0.881104,0.420410,-0.280762,0.097529,-0.001302,0.009386,,0.054543,-0.077058,0.995534,0.906196,0.422519,-0.016944,-0.419326,0.903072,0.092876,,,0.000000,,,,0.00,,,
63546,,,,,,,,,,,,,,9.746101,-0.159026,0.948917,-0.011579,0.038470,-0.019291,-0.887939,0.424805,-0.281006,0.097461,-0.001602,0.009492,99867.0000,0.054298,-0.077119,0.995542,0.906261,0.422388,-0.016708,-0.419217,0.903128,0.092825,,,0.000000,,,,0.00,,,
63547,,,,,,,,,,,,,,9.788644,-0.124533,0.960506,0.014873,0.059733,0.023564,-0.887939,0.424805,-0.281006,0.097886,-0.001257,0.009607,,0.054053,-0.077185,0.995550,0.906330,0.422249,-0.016472,-0.419099,0.903188,0.092779,,,0.000000,,,,0.00,,,
63548,,,,,,,,,,,,,,9.754445,-0.169135,0.909291,-0.008296,-0.003315,-0.014497,-0.883301,0.418457,-0.278564,0.097544,-0.001703,0.009096,99869.0000,0.053804,-0.077245,0.995559,0.906388,0.422134,-0.016232,-0.419005,0.903237,0.092726,,,0.000000,,,,0.00,,,
63549,,,,,,,,,,,,,,9.746358,-0.151832,0.947452,-0.011590,0.038728,-0.019292,-0.887695,0.422607,-0.274414,0.097463,-0.001531,0.009478,,0.053522,-0.077287,0.995571,0.906448,0.422015,-0.015969,-0.418912,0.903288,0.092643,,,0.000000,,,,0.00,,,
63550,,,,,,,,,,,,,,9.776532,-0.171027,0.900126,-0.010562,-0.015135,0.006666,-0.889648,0.416260,-0.276367,0.097765,-0.001728,0.009005,99872.0000,0.053162,-0.077383,0.995583,0.906518,0.421879,-0.015615,-0.418807,0.903344,0.092577,,,0.000000,,,,0.00,,,
63551,,,,,,,,,,,,,,9.731557,-0.106089,0.943193,0.024025,0.054626,-0.035136,-0.883301,0.420410,-0.276367,0.097315,-0.001077,0.009436,,0.052767,-0.077379,0.995604,0.906595,0.421726,-0.015272,-0.418691,0.903416,0.092405,,,0.000000,,,,0.00,,,
63552,,,,,,,,,,,,,,9.778850,-0.130008,0.947439,-0.000028,0.044039,0.012714,-0.887695,0.420410,-0.285400,0.097788,-0.001315,0.009477,99868.0000,0.052459,-0.077462,0.995614,0.906640,0.421640,-0.014966,-0.418631,0.903449,0.092349,,,0.000000,,,,0.00,,,
63553,,,,,,,,,,,,,,9.775504,-0.114907,0.926117,0.019861,0.030364,0.007193,-0.887695,0.418213,-0.278564,0.097755,-0.001162,0.009264,,0.052213,-0.077566,0.995619,0.906677,0.421569,-0.014706,-0.418582,0.903473,0.092339,,,0.000000,,,,0.00,,,
63554,,,,,,,,,,,,,,9.775580,-0.112297,0.925636,0.019860,0.030366,0.007193,-0.883301,0.420410,-0.278564,0.097755,-0.001136,0.009259,99869.0000,0.051948,-0.077636,0.995628,0.906707,0.421514,-0.014440,-0.418550,0.903493,0.092289,,,0.000000,,,,0.00,,,
63555,,,,,,,,,,,,,,9.750315,-0.090344,0.912373,0.041610,0.028907,-0.019492,-0.881104,0.416260,-0.280762,0.097503,-0.000914,0.009125,,0.051728,-0.077705,0.995634,0.906742,0.421445,-0.014217,-0.418501,0.903519,0.092258,,,0.000000,,,,0.00,,,
63556,,,,,,,,,,,,,,9.775693,-0.107998,0.924958,0.019744,0.030291,0.007194,-0.883301,0.420410,-0.280762,0.097757,-0.001089,0.009251,99864.0000,0.051544,-0.077764,0.995639,0.906744,0.421449,-0.014025,-0.418520,0.903512,0.092235,,,0.000000,,,,0.00,,,
63557,,,,,,,,,,,,,,9.814662,-0.061693,0.916015,0.065779,0.037487,0.044530,-0.883057,0.416260,-0.287354,0.098147,-0.000625,0.009161,,0.051386,-0.077887,0.995637,0.906744,0.421454,-0.013828,-0.418538,0.903499,0.092281,,,0.000000,,,,0.00,,,
63558,,,,,,,,,,,,,,9.731956,-0.090261,0.940721,0.024091,0.053637,-0.035131,-0.885742,0.426758,-0.274414,0.097320,-0.000908,0.009407,99864.0000,0.051300,-0.077941,0.995637,0.906745,0.421455,-0.013727,-0.418547,0.903494,0.092293,,,0.000000,,,,0.00,,,
63559,,,,,,,,,,,,,,9.764107,-0.076868,0.942654,0.036527,0.057838,-0.003120,-0.883301,0.418457,-0.278564,0.097641,-0.000773,0.009428,,0.051242,-0.077987,0.995637,0.906741,0.421466,-0.013654,-0.418562,0.903485,0.092310,,,0.000000,,,,0.00,,,
63560,,,,,,,,,,,,,,9.764146,-0.076132,0.942309,0.036531,0.057839,-0.003120,-0.885254,0.416260,-0.282959,0.097641,-0.000764,0.009425,99869.0000,0.051168,-0.077980,0.995641,0.906753,0.421444,-0.013592,-0.418547,0.903496,0.092273,,,0.000000,,,,0.00,,,
63561,,,,,,,,,,,,,,9.735499,-0.100525,0.960778,0.004339,0.065817,-0.029601,-0.883545,0.422607,-0.283203,0.097355,-0.001006,0.009609,,0.051101,-0.078044,0.995639,0.906770,0.421410,-0.013507,-0.418518,0.903506,0.092303,,,0.000000,,,,0.00,,,
63562,,,,,,,,,,,,,,9.757429,-0.107551,0.952476,0.002155,0.053839,-0.008439,-0.883545,0.424805,-0.278809,0.097574,-0.001078,0.009527,99874.0000,0.051040,-0.078023,0.995644,0.906771,0.421409,-0.013460,-0.418523,0.903508,0.092257,,,0.000000,,,,0.00,,,
63563,,,,,,,,,,,,,,9.787566,-0.129167,0.905380,0.003804,-0.000472,0.017512,-0.885498,0.418457,-0.280762,0.097875,-0.001294,0.009055,,0.051031,-0.078065,0.995641,0.906807,0.421333,-0.013443,-0.418447,0.903540,0.092290,,,0.000000,,,,0.00,,,
63564,,,,,,,,,,,,,,9.747271,-0.126070,0.941821,-0.011489,0.036837,-0.019285,-0.889648,0.418213,-0.278564,0.097473,-0.001265,0.009419,99874.0000,0.050930,-0.078088,0.995645,0.906831,0.421282,-0.013346,-0.418405,0.903561,0.092269,,,0.000000,,,,0.00,,,
63565,,,,,,,,,,,,,,9.769205,-0.132320,0.933589,-0.014126,0.024223,0.001878,-0.885498,0.420410,-0.276367,0.097692,-0.001329,0.009338,,0.050757,-0.078175,0.995647,0.906859,0.421228,-0.013158,-0.418365,0.903579,0.092274,,,0.000000,,,,0.00,,,
63566,,,,,,,,,,,,,,9.740430,-0.099151,0.899699,0.027422,0.009490,-0.030335,-0.887451,0.416260,-0.282959,0.097404,-0.000998,0.008998,99871.0000,0.050620,-0.078226,0.995650,0.906883,0.421181,-0.013016,-0.418330,0.903597,0.092262,,,0.000000,,,,0.00,,,
63567,,,,,,,,,,,,,,9.728939,-0.127052,0.970066,-0.029776,0.060912,-0.034915,-0.885254,0.416260,-0.280762,0.097289,-0.001280,0.009700,,0.050402,-0.078384,0.995648,0.906916,0.421119,-0.012757,-0.418286,0.903612,0.092313,,,0.000000,,,,0.00,,,
63568,,,,,,,,,,,,,,9.796492,-0.055951,0.942618,0.048066,0.059914,0.028909,-0.889404,0.411865,-0.278564,0.097965,-0.000567,0.009425,99872.0000,0.050262,-0.078467,0.995649,0.906942,0.421068,-0.012600,-0.418247,0.903629,0.092329,,,0.000000,,,,0.00,,,
63569,,,,,,,,,,,,,,9.709998,-0.210152,0.922100,-0.090089,-0.018321,-0.057174,-0.885498,0.420410,-0.283203,0.097100,-0.002110,0.009223,,0.049975,-0.078603,0.995653,0.906974,0.421008,-0.012287,-0.418212,0.903645,0.092331,,,0.000000,,,,0.00,,,
63570,,,,,,,,,,,,,,9.772046,-0.160491,0.825507,-0.003671,-0.091135,-0.004946,-0.881104,0.416260,-0.282959,0.097721,-0.001622,0.008247,99867.0000,0.049730,-0.078887,0.995642,0.906941,0.421088,-0.011936,-0.418312,0.903583,0.092487,,,0.000000,,,,0.00,,,
63571,,,,,,,,,,,,,,9.847965,0.131667,1.070442,0.160742,0.244241,0.089843,-0.887695,0.418457,-0.280762,0.098480,0.001305,0.010703,,0.049570,-0.079103,0.995633,0.906922,0.421137,-0.011694,-0.418373,0.903541,0.092616,,,0.000000,,,,0.00,,,
63572,,,,,,,,,,,,,,9.828607,0.158879,0.917787,0.248040,0.119009,0.056122,-0.885254,0.416260,-0.278564,0.098286,0.001597,0.009178,99864.0000,0.049714,-0.079042,0.995631,0.906934,0.421105,-0.011854,-0.418328,0.903561,0.092620,,,0.000000,,,,0.00,,,
63573,,,,,,,,,,,,,,9.823967,-0.188655,0.772364,-0.005125,-0.158805,0.042119,-0.878906,0.418457,-0.285156,0.098240,-0.001874,0.007719,,0.049911,-0.079115,0.995615,0.906997,0.420965,-0.012017,-0.418168,0.903620,0.092768,,,0.000000,,,,0.00,,,
63574,,,,,,,,,,,,,,9.706072,-0.389706,0.933403,-0.259152,-0.089995,-0.057910,-0.881104,0.416260,-0.278564,0.097062,-0.003902,0.009320,99867.0000,0.049956,-0.079414,0.995589,0.906966,0.421035,-0.011924,-0.418231,0.903561,0.093059,,,0.000000,,,,0.00,,,
63575,,,,,,,,,,,,,,9.699019,-0.362069,0.894425,-0.219638,-0.117459,-0.068971,-0.883301,0.416260,-0.282959,0.096990,-0.003647,0.008932,,0.049598,-0.079936,0.995565,0.906942,0.421103,-0.011372,-0.418326,0.903484,0.093383,,,0.000000,,,,0.00,,,
63576,,,,,,,,,,,,,,9.736277,-0.069670,0.888048,0.045681,-0.008099,-0.035857,-0.885498,0.420410,-0.285400,0.097364,-0.000732,0.008866,99866.0000,0.049095,-0.080504,0.995544,0.906878,0.421258,-0.010658,-0.418523,0.903361,0.093689,,,0.000000,,,,0.00,,,
63577,,,,,,,,,,,,,,9.731226,-0.060516,0.950603,0.023363,0.046428,-0.035093,-0.889648,0.414062,-0.280762,0.097314,-0.000637,0.009491,,0.048717,-0.081121,0.995513,0.906813,0.421413,-0.010037,-0.418708,0.903234,0.094092,,,0.000000,,,,0.00,,,
63578,,,,,,,,,,,,,,9.727498,-0.042302,0.932833,0.043057,0.033056,-0.040624,-0.885254,0.414062,-0.280762,0.097276,-0.000451,0.009313,99869.0000,0.048356,-0.081636,0.995488,0.906702,0.421666,-0.009464,-0.418991,0.903069,0.094410,,,0.000000,,,,0.00,,,
63579,,,,,,,,,,,,,,9.781413,0.049795,1.006646,0.094274,0.128784,0.019219,-0.881348,0.422607,-0.287598,0.097816,0.000474,0.010051,,0.048014,-0.082151,0.995463,0.906602,0.421894,-0.008911,-0.419247,0.902916,0.094735,,,0.000000,,,,0.00,,,
63580,,,,,,,,,,,,,,9.821668,0.132748,1.049169,0.151437,0.194973,0.062665,-0.881104,0.418457,-0.285156,0.098218,0.001315,0.010481,99867.0000,0.047907,-0.082446,0.995443,0.906524,0.422064,-0.008671,-0.419426,0.902809,0.094959,,,0.000000,,,,0.00,,,
63581,,,,,,,,,,,,,,9.801216,0.094069,1.030837,0.124140,0.161072,0.040939,-0.885254,0.412109,-0.289551,0.098013,0.000943,0.010303,,0.048127,-0.082612,0.995419,0.906502,0.422110,-0.008796,-0.419450,0.902773,0.095202,,,0.000000,,,,0.00,,,
63582,,,,,,,,,,,,,,9.731892,-0.092673,0.933835,-0.006616,0.000111,-0.035658,-0.883301,0.416260,-0.285156,0.097319,-0.000919,0.009337,99874.0000,0.048278,-0.082582,0.995414,0.906500,0.422110,-0.008947,-0.419436,0.902775,0.095239,,,0.000000,,,,0.00,,,
63583,,,,,,,,,,,,,,9.743884,-0.177158,0.968891,-0.096511,-0.006509,-0.019626,-0.883301,0.418457,-0.287354,0.097439,-0.001771,0.009686,,0.048314,-0.082776,0.995396,0.906463,0.422191,-0.008889,-0.419511,0.902720,0.095431,,,0.000000,,,,0.00,,,
63584,,,,,,,,,,,,,,9.708317,-0.176852,0.946462,-0.088896,-0.024445,-0.057177,-0.887451,0.411865,-0.282959,0.097083,-0.001776,0.009462,99868.0000,0.048197,-0.082893,0.995392,0.906471,0.422177,-0.008734,-0.419508,0.902716,0.095488,,,0.000000,,,,0.00,,,
63585,,,,,,,,,,,,,,9.728580,-0.135029,0.966751,-0.060332,0.007660,-0.035448,-0.883057,0.411865,-0.280518,0.097286,-0.001364,0.009667,,0.047946,-0.083127,0.995385,0.906491,0.422141,-0.008410,-0.419493,0.902711,0.095594,,,0.000000,,,,0.00,,,
63586,,,,,,,,,,,,,,9.745399,-0.080172,0.965915,-0.012037,0.027368,-0.019255,-0.885254,0.416260,-0.287354,0.097454,-0.000817,0.009660,99868.0000,0.047654,-0.083262,0.995388,0.906534,0.422054,-0.008096,-0.419434,0.902739,0.095592,,,0.000000,,,,0.00,,,
63587,,,,,,,,,,,,,,9.713425,-0.008294,1.040052,0.017669,0.125574,-0.044560,-0.891602,0.409912,-0.287354,0.097134,-0.000097,0.010403,,0.047357,-0.083412,0.995389,0.906595,0.421930,-0.007776,-0.419336,0.902783,0.095603,,,0.000000,,,,0.00,,,
63588,,,,,,,,,,,,,,9.779066,0.028992,0.962996,0.084455,0.066029,0.013138,-0.883057,0.412109,-0.282959,0.097790,0.000280,0.009636,99869.0000,0.047123,-0.083398,0.995402,0.906653,0.421810,-0.007581,-0.419238,0.902841,0.095490,,,0.000000,,,,0.00,,,
63589,,,,,,,,,,,,,,9.779186,0.030207,0.961740,0.083754,0.064596,0.013153,-0.883057,0.412109,-0.282959,0.097791,0.000300,0.009624,,0.046934,-0.083445,0.995407,0.906715,0.421679,-0.007403,-0.419124,0.902898,0.095452,,,0.000000,,,,0.00,,,
63590,,,,,,,,,,,,,,9.779316,0.030182,0.960419,0.083791,0.064553,0.013153,-0.887695,0.420410,-0.283203,0.097793,0.000305,0.009611,99874.0000,0.046921,-0.083313,0.995418,0.906772,0.421556,-0.007460,-0.419003,0.902967,0.095326,,,0.000000,,,,0.00,,,
63591,,,,,,,,,,,,,,9.767540,-0.025214,0.900738,0.058577,-0.011051,-0.003852,-0.881104,0.416260,-0.282959,0.097675,-0.000246,0.009011,,0.047009,-0.083266,0.995418,0.906847,0.421392,-0.007577,-0.418830,0.903048,0.095318,,,0.000000,,,,0.00,,,
63592,,,,,,,,,,,,,,9.745641,-0.019485,0.908096,0.060814,0.000912,-0.024999,-0.883057,0.412109,-0.282959,0.097456,-0.000186,0.009083,99874.0000,0.047150,-0.083161,0.995420,0.906866,0.421347,-0.007755,-0.418773,0.903078,0.095282,,,0.000000,,,,0.00,,,
63593,,,,,,,,,,,,,,9.750932,0.001227,0.977206,0.052175,0.071964,-0.013315,-0.887451,0.414062,-0.282959,0.097509,0.000020,0.009774,,0.047269,-0.083127,0.995417,0.906890,0.421294,-0.007883,-0.418708,0.903107,0.095301,,,0.000000,,,,0.00,,,
63594,,,,,,,,,,,,,,9.783049,0.011690,0.978793,0.064325,0.076459,0.018703,-0.887451,0.411865,-0.278564,0.097830,0.000130,0.009791,99874.0000,0.047501,-0.082966,0.995420,0.906885,0.421299,-0.008162,-0.418692,0.903119,0.095253,,,0.000000,,,,0.00,,,
63595,,,,,,,,,,,,,,9.739247,0.022993,0.993892,0.067587,0.099813,-0.023573,-0.883057,0.412109,-0.282959,0.097392,0.000248,0.009943,,0.047656,-0.082803,0.995426,0.906967,0.421119,-0.008391,-0.418498,0.903218,0.095169,,,0.000000,,,,0.00,,,
63596,,,,,,,,,,,,,,9.806815,-0.049298,0.941248,0.030266,0.018672,0.039253,-0.885254,0.411865,-0.280762,0.098068,-0.000474,0.009418,99874.0000,0.047960,-0.082546,0.995433,0.907015,0.421007,-0.008788,-0.418359,0.903293,0.095062,,,0.000000,,,,0.00,,,
63597,,,,,,,,,,,,,,9.725900,-0.130123,0.936893,-0.043218,-0.011179,-0.041002,-0.885254,0.414062,-0.287354,0.097259,-0.001284,0.009374,,0.048120,-0.082426,0.995435,0.907098,0.420822,-0.009004,-0.418159,0.903391,0.095019,,,0.000000,,,,0.00,,,
63598,,,,,,,,,,,,,,9.764977,-0.145072,0.979589,-0.070436,0.020020,0.002100,-0.883301,0.416260,-0.280762,0.097649,-0.001438,0.009801,99869.0000,0.048288,-0.082237,0.995442,0.907178,0.420646,-0.009255,-0.417967,0.903490,0.094916,,,0.000000,,,,0.00,,,
63599,,,,,,,,,,,,,,9.726026,-0.134939,0.934905,-0.043351,-0.012450,-0.041004,-0.887695,0.420410,-0.281006,0.097260,-0.001343,0.009353,,0.048335,-0.082236,0.995440,0.907241,0.420507,-0.009313,-0.417824,0.903555,0.094933,,,0.000000,,,,0.00,,,
63600,,,,,,,,,,,,,,9.727982,-0.101580,0.982588,-0.032207,0.045941,-0.034841,-0.887451,0.416260,-0.282959,0.097279,-0.001010,0.009832,99874.0000,0.048388,-0.082079,0.995450,0.907294,0.420391,-0.009440,-0.417704,0.903623,0.094812,,,0.000000,,,,0.00,,,
63601,,,,,,,,,,,,,,9.724617,-0.090248,0.960641,-0.012590,0.032005,-0.040381,-0.887695,0.418457,-0.282959,0.097246,-0.000899,0.009612,,0.048382,-0.082024,0.995455,0.907389,0.420186,-0.009479,-0.417499,0.903723,0.094757,,,0.000000,,,,0.00,,,
63602,,,,,,,,,,,,,,9.788907,-0.065750,0.963636,0.011634,0.041006,0.023664,-0.885254,0.416260,-0.282959,0.097888,-0.000655,0.009643,99866.0000,0.048374,-0.081894,0.995466,0.907452,0.420048,-0.009541,-0.417362,0.903799,0.094634,,,0.000000,,,,0.00,,,
63603,,,,,,,,,,,,,,9.767102,-0.059178,0.970356,0.013806,0.052063,0.002529,-0.889404,0.411865,-0.280762,0.097670,-0.000588,0.009709,,0.048378,-0.081857,0.995469,0.907508,0.419925,-0.009573,-0.417239,0.903860,0.094601,,,0.000000,,,,0.00,,,
63604,,,,,,,,,,,,,,9.768516,-0.050266,0.889025,0.056372,-0.016594,-0.003847,-0.885254,0.414062,-0.280762,0.097685,-0.000497,0.008894,99867.0000,0.048446,-0.081746,0.995475,0.907538,0.419859,-0.009688,-0.417167,0.903901,0.094528,,,0.000000,,,,0.00,,,
63605,,,,,,,,,,,,,,9.790733,-0.115242,0.932833,-0.020468,-0.006105,0.023036,-0.887451,0.414062,-0.280762,0.097907,-0.001148,0.009331,,0.048369,-0.081767,0.995477,0.907568,0.419796,-0.009616,-0.417111,0.903928,0.094514,,,0.000000,,,,0.00,,,
63606,,,,,,,,,,,,,,9.792431,-0.024833,0.928821,0.063977,0.028747,0.023476,-0.885254,0.416260,-0.282959,0.097924,-0.000245,0.009290,99870.0000,0.048429,-0.081715,0.995478,0.907570,0.419788,-0.009693,-0.417098,0.903936,0.094492,,,0.000000,,,,0.00,,,
63607,,,,,,,,,,,,,,9.774010,-0.030799,0.957307,0.045873,0.053122,0.007890,-0.885498,0.418457,-0.282959,0.097740,-0.000303,0.009574,,0.048450,-0.081749,0.995475,0.907580,0.419766,-0.009700,-0.417074,0.903943,0.094531,,,0.000000,,,,0.00,,,
63608,,,,,,,,,,,,,,9.785743,-0.059132,0.939305,0.029399,0.024521,0.018136,-0.889648,0.414062,-0.282959,0.097858,-0.000584,0.009392,99868.0000,0.048597,-0.081705,0.995471,0.907570,0.419785,-0.009851,-0.417079,0.903938,0.094554,,,0.000000,,,,0.00,,,
63609,,,,,,,,,,,,,,9.767310,-0.065768,0.967837,0.011431,0.048759,0.002549,-0.889648,0.416260,-0.280762,0.097673,-0.000649,0.009681,,0.048679,-0.081692,0.995468,0.907554,0.419818,-0.009928,-0.417105,0.903924,0.094577,,,0.000000,,,,0.00,,,
63610,,,,,,,,,,,,,,9.758692,-0.133820,0.929353,-0.033628,-0.012906,-0.008995,-0.887451,0.416260,-0.280762,0.097587,-0.001333,0.009296,99867.0000,0.048767,-0.081612,0.995470,0.907543,0.419839,-0.010040,-0.417118,0.903922,0.094540,,,0.000000,,,,0.00,,,
63611,,,,,,,,,,,,,,9.760667,-0.100257,0.977647,-0.023402,0.044861,-0.002799,-0.887451,0.414062,-0.282959,0.097606,-0.000998,0.009779,,0.048734,-0.081592,0.995474,0.907546,0.419832,-0.010018,-0.417114,0.903927,0.094509,,,0.000000,,,,0.00,,,
63612,,,,,,,,,,,,,,9.768969,-0.115738,0.938255,-0.020221,0.002900,0.001896,-0.883301,0.416260,-0.285156,0.097689,-0.001155,0.009386,99866.0000,0.048761,-0.081503,0.995480,0.907514,0.419901,-0.010073,-0.417181,0.903903,0.094440,,,0.000000,,,,0.00,,,
63613,,,,,,,,,,,,,,9.747146,-0.108822,0.945266,-0.018342,0.013435,-0.019235,-0.889893,0.420410,-0.281006,0.097471,-0.001088,0.009458,,0.048698,-0.081538,0.995480,0.907476,0.419985,-0.009993,-0.417271,0.903861,0.094447,,,0.000000,,,,0.00,,,
63614,,,,,,,,,,,,,,9.799291,-0.138041,0.889679,-0.019578,-0.052593,0.027716,-0.889648,0.416260,-0.280762,0.097993,-0.001382,0.008900,99874.0000,0.048654,-0.081486,0.995486,0.907411,0.420127,-0.009960,-0.417419,0.903799,0.094382,,,0.000000,,,,0.00,,,
63615,,,,,,,,,,,,,,9.747313,-0.108216,0.943609,-0.018822,0.012989,-0.019236,-0.885254,0.411865,-0.280762,0.097473,-0.001086,0.009440,,0.048509,-0.081480,0.995494,0.907380,0.420197,-0.009823,-0.417503,0.903767,0.094316,,,0.000000,,,,0.00,,,
63616,,,,,,,,,,,,,,9.776021,-0.082562,0.924108,0.012930,0.004067,0.007251,-0.887451,0.416260,-0.280762,0.097760,-0.000830,0.009245,99867.0000,0.048409,-0.081452,0.995501,0.907309,0.420353,-0.009727,-0.417669,0.903697,0.094251,,,0.000000,,,,0.00,,,
63617,,,,,,,,,,,,,,9.809717,-0.115948,0.897484,-0.006733,-0.037283,0.038609,-0.881104,0.420410,-0.280762,0.098097,-0.001164,0.008979,,0.048202,-0.081496,0.995507,0.907242,0.420502,-0.009504,-0.417838,0.903624,0.094205,,,0.000000,,,,0.00,,,
63618,,,,,,,,,,,,,,9.757722,-0.085275,0.951725,-0.005489,0.028614,-0.008334,-0.885498,0.420410,-0.281006,0.097577,-0.000861,0.009518,99876.0000,0.048059,-0.081555,0.995509,0.907143,0.420719,-0.009327,-0.418070,0.903518,0.094202,,,0.000000,,,,0.00,,,
63619,,,,,,,,,,,,,,9.794604,-0.073683,0.894000,0.030563,-0.022069,0.022836,-0.887451,0.416260,-0.285156,0.097946,-0.000744,0.008941,,0.048046,-0.081572,0.995509,0.907071,0.420876,-0.009292,-0.418228,0.903443,0.094213,,,0.000000,,,,0.00,,,
63620,,,,,,,,,,,,,,9.764489,-0.050183,0.940491,0.029614,0.031806,-0.002978,-0.889648,0.418213,-0.278564,0.097645,-0.000509,0.009405,99874.0000,0.047933,-0.081616,0.995511,0.906959,0.421119,-0.009144,-0.418482,0.903326,0.094208,,,0.000000,,,,0.00,,,
63621,,,,,,,,,,,,,,9.772735,-0.063574,0.901725,0.032530,-0.010555,0.001706,-0.887207,0.411865,-0.287354,0.097727,-0.000643,0.009017,,0.047799,-0.081718,0.995509,0.906856,0.421345,-0.008956,-0.418721,0.903211,0.094246,,,0.000000,,,,0.00,,,
63622,,,,,,,,,,,,,,9.772739,-0.062396,0.901755,0.032538,-0.010614,0.001706,-0.887451,0.414062,-0.280762,0.097727,-0.000629,0.009018,99874.0000,0.047735,-0.081751,0.995509,0.906744,0.421588,-0.008858,-0.418970,0.903095,0.094252,,,0.000000,,,,0.00,,,
63623,,,,,,,,,,,,,,9.779727,-0.085810,0.943409,-0.007625,0.014747,0.012799,-0.887451,0.416260,-0.285156,0.097797,-0.000864,0.009434,,0.047569,-0.081925,0.995503,0.906582,0.421942,-0.008596,-0.419341,0.902914,0.094343,,,0.000000,,,,0.00,,,
63624,,,,,,,,,,,,,,9.786418,-0.052371,0.932644,0.026333,0.017841,0.018159,-0.885498,0.418457,-0.285156,0.097864,-0.000531,0.009325,99866.0000,0.047470,-0.082000,0.995501,0.906446,0.422238,-0.008443,-0.419646,0.902769,0.094373,,,0.000000,,,,0.00,,,
63625,,,,,,,,,,,,,,9.776210,-0.070859,0.923082,0.012662,0.000407,0.007252,-0.887451,0.411865,-0.282959,0.097762,-0.000715,0.009228,,0.047477,-0.082179,0.995486,0.906284,0.422588,-0.008337,-0.419995,0.902588,0.094541,,,0.000000,,,,0.00,,,
63626,,,,,,,,,,,,,,9.783145,-0.094165,0.965361,-0.026672,0.027034,0.018349,-0.887451,0.414062,-0.276367,0.097832,-0.000947,0.009650,99867.0000,0.047440,-0.082274,0.995480,0.906116,0.422950,-0.008225,-0.420362,0.902410,0.094614,,,0.000000,,,,0.00,,,
63627,,,,,,,,,,,,,,9.803447,-0.053443,0.985818,0.000669,0.060129,0.040162,-0.878662,0.412109,-0.280518,0.098035,-0.000539,0.009856,,0.047271,-0.082345,0.995482,0.906001,0.423199,-0.008015,-0.420628,0.902287,0.094609,,,0.000000,,,,0.00,,,
63628,,,,,,,,,,,,,,9.797995,-0.075136,0.916765,0.009208,-0.011724,0.028379,-0.885254,0.411865,-0.282959,0.097980,-0.000755,0.009166,99872.0000,0.047251,-0.082393,0.995479,0.905828,0.423571,-0.007938,-0.421002,0.902108,0.094648,,,0.000000,,,,0.00,,,
63629,,,,,,,,,,,,,,9.771314,-0.064617,0.984316,-0.011733,0.055122,0.008131,-0.883057,0.412109,-0.282959,0.097713,-0.000648,0.009844,,0.047204,-0.082425,0.995479,0.905712,0.423821,-0.007855,-0.421257,0.901988,0.094660,,,0.000000,,,,0.00,,,
63630,,,,,,,,,,,,,,9.803442,-0.051965,0.985939,0.000333,0.059528,0.040166,-0.883301,0.416260,-0.282959,0.098034,-0.000519,0.009862,99863.0000,0.047228,-0.082356,0.995483,0.905565,0.424135,-0.007873,-0.421571,0.901847,0.094610,,,0.000000,,,,0.00,,,
63631,,,,,,,,,,,,,,9.821946,-0.047281,0.956334,0.018044,0.033716,0.055746,-0.887451,0.414062,-0.280762,0.098219,-0.000472,0.009569,,0.047251,-0.082278,0.995489,0.905469,0.424338,-0.007906,-0.421774,0.901758,0.094551,,,0.000000,,,,0.00,,,
63632,,,,,,,,,,,,,,9.832226,-0.028152,0.965162,0.032333,0.050157,0.066656,-0.887451,0.416260,-0.285156,0.098322,-0.000275,0.009657,99866.0000,0.047343,-0.082124,0.995497,0.905338,0.424615,-0.008026,-0.422044,0.901642,0.094452,,,0.000000,,,,0.00,,,
63633,,,,,,,,,,,,,,9.810462,-0.022149,0.971537,0.034356,0.061928,0.045534,-0.885254,0.411865,-0.280762,0.098104,-0.000215,0.009726,,0.047374,-0.081897,0.995514,0.905265,0.424770,-0.008135,-0.422199,0.901589,0.094261,,,0.000000,,,,0.00,,,
63634,,,,,,,,,,,,,,9.847788,-0.070674,0.964585,-0.004042,0.034624,0.082419,-0.880859,0.409912,-0.280518,0.098477,-0.000695,0.009656,99868.0000,0.047514,-0.081600,0.995532,0.905220,0.424861,-0.008379,-0.422279,0.901573,0.094053,,,0.000000,,,,0.00,,,
63635,,,,,,,,,,,,,,9.880100,-0.060526,0.964205,0.007048,0.038765,0.114456,-0.883301,0.416260,-0.280762,0.098800,-0.000593,0.009655,,0.047527,-0.081299,0.995556,0.905198,0.424906,-0.008515,-0.422325,0.901579,0.093786,,,0.000000,,,,0.00,,,
63636,,,,,,,,,,,,,,9.987826,-0.134520,0.873372,-0.015205,-0.079921,0.213823,-0.885254,0.411865,-0.285156,0.099877,-0.001331,0.008747,99874.0000,0.047671,-0.080943,0.995578,0.905180,0.424938,-0.008794,-0.422347,0.901596,0.093525,,,0.000000,,,,0.00,,,
63637,,,,,,,,,,,,,,10.058946,-0.080344,0.863608,0.042846,-0.068466,0.283260,-0.885498,0.418457,-0.282959,0.100588,-0.000788,0.008649,,0.047822,-0.080652,0.995594,0.905225,0.424835,-0.009066,-0.422233,0.901671,0.093325,,,0.000000,,,,0.00,,,
63638,,,,,,,,,,,,,,10.426292,-0.302555,0.499979,0.014159,-0.517112,0.617149,-0.880859,0.414062,-0.282959,0.104263,-0.003014,0.005011,99874.0000,0.047906,-0.080398,0.995611,0.905468,0.424313,-0.009304,-0.421703,0.901939,0.093125,,,0.000000,,,,0.00,,,
63639,,,,,,,,,,,,,,11.276289,-0.673210,-0.115756,-0.020166,-1.299531,1.409260,-0.883057,0.412109,-0.282959,0.112762,-0.006746,-0.001180,,0.047944,-0.080942,0.995565,0.905873,0.423449,-0.009197,-0.420827,0.902297,0.093625,,,0.000000,,,,0.00,,,
63640,,,,,,,,,,,,,,13.311345,-3.651553,-0.308756,-2.543190,-2.913388,3.441194,-0.880859,0.414062,-0.282959,0.133090,-0.036594,-0.003176,99869.0000,0.047689,-0.083084,0.995401,0.906698,0.421701,-0.008241,-0.419077,0.902921,0.095442,,,0.000000,,,,0.00,,,
63641,,,,,,,,,,,,,,21.408054,-4.180105,-4.997990,-0.678679,-8.099006,11.036835,-0.882812,0.409912,-0.287109,0.213932,-0.042061,-0.050395,,0.047331,-0.087524,0.995037,0.906925,0.421248,-0.006086,-0.418624,0.902713,0.099316,,,0.000000,,,,0.00,,,
63642,,,,,,,,,,,,,,20.689478,-5.827154,-3.255814,-2.883356,-7.350260,10.442228,-0.880615,0.409912,-0.304932,0.206613,-0.058345,-0.034165,99874.0000,0.052706,-0.101507,0.993438,0.906197,0.422827,-0.004874,-0.419557,0.900508,0.114271,,,0.000000,,,,0.00,,,
63643,,,,,,,,,,,,,,18.671263,-5.892470,-6.025426,-1.687710,-9.937825,8.020458,-0.876465,0.414307,-0.327148,0.186296,-0.058310,-0.062103,,0.063421,-0.114526,0.991394,0.901928,0.431817,-0.007814,-0.427205,0.894661,0.130681,,,0.000000,,,,0.00,,,
63644,,,,,,,,,,,,,,15.834546,-4.368660,-4.712741,-0.774908,-8.061086,5.234921,-0.865479,0.410156,-0.349121,0.157922,-0.042974,-0.049145,99868.0000,0.076722,-0.131682,0.988319,0.895174,0.445603,-0.010120,-0.439065,0.885493,0.152066,,,0.000000,,,,0.00,,,
63645,,,,,,,,,,,,,,16.554998,-6.272839,-2.972875,-2.872351,-7.765486,6.114712,-0.850098,0.408203,-0.375488,0.165339,-0.062127,-0.032043,,0.091180,-0.148040,0.984769,0.887734,0.460172,-0.013018,-0.451236,0.875401,0.173378,,,0.000000,,,,0.00,,,
63646,,,,,,,,,,,,,,12.409272,-9.123557,-4.954620,-4.580217,-10.545516,1.570216,-0.843262,0.404053,-0.401855,0.123531,-0.090669,-0.051912,99862.0000,0.103720,-0.168722,0.980191,0.879049,0.476605,-0.010979,-0.465312,0.862775,0.197749,,,0.000000,,,,0.00,,,
63647,,,,,,,,,,,,,,8.843849,-6.429691,-7.753466,-0.982231,-11.329066,-2.717321,-0.833984,0.389404,-0.427979,0.087428,-0.063636,-0.079199,,0.112252,-0.187984,0.975736,0.868922,0.494928,-0.004611,-0.482052,0.848356,0.218900,,,0.000000,,,,0.00,,,
63648,,,,,,,,,,,,,,6.137160,-4.862262,-5.144227,-0.977822,-7.993910,-5.026903,-0.833496,0.376709,-0.449707,0.060626,-0.048281,-0.052627,99871.0000,0.114786,-0.209590,0.971028,0.858508,0.512718,0.009182,-0.499788,0.832582,0.238787,,,0.000000,,,,0.00,,,
63649,,,,,,,,,,,,,,4.173694,-2.081523,-7.250266,2.382470,-7.972831,-7.560120,-0.834473,0.351318,-0.468994,0.041133,-0.020387,-0.072967,,0.112653,-0.223895,0.968081,0.849724,0.526729,0.022940,-0.515052,0.820017,0.249587,,,0.000000,,,,0.00,,,
63650,,,,,,,,,,,,,,2.241569,-0.511646,-7.527539,3.747416,-6.916669,-9.556834,-0.838623,0.346924,-0.470947,0.022185,-0.004531,-0.075380,99871.0000,0.108299,-0.233057,0.966414,0.841219,0.539505,0.035836,-0.529737,0.809085,0.254480,,,0.000000,,,,0.00,,,
63651,,,,,,,,,,,,,,4.581532,-1.513783,-10.875910,5.064745,-10.641281,-8.176446,-0.837891,0.329834,-0.468262,0.045784,-0.014455,-0.108864,,0.103568,-0.232897,0.966971,0.832842,0.551783,0.043696,-0.543735,0.800809,0.251113,,,0.000000,,,,0.00,,,
63652,,,,,,,,,,,,,,5.054801,-0.271314,-10.498043,6.050354,-9.702058,-7.555317,-0.839844,0.325684,-0.474854,0.050690,-0.002158,-0.104924,99861.0000,0.099236,-0.232567,0.967504,0.826478,0.560742,0.050020,-0.554153,0.794658,0.247858,,,0.000000,,,,0.00,,,
63653,,,,,,,,,,,,,,5.465153,-0.573498,-11.163874,6.314266,-10.411218,-7.250575,-0.846191,0.319092,-0.470215,0.054878,-0.005228,-0.111552,,0.096699,-0.225541,0.969423,0.820159,0.569878,0.050775,-0.563904,0.790171,0.240087,,,0.000000,,,,0.00,,,
63654,,,,,,,,,,,,,,5.380462,0.233897,-10.286683,6.538758,-9.181036,-7.024793,-0.846191,0.319092,-0.470215,0.054056,0.002723,-0.102725,99869.0000,0.095728,-0.220348,0.970713,0.816373,0.575348,0.050094,-0.569536,0.787668,0.234963,,,0.000000,,,,0.00,,,
63655,,,,,,,,,,,,,,5.226593,0.443012,-9.595038,6.360523,-8.403011,-6.895361,-0.846191,0.323486,-0.468262,0.052559,0.004711,-0.095776,,0.096138,-0.207749,0.973446,0.812738,0.580986,0.043726,-0.574643,0.786953,0.224700,,,0.000000,,,,0.00,,,
63656,,,,,,,,,,,,,,5.581454,0.524170,-8.795866,6.022950,-7.754908,-6.294242,-0.853027,0.331787,-0.455322,0.056151,0.005434,-0.087732,99868.0000,0.097247,-0.197229,0.975522,0.812135,0.582310,0.036770,-0.575308,0.788680,0.216804,,,0.000000,,,,0.00,,,
63657,,,,,,,,,,,,,,5.922984,0.624374,-7.774865,5.568617,-6.878871,-5.618523,-0.849121,0.340332,-0.439941,0.059585,0.006373,-0.077466,,0.098238,-0.179477,0.978845,0.811589,0.583669,0.025567,-0.575910,0.791908,0.203001,,,0.000000,,,,0.00,,,
63658,,,,,,,,,,,,,,6.528304,0.492325,-6.787529,4.940071,-6.231245,-4.743367,-0.847412,0.348877,-0.431396,0.065657,0.005019,-0.067505,99868.0000,0.099129,-0.164638,0.981360,0.814265,0.580297,0.015103,-0.571967,0.797590,0.191583,,,0.000000,,,,0.00,,,
63659,,,,,,,,,,,,,,7.346299,0.154328,-5.910869,4.231792,-5.751027,-3.652609,-0.852539,0.365723,-0.416260,0.073854,0.001644,-0.058615,,0.098863,-0.142902,0.984787,0.816383,0.577508,0.001845,-0.568986,0.803781,0.173757,,,0.000000,,,,0.00,,,
63660,,,,,,,,,,,,,,8.285623,-0.219791,-5.009460,3.467966,-5.284771,-2.475311,-0.855469,0.380615,-0.399170,0.083238,-0.002073,-0.049461,99874.0000,0.098153,-0.125350,0.987245,0.821569,0.570033,-0.009305,-0.561596,0.812004,0.158934,,,0.000000,,,,0.00,,,
63661,,,,,,,,,,,,,,8.991486,-0.692218,-4.192242,2.651030,-4.809140,-1.521570,-0.862305,0.389160,-0.379395,0.090278,-0.006761,-0.041159,,0.096275,-0.101815,0.990134,0.825618,0.563789,-0.022304,-0.555956,0.819619,0.138339,,,0.000000,,,,0.00,,,
63662,,,,,,,,,,,,,,9.782755,-1.047416,-3.365245,1.920540,-4.261626,-0.524463,-0.862793,0.397461,-0.364258,0.098154,-0.010242,-0.032757,99868.0000,0.094511,-0.082770,0.992077,0.831925,0.553903,-0.033041,-0.546780,0.828457,0.121208,,,0.000000,,,,0.00,,,
63663,,,,,,,,,,,,,,10.718105,-1.475336,-2.876643,1.334363,-3.931716,0.583774,-0.867676,0.412354,-0.342529,0.107491,-0.014441,-0.027742,,0.091926,-0.058010,0.994075,0.836176,0.546577,-0.045428,-0.540703,0.835397,0.098752,,,0.000000,,,,0.00,,,
63664,,,,,,,,,,,,,,11.836019,-1.628974,-2.555321,1.083193,-3.599467,1.812296,-0.866211,0.427246,-0.320801,0.118645,-0.015898,-0.024447,99872.0000,0.090687,-0.038731,0.995126,0.842299,0.536104,-0.055894,-0.531327,0.843263,0.081240,,,0.000000,,,,0.00,,,
63665,,,,,,,,,,,,,,12.911767,-1.611797,-2.189072,0.959014,-3.026677,2.994269,-0.864502,0.437744,-0.303467,0.129358,-0.015630,-0.020787,,0.089593,-0.015302,0.995861,0.846092,0.528682,-0.067996,-0.525454,0.848682,0.060313,,,0.000000,,,,0.00,,,
63666,,,,,,,,,,,,,,13.718431,-2.031173,-1.688289,0.390430,-2.598289,3.908206,-0.863037,0.450439,-0.290527,0.137388,-0.019763,-0.015827,99868.0000,0.090471,0.001273,0.995898,0.851537,0.518457,-0.078020,-0.516429,0.855103,0.045821,,,0.000000,,,,0.00,,,
63667,,,,,,,,,,,,,,14.533238,-2.350828,-1.042441,-0.152979,-1.918208,4.820189,-0.865479,0.458984,-0.275146,0.145486,-0.022943,-0.009483,,0.091058,0.020021,0.995644,0.854523,0.511829,-0.088444,-0.511370,0.858854,0.029498,,,0.000000,,,,0.00,,,
63668,,,,,,,,,,,,,,14.746709,-2.290906,0.358052,-0.791366,-0.478949,5.086422,-0.870117,0.463135,-0.259766,0.147526,-0.022391,0.004328,99873.0000,0.092508,0.030768,0.995236,0.859454,0.502230,-0.095414,-0.502773,0.864187,0.020016,,,0.000000,,,,0.00,,,
63669,,,,,,,,,,,,,,14.589882,-1.876183,1.880917,-1.221261,1.260762,4.912796,-0.861816,0.471680,-0.246826,0.145880,-0.018326,0.019373,,0.091945,0.043211,0.994826,0.862587,0.495673,-0.101252,-0.497483,0.867434,0.008301,,,0.000000,,,,0.00,,,
63670,,,,,,,,,,,,,,13.703539,-1.776139,3.956888,-2.229270,3.200935,4.021394,-0.862061,0.478027,-0.240234,0.136959,-0.017371,0.040005,99878.0000,0.091478,0.048569,0.994622,0.868263,0.485177,-0.103549,-0.487597,0.873066,0.002212,,,0.000000,,,,0.00,,,
63671,,,,,,,,,,,,,,11.385669,-0.064033,6.460082,-2.175603,6.238065,1.488755,-0.864258,0.475830,-0.233643,0.113718,-0.000206,0.064846,,0.089222,0.057071,0.994375,0.871827,0.478279,-0.105677,-0.481620,0.876352,-0.007083,,,0.000000,,,,0.00,,,
63672,,,,,,,,,,,,,,10.101350,3.475468,8.867219,-0.274005,10.051306,-0.239948,-0.862793,0.492920,-0.216309,0.100681,0.035568,0.088726,99873.0000,0.089984,0.064221,0.993870,0.877988,0.465966,-0.109602,-0.470148,0.882469,-0.014455,,,0.000000,,,,0.00,,,
63673,,,,,,,,,,,,,,6.820319,2.908651,12.704340,-2.760775,13.076732,-3.668793,-0.858887,0.497070,-0.196533,0.067453,0.030325,0.127151,,0.092661,0.080577,0.992432,0.882328,0.455252,-0.119343,-0.461423,0.886709,-0.028911,,,0.000000,,,,0.00,,,
63674,,,,,,,,,,,,,,3.550935,2.581064,15.631528,-4.495987,15.382530,-7.211646,-0.855225,0.511963,-0.183594,0.034042,0.027256,0.156392,99869.0000,0.095804,0.100916,0.990271,0.888385,0.440074,-0.130794,-0.448992,0.892273,-0.047491,,,0.000000,,,,0.00,,,
63675,,,,,,,,,,,,,,3.356275,2.684309,15.439391,-4.155051,15.350780,-7.834708,-0.855957,0.526611,-0.146484,0.031532,0.028370,0.154542,,0.094732,0.130313,0.986937,0.893965,0.425067,-0.141933,-0.438010,0.895733,-0.076228,,,0.000000,,,,0.00,,,
63676,,,,,,,,,,,,,,5.672770,2.295116,14.063222,-3.481562,14.399196,-5.845244,-0.856201,0.528809,-0.111084,0.054622,0.024451,0.141204,99868.0000,0.090093,0.159425,0.983091,0.900923,0.407715,-0.148681,-0.424525,0.899084,-0.106897,,,0.000000,,,,0.00,,,
63677,,,,,,,,,,,,,,19.884841,-4.610757,13.451445,-8.118544,13.768443,8.682127,-0.856201,0.528564,-0.071289,0.196724,-0.044406,0.138136,,0.074904,0.187851,0.979337,0.912241,0.383742,-0.143379,-0.402747,0.904131,-0.142622,,,0.000000,,,,0.00,,,
63678,,,,,,,,,,,,,,17.961296,-2.007404,8.509222,-4.043492,10.318524,6.807073,-0.866699,0.517822,-0.079834,0.179118,-0.021119,0.085875,99878.0000,0.058436,0.189659,0.980109,0.915576,0.381116,-0.128337,-0.397876,0.904865,-0.151377,,,0.000000,,,,0.00,,,
63679,,,,,,,,,,,,,,12.564899,-3.866738,23.465881,-12.141282,22.214158,-0.724996,-0.883301,0.500732,-0.061768,0.124343,-0.037842,0.235486,,0.036710,0.190336,0.981032,0.922842,0.370203,-0.106358,-0.383425,0.909243,-0.162060,,,0.000000,,,,0.00,,,
63680,,,,,,,,,,,,,,27.726081,-5.725465,9.691827,-8.126403,11.715783,16.495485,-0.884521,0.483643,-0.087891,0.277408,-0.059602,0.095048,99876.0000,0.027304,0.173220,0.984505,0.921663,0.376954,-0.091885,-0.387030,0.909890,-0.149359,,,0.000000,,,,0.00,,,
63681,,,,,,,,,,,,,,13.268231,2.835193,28.418822,-8.218636,28.982792,-0.646394,-0.886230,0.473145,-0.129639,0.138105,0.025441,0.281845,,0.028749,0.133727,0.990601,0.916206,0.392722,-0.079606,-0.399676,0.909883,-0.111231,,,0.000000,,,,0.00,,,
63682,,,,,,,,,,,,,,10.561126,14.408058,8.349731,10.271403,14.446367,-1.175140,-0.881592,0.466797,-0.147217,0.107835,0.143965,0.080785,99875.0000,0.035348,0.095292,0.994822,0.920165,0.385294,-0.069602,-0.389931,0.917861,-0.074065,,,0.000000,,,,0.00,,,
63683,,,,,,,,,,,,,,12.468021,-2.036336,-0.425735,-1.207714,-0.204606,2.767656,-0.883789,0.471191,-0.178223,0.124551,-0.020594,-0.006288,,0.045203,0.061625,0.997075,0.922216,0.381111,-0.065364,-0.384025,0.922473,-0.039604,,,0.000000,,,,0.00,,,
63684,,,,,,,,,,,,,,8.037708,-2.566023,8.476360,-5.237619,7.202060,-1.830007,-0.883057,0.460693,-0.206787,0.081664,-0.026072,0.083389,99878.0000,0.051553,0.028834,0.998254,0.921298,0.384404,-0.058682,-0.385425,0.922715,-0.006748,,,0.000000,,,,0.00,,,
