// Start Time: Unknown
// Update Rate: 100.0Hz
// Filter Profile: human (46.1)
// Firmware Version: 4.6.0
PacketCounter,SampleTimeFine,Year,Month,Day,Second,UTC_Nano,UTC_Year,UTC_Month,UTC_Day,UTC_Hour,UTC_Minute,UTC_Second,UTC_Valid,Acc_X,Acc_Y,Acc_Z,FreeAcc_X,FreeAcc_Y,FreeAcc_Z,Mag_X,Mag_Y,Mag_Z,VelInc_X,VelInc_Y,VelInc_Z,Pressure,Mat[1][1],Mat[2][1],Mat[3][1],Mat[1][2],Mat[2][2],Mat[3][2],Mat[1][3],Mat[2][3],Mat[3][3],Latitude,Longitude,Altitude,Vel_X,Vel_Y,Vel_Z,Temperature,GyrTemp_X,GyrTemp_Y,GyrTemp_Z
16051,,,,,,,,,,,,,,-9.160163,-2.721366,-2.229824,-0.029546,-0.007367,-0.000164,0.995850,-0.010498,-0.016846,-0.091613,-0.027191,-0.022278,,0.361660,-0.000311,-0.932310,-0.722912,-0.631566,-0.280220,-0.588728,0.775322,-0.228637,,,0.000000,,,,0.00,,,
16052,,,,,,,,,,,,,,-9.094790,-2.758528,-2.203542,-0.001106,0.036827,-0.056719,0.995605,-0.004395,-0.014893,-0.090960,-0.027563,-0.022014,99944.0000,0.362293,0.000283,-0.932064,-0.721597,-0.632866,-0.280676,-0.589951,0.774262,-0.229079,,,0.000000,,,,0.00,,,
16053,,,,,,,,,,,,,,-9.136732,-2.730765,-2.159799,-0.069069,0.053769,-0.035468,0.995605,-0.006348,-0.019287,-0.091380,-0.027284,-0.021573,,0.362969,0.000847,-0.931801,-0.720246,-0.634199,-0.281137,-0.591185,0.773169,-0.229585,,,0.000000,,,,0.00,,,
16054,,,,,,,,,,,,,,-9.104960,-2.742833,-2.194642,-0.035453,0.035748,-0.053725,0.995605,-0.004395,-0.017090,-0.091062,-0.027407,-0.021919,99945.0000,0.363646,0.001370,-0.931536,-0.718854,-0.635591,-0.281555,-0.592461,0.772025,-0.230145,,,0.000000,,,,0.00,,,
16055,,,,,,,,,,,,,,-9.126302,-2.742921,-2.224639,-0.032470,0.013590,-0.026944,0.997803,-0.008545,-0.016846,-0.091276,-0.027409,-0.022220,,0.364308,0.001986,-0.931277,-0.717406,-0.637027,-0.282002,-0.593808,0.770839,-0.230649,,,0.000000,,,,0.00,,,
16056,,,,,,,,,,,,,,-9.127941,-2.757305,-2.252075,-0.013794,0.003305,-0.015051,0.997803,-0.004395,-0.017090,-0.091293,-0.027552,-0.022491,99945.0000,0.365030,0.002485,-0.930992,-0.715996,-0.638420,-0.282437,-0.595066,0.769684,-0.231263,,,0.000000,,,,0.00,,,
16057,,,,,,,,,,,,,,-9.120919,-2.751464,-2.236135,-0.032425,0.013753,-0.026944,0.995605,-0.004395,-0.012695,-0.091223,-0.027493,-0.022333,,0.365731,0.002969,-0.930716,-0.714636,-0.639754,-0.282862,-0.596269,0.768574,-0.231856,,,0.000000,,,,0.00,,,
16058,,,,,,,,,,,,,,-9.108582,-2.748962,-2.274248,-0.014514,-0.015572,-0.030315,0.997559,-0.002197,-0.017090,-0.091100,-0.027467,-0.022714,99942.0000,0.366449,0.003500,-0.930431,-0.713234,-0.641114,-0.283318,-0.597505,0.767437,-0.232439,,,0.000000,,,,0.00,,,
16059,,,,,,,,,,,,,,-9.121218,-2.728838,-2.261168,-0.048826,-0.016294,-0.027321,0.997559,0.000000,-0.021484,-0.091226,-0.027269,-0.022580,,0.367159,0.003925,-0.930150,-0.711828,-0.642510,-0.283692,-0.598744,0.766267,-0.233110,,,0.000000,,,,0.00,,,
16060,,,,,,,,,,,,,,-9.136498,-2.759867,-2.279051,-0.029383,-0.007540,-0.000164,0.997803,-0.004395,-0.017090,-0.091379,-0.027580,-0.022756,99936.0000,0.367902,0.004346,-0.929854,-0.710377,-0.643946,-0.284074,-0.600011,0.765058,-0.233822,,,0.000000,,,,0.00,,,
16061,,,,,,,,,,,,,,-9.101318,-2.747668,-2.217702,-0.069603,0.034201,-0.050728,0.997559,0.001953,-0.023682,-0.091027,-0.027459,-0.022142,,0.368608,0.004802,-0.929573,-0.708910,-0.645399,-0.284441,-0.601311,0.763831,-0.234495,,,0.000000,,,,0.00,,,
16062,,,,,,,,,,,,,,-9.090182,-2.731082,-2.180887,-0.106956,0.054773,-0.074513,0.995361,0.001953,-0.017334,-0.090915,-0.027295,-0.021774,99938.0000,0.369298,0.005213,-0.929296,-0.707401,-0.646918,-0.284747,-0.602663,0.762542,-0.235218,,,0.000000,,,,0.00,,,
16063,,,,,,,,,,,,,,-9.067962,-2.748323,-2.184905,-0.091033,0.064984,-0.089390,0.991211,0.001953,-0.021729,-0.090692,-0.027469,-0.021817,,0.369901,0.005813,-0.929053,-0.705812,-0.648507,-0.285076,-0.604155,0.761186,-0.235780,,,0.000000,,,,0.00,,,
16064,,,,,,,,,,,,,,-9.065376,-2.751277,-2.191909,-0.091033,0.064984,-0.089390,0.997559,0.004150,-0.023926,-0.090668,-0.027498,-0.021881,99943.0000,0.370615,0.006238,-0.928766,-0.704169,-0.650166,-0.285359,-0.605632,0.759767,-0.236569,,,0.000000,,,,0.00,,,
16065,,,,,,,,,,,,,,-9.029152,-2.750608,-2.207873,-0.075737,0.055788,-0.119531,0.997314,0.004150,-0.019531,-0.090305,-0.027497,-0.022035,,0.371282,0.006727,-0.928496,-0.702411,-0.651959,-0.285600,-0.607263,0.758224,-0.237336,,,0.000000,,,,0.00,,,
16066,,,,,,,,,,,,,,-8.988713,-2.739437,-2.202783,-0.079477,0.058351,-0.161574,0.993164,0.004150,-0.021729,-0.089901,-0.027386,-0.021980,99941.0000,0.372024,0.007006,-0.928197,-0.700636,-0.653801,-0.285752,-0.608858,0.756634,-0.238321,,,0.000000,,,,0.00,,,
16067,,,,,,,,,,,,,,-9.025777,-2.804969,-2.257998,-0.021410,0.064431,-0.095361,0.995361,0.004150,-0.021729,-0.090273,-0.028043,-0.022529,,0.372738,0.007414,-0.927907,-0.698738,-0.655755,-0.285921,-0.610599,0.754937,-0.239245,,,0.000000,,,,0.00,,,
16068,,,,,,,,,,,,,,-9.022761,-2.806387,-2.268266,-0.021410,0.064431,-0.095361,0.990967,0.006104,-0.015381,-0.090243,-0.028057,-0.022631,99945.0000,0.373508,0.007716,-0.927595,-0.696805,-0.657753,-0.286049,-0.612336,0.753194,-0.240299,,,0.000000,,,,0.00,,,
16069,,,,,,,,,,,,,,-9.034077,-2.795556,-2.334948,0.000003,0.012636,-0.071974,0.997314,0.006348,-0.019531,-0.090355,-0.027948,-0.023302,,0.374186,0.008203,-0.927317,-0.694837,-0.659760,-0.286213,-0.614155,0.751431,-0.241173,,,0.000000,,,,0.00,,,
16070,,,,,,,,,,,,,,-9.023803,-2.839842,-2.407907,0.071744,-0.006916,-0.051205,0.995117,0.008301,-0.015381,-0.090252,-0.028392,-0.024035,99942.0000,0.374874,0.008663,-0.927035,-0.692877,-0.661751,-0.286369,-0.615947,0.749674,-0.242071,,,0.000000,,,,0.00,,,
16071,,,,,,,,,,,,,,-9.005231,-2.865087,-2.436468,0.106573,-0.006678,-0.054210,0.995117,0.006348,-0.019531,-0.090067,-0.028642,-0.024320,,0.375558,0.009202,-0.926753,-0.690978,-0.663633,-0.286601,-0.617661,0.748002,-0.242875,,,0.000000,,,,0.00,,,
16072,,,,,,,,,,,,,,-9.019893,-2.802525,-2.415891,0.037046,-0.027759,-0.063482,0.994873,0.012451,-0.013184,-0.090214,-0.028013,-0.024115,99941.0000,0.376329,0.009718,-0.926435,-0.689002,-0.665572,-0.286862,-0.619397,0.746270,-0.243778,,,0.000000,,,,0.00,,,
16073,,,,,,,,,,,,,,-8.970434,-2.803058,-2.300097,-0.024027,0.064741,-0.137385,0.997070,0.010498,-0.013184,-0.089720,-0.028023,-0.022949,,0.377096,0.010269,-0.926117,-0.686726,-0.667850,-0.287026,-0.621455,0.744225,-0.244792,,,0.000000,,,,0.00,,,
16074,,,,,,,,,,,,,,-8.884450,-2.820252,-2.346719,0.040221,0.050342,-0.200705,0.995117,0.006348,-0.021729,-0.088861,-0.028201,-0.023405,99943.0000,0.377932,0.010692,-0.925772,-0.684175,-0.670454,-0.287047,-0.623756,0.741874,-0.246071,,,0.000000,,,,0.00,,,
16075,,,,,,,,,,,,,,-8.839541,-2.950088,-2.473764,0.216427,0.052365,-0.173682,0.999023,0.016846,-0.022217,-0.088414,-0.029500,-0.024673,,0.378744,0.011186,-0.925434,-0.681639,-0.673009,-0.287103,-0.626036,0.739550,-0.247274,,,0.000000,,,,0.00,,,
16076,,,,,,,,,,,,,,-8.843941,-2.969143,-2.530487,0.253792,0.031785,-0.149922,0.999023,0.014648,-0.021973,-0.088458,-0.029686,-0.025247,99942.0000,0.379594,0.011735,-0.925079,-0.679207,-0.675391,-0.287271,-0.628161,0.737367,-0.248404,,,0.000000,,,,0.00,,,
16077,,,,,,,,,,,,,,-8.904497,-2.906441,-2.636603,0.245485,-0.084393,-0.085316,0.994873,0.014648,-0.021973,-0.089064,-0.029055,-0.026313,,0.380474,0.012577,-0.924706,-0.676793,-0.677634,-0.287685,-0.630231,0.735291,-0.249310,,,0.000000,,,,0.00,,,
16078,,,,,,,,,,,,,,-8.989366,-2.952061,-2.666583,0.253751,-0.070545,0.014045,0.994873,0.016846,-0.017822,-0.089912,-0.029509,-0.026617,99942.0000,0.381307,0.013271,-0.924353,-0.674472,-0.679816,-0.287988,-0.632212,0.733263,-0.250268,,,0.000000,,,,0.00,,,
16079,,,,,,,,,,,,,,-9.127719,-2.987969,-2.690269,0.230477,-0.061404,0.158464,0.994873,0.016846,-0.017822,-0.091294,-0.029866,-0.026860,,0.382159,0.014186,-0.923988,-0.672124,-0.681939,-0.288458,-0.634196,0.731271,-0.251074,,,0.000000,,,,0.00,,,
16080,,,,,,,,,,,,,,-9.191309,-2.998429,-2.683675,0.200608,-0.046007,0.218787,0.996826,0.016846,-0.015625,-0.091929,-0.029971,-0.026795,99944.0000,0.382890,0.015044,-0.923672,-0.669753,-0.684135,-0.288775,-0.636260,0.729201,-0.251872,,,0.000000,,,,0.00,,,
16081,,,,,,,,,,,,,,-9.245525,-2.941094,-2.599320,0.078014,-0.020122,0.231203,0.996826,0.018799,-0.017822,-0.092471,-0.029402,-0.025948,,0.383735,0.015923,-0.923306,-0.667138,-0.686544,-0.289109,-0.638493,0.726914,-0.252829,,,0.000000,,,,0.00,,,
16082,,,,,,,,,,,,,,-9.208241,-2.969896,-2.551143,0.072818,0.042132,0.192972,0.994629,0.020996,-0.022217,-0.092097,-0.029702,-0.025456,99945.0000,0.384374,0.016612,-0.923028,-0.664326,-0.689290,-0.289049,-0.641036,0.724295,-0.253910,,,0.000000,,,,0.00,,,
16083,,,,,,,,,,,,,,-9.146265,-3.091784,-2.525418,0.152262,0.154986,0.164477,0.994629,0.020996,-0.026611,-0.091475,-0.030933,-0.025189,,0.385043,0.017277,-0.922737,-0.661229,-0.692331,-0.288883,-0.643830,0.721373,-0.255153,,,0.000000,,,,0.00,,,
16084,,,,,,,,,,,,,,-9.160126,-3.065494,-2.517128,0.117883,0.153950,0.167467,0.994629,0.020996,-0.026611,-0.091610,-0.030676,-0.025113,99943.0000,0.385406,0.017877,-0.922574,-0.658208,-0.695387,-0.288442,-0.646703,0.718413,-0.256239,,,0.000000,,,,0.00,,,
16085,,,,,,,,,,,,,,-9.098332,-3.019883,-2.554338,0.130476,0.106375,0.106769,1.002930,0.023193,-0.022217,-0.090989,-0.030229,-0.025489,,0.385685,0.018683,-0.922441,-0.655047,-0.698535,-0.288032,-0.649739,0.715332,-0.257176,,,0.000000,,,,0.00,,,
16086,,,,,,,,,,,,,,-9.092235,-2.955459,-2.508530,0.057990,0.106899,0.070702,1.000977,0.023193,-0.024414,-0.090925,-0.029594,-0.025030,99946.0000,0.385764,0.019204,-0.922398,-0.651822,-0.701880,-0.287217,-0.652928,0.712037,-0.258242,,,0.000000,,,,0.00,,,
16087,,,,,,,,,,,,,,-9.112566,-3.015029,-2.490447,0.074572,0.173426,0.101743,1.003174,0.020996,-0.026611,-0.091123,-0.030201,-0.024851,,0.385734,0.019910,-0.922395,-0.648386,-0.705398,-0.286373,-0.656357,0.708532,-0.259186,,,0.000000,,,,0.00,,,
16088,,,,,,,,,,,,,,-9.132381,-3.079401,-2.548090,0.147824,0.191899,0.153112,0.999023,0.016846,-0.024170,-0.091316,-0.030852,-0.025441,99944.0000,0.385296,0.020513,-0.922565,-0.645153,-0.708829,-0.285200,-0.659791,0.705082,-0.259875,,,0.000000,,,,0.00,,,
16089,,,,,,,,,,,,,,-9.135808,-3.033082,-2.618803,0.167038,0.120278,0.161194,0.996826,0.020996,-0.024414,-0.091343,-0.030393,-0.026168,,0.384624,0.021399,-0.922825,-0.642105,-0.712018,-0.284133,-0.663148,0.701835,-0.260119,,,0.000000,,,,0.00,,,
16090,,,,,,,,,,,,,,-9.154904,-2.915107,-2.629969,0.099017,0.039513,0.148009,1.000977,0.023193,-0.031006,-0.091531,-0.029219,-0.026289,99935.0000,0.383703,0.022119,-0.923192,-0.639164,-0.715192,-0.282789,-0.666514,0.698578,-0.260283,,,0.000000,,,,0.00,,,
16091,,,,,,,,,,,,,,-9.129107,-2.767726,-2.578297,-0.011672,-0.020091,0.069011,0.992432,0.025146,-0.031250,-0.091270,-0.027751,-0.025779,,0.382762,0.023122,-0.923558,-0.635944,-0.718543,-0.281552,-0.670126,0.695098,-0.260327,,,0.000000,,,,0.00,,,
16092,,,,,,,,,,,,,,-9.114502,-2.677293,-2.530130,-0.084873,-0.038573,0.017617,0.999023,0.018799,-0.032959,-0.091122,-0.026860,-0.025290,99942.0000,0.381582,0.023807,-0.924028,-0.632372,-0.722387,-0.279753,-0.674166,0.691079,-0.260595,,,0.000000,,,,0.00,,,
16093,,,,,,,,,,,,,,-9.109427,-2.679089,-2.423772,-0.143544,0.050105,-0.014183,0.994873,0.020996,-0.033203,-0.091072,-0.026887,-0.024216,,0.380490,0.024624,-0.924457,-0.628228,-0.726697,-0.277924,-0.678644,0.686517,-0.261031,,,0.000000,,,,0.00,,,
16094,,,,,,,,,,,,,,-9.091726,-2.712900,-2.440764,-0.092678,0.081489,-0.016700,0.995117,0.014648,-0.043945,-0.090892,-0.027235,-0.024382,99940.0000,0.379166,0.025196,-0.924986,-0.623918,-0.731254,-0.275672,-0.683345,0.681640,-0.261546,,,0.000000,,,,0.00,,,
16095,,,,,,,,,,,,,,-9.062359,-2.861466,-2.553079,0.100241,0.131717,0.026272,0.997314,0.014648,-0.037354,-0.090595,-0.028724,-0.025508,,0.377716,0.026051,-0.925555,-0.619576,-0.735726,-0.273555,-0.688081,0.676778,-0.261755,,,0.000000,,,,0.00,,,
16096,,,,,,,,,,,,,,-9.084909,-3.039950,-2.672200,0.297555,0.200033,0.126575,0.994873,0.023193,-0.039795,-0.090817,-0.030505,-0.026710,99946.0000,0.376169,0.026764,-0.926164,-0.615760,-0.739691,-0.271471,-0.692342,0.672414,-0.261769,,,0.000000,,,,0.00,,,
16097,,,,,,,,,,,,,,-9.031100,-3.062396,-2.672047,0.343712,0.232064,0.082102,0.997070,0.016846,-0.037354,-0.090282,-0.030715,-0.026714,,0.374849,0.027549,-0.926676,-0.612548,-0.742937,-0.269868,-0.695897,0.668794,-0.261614,,,0.000000,,,,0.00,,,
16098,,,,,,,,,,,,,,-8.996732,-3.073741,-2.671452,0.375184,0.254749,0.052405,0.999268,0.016846,-0.046143,-0.089941,-0.030814,-0.026716,99946.0000,0.373557,0.028146,-0.927180,-0.609875,-0.745680,-0.268353,-0.698933,0.665709,-0.261389,,,0.000000,,,,0.00,,,
16099,,,,,,,,,,,,,,-8.986848,-2.991943,-2.563936,0.263862,0.273528,-0.007358,0.997070,0.018799,-0.046143,-0.089843,-0.029988,-0.025648,,0.372402,0.028962,-0.927619,-0.607426,-0.748085,-0.267214,-0.701677,0.662971,-0.260996,,,0.000000,,,,0.00,,,
16100,,,,,,,,,,,,,,-8.989975,-3.018217,-2.575506,0.299051,0.293560,0.004995,0.999512,0.014648,-0.045898,-0.089872,-0.030247,-0.025776,99941.0000,0.370990,0.029641,-0.928164,-0.605284,-0.750287,-0.265894,-0.704271,0.660447,-0.260408,,,0.000000,,,,0.00,,,
16101,,,,,,,,,,,,,,-9.026732,-2.963968,-2.524718,0.228404,0.288426,0.011050,0.993164,0.014648,-0.052490,-0.090238,-0.029701,-0.025279,,0.369652,0.030671,-0.928664,-0.603271,-0.752232,-0.264974,-0.706698,0.658184,-0.259561,,,0.000000,,,,0.00,,,
16102,,,,,,,,,,,,,,-9.063453,-2.910420,-2.472385,0.159721,0.286278,0.016958,0.997314,0.016846,-0.050537,-0.090606,-0.029163,-0.024758,99940.0000,0.368139,0.031401,-0.929240,-0.601418,-0.754144,-0.263749,-0.709063,0.655958,-0.258745,,,0.000000,,,,0.00,,,
16103,,,,,,,,,,,,,,-9.122297,-2.887766,-2.380767,0.071977,0.329080,0.041756,0.997314,0.014648,-0.054688,-0.091194,-0.028942,-0.023840,,0.366743,0.032365,-0.929759,-0.599431,-0.756067,-0.262764,-0.711465,0.653693,-0.257882,,,0.000000,,,,0.00,,,
16104,,,,,,,,,,,,,,-9.116622,-2.816295,-2.367663,0.036242,0.290006,0.014047,0.999756,0.006348,-0.056641,-0.091138,-0.028231,-0.023703,99939.0000,0.365203,0.032956,-0.930345,-0.597278,-0.758269,-0.261319,-0.714063,0.651108,-0.257238,,,0.000000,,,,0.00,,,
16105,,,,,,,,,,,,,,-9.133903,-2.859610,-2.370229,0.070931,0.325621,0.041878,0.995361,0.012695,-0.054688,-0.091308,-0.028677,-0.023723,,0.363670,0.033707,-0.930918,-0.594883,-0.760623,-0.259936,-0.716839,0.648318,-0.256564,,,0.000000,,,,0.00,,,
16106,,,,,,,,,,,,,,-9.107751,-2.923516,-2.427790,0.174934,0.347778,0.048380,1.001709,0.014648,-0.059082,-0.091045,-0.029318,-0.024299,99936.0000,0.361966,0.034146,-0.931566,-0.592526,-0.763051,-0.258199,-0.719648,0.645436,-0.255966,,,0.000000,,,,0.00,,,
16107,,,,,,,,,,,,,,-9.087490,-2.993050,-2.585475,0.350688,0.305422,0.087273,0.997559,0.006348,-0.050049,-0.090839,-0.030015,-0.025881,,0.360393,0.035050,-0.932142,-0.590165,-0.765299,-0.256951,-0.722373,0.642720,-0.255123,,,0.000000,,,,0.00,,,
16108,,,,,,,,,,,,,,-9.080942,-2.957618,-2.588278,0.350110,0.286409,0.071925,0.995605,0.010498,-0.069824,-0.090776,-0.029657,-0.025906,99936.0000,0.358714,0.035571,-0.932769,-0.587820,-0.767642,-0.255331,-0.725115,0.639891,-0.254455,,,0.000000,,,,0.00,,,
16109,,,,,,,,,,,,,,-9.082290,-2.936096,-2.561276,0.329368,0.292987,0.060227,0.995850,0.004150,-0.065186,-0.090795,-0.029435,-0.025628,,0.357447,0.036530,-0.933219,-0.585128,-0.770049,-0.254263,-0.727912,0.636938,-0.253877,,,0.000000,,,,0.00,,,
16110,,,,,,,,,,,,,,-9.004841,-2.933247,-2.522615,0.338625,0.328789,-0.023310,0.999512,0.016846,-0.061279,-0.090026,-0.029404,-0.025224,99938.0000,0.356218,0.037132,-0.933665,-0.582059,-0.772850,-0.252807,-0.730970,0.633502,-0.253690,,,0.000000,,,,0.00,,,
16111,,,,,,,,,,,,,,-8.971312,-2.994014,-2.487509,0.365691,0.406701,-0.048615,1.001953,0.012695,-0.069824,-0.089695,-0.030007,-0.024860,,0.355455,0.038276,-0.933909,-0.578444,-0.775834,-0.251959,-0.734203,0.629775,-0.253634,,,0.000000,,,,0.00,,,
16112,,,,,,,,,,,,,,-8.882649,-3.054988,-2.671333,0.573703,0.353476,-0.070186,1.002197,0.006348,-0.067383,-0.088812,-0.030608,-0.026696,99938.0000,0.354577,0.039204,-0.934205,-0.574824,-0.778875,-0.250860,-0.737464,0.625952,-0.253635,,,0.000000,,,,0.00,,,
16113,,,,,,,,,,,,,,-8.944320,-3.039166,-2.766182,0.613718,0.284149,0.007279,0.995605,0.010498,-0.067627,-0.089434,-0.030434,-0.027646,,0.354243,0.040912,-0.934258,-0.571001,-0.781721,-0.250739,-0.740588,0.622285,-0.253558,,,0.000000,,,,0.00,,,
16114,,,,,,,,,,,,,,-8.989548,-2.924615,-2.812055,0.567568,0.171293,0.032185,0.995605,0.008301,-0.072021,-0.089896,-0.029265,-0.028100,99941.0000,0.354051,0.042267,-0.934271,-0.567409,-0.784405,-0.250512,-0.743435,0.618808,-0.253736,,,0.000000,,,,0.00,,,
16115,,,,,,,,,,,,,,-9.031198,-2.853323,-2.875856,0.552732,0.074246,0.069798,0.995605,0.014648,-0.072266,-0.090323,-0.028529,-0.028727,,0.354741,0.044089,-0.933925,-0.563836,-0.786723,-0.251307,-0.745820,0.615729,-0.254224,,,0.000000,,,,0.00,,,
16116,,,,,,,,,,,,,,-9.022800,-2.886956,-2.953613,0.624656,0.054633,0.090649,0.993408,0.014648,-0.072266,-0.090250,-0.028840,-0.029499,99936.0000,0.355529,0.045586,-0.933553,-0.560802,-0.788642,-0.252082,-0.747730,0.613161,-0.254821,,,0.000000,,,,0.00,,,
16117,,,,,,,,,,,,,,-8.943555,-2.664804,-2.952084,0.510987,-0.123409,-0.038906,0.995605,0.012695,-0.070068,-0.089464,-0.026588,-0.029490,,0.357100,0.047768,-0.932844,-0.557981,-0.790009,-0.254054,-0.749090,0.611232,-0.255459,,,0.000000,,,,0.00,,,
16118,,,,,,,,,,,,,,-8.907904,-2.510607,-2.952249,0.422554,-0.250683,-0.110716,1.003906,0.014648,-0.067871,-0.089115,-0.025026,-0.029482,99947.0000,0.358701,0.049673,-0.932130,-0.555284,-0.791327,-0.255853,-0.750329,0.609372,-0.256267,,,0.000000,,,,0.00,,,
16119,,,,,,,,,,,,,,-8.842764,-2.410606,-2.872597,0.305879,-0.289175,-0.216851,0.997314,0.023193,-0.072510,-0.088472,-0.024013,-0.028668,,0.361246,0.052007,-0.931019,-0.551991,-0.792781,-0.258464,-0.751537,0.607283,-0.257682,,,0.000000,,,,0.00,,,
16120,,,,,,,,,,,,,,-8.844207,-2.319605,-2.857346,0.219545,-0.359598,-0.242556,1.001465,0.020996,-0.061523,-0.088494,-0.023096,-0.028494,99941.0000,0.363748,0.054025,-0.929930,-0.548425,-0.794529,-0.260679,-0.752939,0.604818,-0.259379,,,0.000000,,,,0.00,,,
16121,,,,,,,,,,,,,,-8.826135,-2.239591,-2.923419,0.198709,-0.470956,-0.262743,1.003418,0.023193,-0.065918,-0.088318,-0.022292,-0.029142,,0.367086,0.056225,-0.928486,-0.544579,-0.796235,-0.263521,-0.754110,0.602369,-0.261668,,,0.000000,,,,0.00,,,
16122,,,,,,,,,,,,,,-8.853873,-2.267766,-3.033600,0.257782,-0.523776,-0.200420,0.998779,0.037842,-0.064209,-0.088597,-0.022564,-0.030251,99936.0000,0.369883,0.058288,-0.927248,-0.541235,-0.797675,-0.266044,-0.755149,0.600265,-0.263499,,,0.000000,,,,0.00,,,
16123,,,,,,,,,,,,,,-9.016644,-2.231573,-3.204729,0.272489,-0.677986,-0.013908,1.005371,0.031494,-0.068359,-0.090223,-0.022181,-0.031980,,0.373151,0.060691,-0.925784,-0.538437,-0.798453,-0.269368,-0.755542,0.598991,-0.265265,,,0.000000,,,,0.00,,,
16124,,,,,,,,,,,,,,-9.251267,-2.136490,-3.320555,0.192598,-0.855462,0.207672,0.998535,0.040039,-0.062256,-0.092567,-0.021198,-0.033160,99938.0000,0.375817,0.063185,-0.924537,-0.536654,-0.798515,-0.272719,-0.755489,0.598649,-0.266187,,,0.000000,,,,0.00,,,
16125,,,,,,,,,,,,,,-9.443873,-1.984927,-3.428905,0.086738,-1.079666,0.371158,1.000488,0.046387,-0.060059,-0.094489,-0.019648,-0.034265,,0.378904,0.065966,-0.923082,-0.535646,-0.797760,-0.276880,-0.754662,0.599356,-0.266940,,,0.000000,,,,0.00,,,
16126,,,,,,,,,,,,,,-9.628119,-1.834763,-3.408588,-0.106321,-1.232933,0.490414,1.000488,0.048340,-0.064697,-0.096322,-0.018122,-0.034090,99936.0000,0.381229,0.069024,-0.921900,-0.535523,-0.796374,-0.281078,-0.753578,0.600853,-0.266637,,,0.000000,,,,0.00,,,
16127,,,,,,,,,,,,,,-9.794685,-1.827631,-3.483152,-0.146791,-1.334189,0.656631,1.000488,0.048340,-0.060303,-0.097976,-0.018036,-0.034875,,0.383525,0.072323,-0.920694,-0.535828,-0.794550,-0.285619,-0.752195,0.602876,-0.265977,,,0.000000,,,,0.00,,,
16128,,,,,,,,,,,,,,-9.837703,-1.914851,-3.325348,-0.252767,-1.218189,0.673347,0.998291,0.050537,-0.060303,-0.098395,-0.018917,-0.033333,99941.0000,0.384677,0.075671,-0.919944,-0.537167,-0.792137,-0.289776,-0.750650,0.605634,-0.264069,,,0.000000,,,,0.00,,,
16129,,,,,,,,,,,,,,-9.752690,-2.107678,-3.238611,-0.197246,-1.048962,0.623138,1.000244,0.054688,-0.060547,-0.097538,-0.020863,-0.032491,,0.385748,0.078419,-0.919266,-0.539027,-0.789485,-0.293537,-0.748765,0.608740,-0.262272,,,0.000000,,,,0.00,,,
16130,,,,,,,,,,,,,,-9.546711,-2.495823,-3.404654,0.210535,-0.875906,0.586771,1.002441,0.054688,-0.066895,-0.095473,-0.024746,-0.034183,99942.0000,0.385987,0.081301,-0.918915,-0.542082,-0.785999,-0.297241,-0.746432,0.612859,-0.259313,,,0.000000,,,,0.00,,,
16131,,,,,,,,,,,,,,-9.667478,-2.988349,-3.575387,0.552629,-0.652250,0.885099,1.002197,0.061035,-0.071533,-0.096682,-0.029648,-0.035930,,0.386484,0.083593,-0.918500,-0.546174,-0.781738,-0.300964,-0.743185,0.617979,-0.256473,,,0.000000,,,,0.00,,,
16132,,,,,,,,,,,,,,-9.651670,-3.548110,-3.824066,1.048521,-0.434189,1.099640,1.000000,0.058838,-0.069336,-0.096540,-0.035175,-0.038463,99946.0000,0.386960,0.086973,-0.917986,-0.551102,-0.776360,-0.305862,-0.739289,0.624261,-0.252489,,,0.000000,,,,0.00,,,
16133,,,,,,,,,,,,,,-9.349827,-3.737096,-3.936275,1.339381,-0.407526,0.907328,0.997803,0.065186,-0.071777,-0.093557,-0.036988,-0.039584,,0.388954,0.090526,-0.916799,-0.556021,-0.770402,-0.311964,-0.734544,0.631099,-0.249317,,,0.000000,,,,0.00,,,
16134,,,,,,,,,,,,,,-9.199714,-3.559835,-3.738027,1.132140,-0.486280,0.664014,1.003906,0.067383,-0.069580,-0.092087,-0.035232,-0.037505,99938.0000,0.391877,0.093235,-0.915281,-0.561120,-0.764177,-0.318086,-0.729093,0.638233,-0.247147,,,0.000000,,,,0.00,,,
16135,,,,,,,,,,,,,,-9.217210,-3.655300,-3.317170,0.835176,-0.204331,0.607591,1.001953,0.065186,-0.069580,-0.092266,-0.036261,-0.033231,,0.395671,0.094502,-0.913517,-0.564804,-0.759308,-0.323183,-0.724183,0.643833,-0.247061,,,0.000000,,,,0.00,,,
16136,,,,,,,,,,,,,,-9.228580,-4.047315,-2.920006,0.736118,0.299939,0.648759,1.003662,0.077881,-0.069824,-0.092371,-0.040245,-0.029246,99940.0000,0.398436,0.096169,-0.912141,-0.567272,-0.755628,-0.327459,-0.720730,0.647903,-0.246515,,,0.000000,,,,0.00,,,
16137,,,,,,,,,,,,,,-9.235072,-4.363432,-2.801146,0.796227,0.581347,0.732474,1.005615,0.082031,-0.067871,-0.092429,-0.043441,-0.028056,,0.401360,0.097478,-0.910718,-0.568517,-0.753077,-0.331154,-0.718121,0.650672,-0.246837,,,0.000000,,,,0.00,,,
16138,,,,,,,,,,,,,,-8.803063,-4.282436,-2.416222,0.628534,0.781218,0.220551,0.999268,0.080078,-0.072266,-0.088090,-0.042682,-0.024196,99939.0000,0.403053,0.099215,-0.909783,-0.569121,-0.751332,-0.334067,-0.716694,0.652423,-0.246361,,,0.000000,,,,0.00,,,
16139,,,,,,,,,,,,,,-8.614870,-4.246546,-2.310539,0.586069,0.827555,0.013776,0.995117,0.080078,-0.070068,-0.086187,-0.042399,-0.023087,,0.404743,0.100278,-0.908916,-0.567465,-0.751881,-0.335647,-0.717054,0.651628,-0.247414,,,0.000000,,,,0.00,,,
16140,,,,,,,,,,,,,,-8.473715,-4.222147,-2.406391,0.683860,0.757708,-0.097787,0.999268,0.082031,-0.070068,-0.084773,-0.042185,-0.024002,99936.0000,0.405760,0.101271,-0.908352,-0.565113,-0.753305,-0.336420,-0.718336,0.649827,-0.248432,,,0.000000,,,,0.00,,,
16141,,,,,,,,,,,,,,-8.313286,-4.026421,-2.430907,0.631876,0.612468,-0.301763,1.000977,0.090576,-0.063721,-0.083182,-0.040200,-0.024247,,0.407777,0.102742,-0.907283,-0.561927,-0.754958,-0.338050,-0.719692,0.647675,-0.250121,,,0.000000,,,,0.00,,,
16142,,,,,,,,,,,,,,-8.202143,-3.489781,-2.495357,0.400430,0.174275,-0.566620,1.000977,0.088379,-0.068115,-0.082076,-0.034822,-0.024879,99941.0000,0.409635,0.104611,-0.906231,-0.558426,-0.756777,-0.339779,-0.721360,0.645248,-0.251585,,,0.000000,,,,0.00,,,
16143,,,,,,,,,,,,,,-7.984027,-3.152626,-2.599872,0.346139,-0.126129,-0.851253,0.998779,0.094727,-0.063965,-0.079894,-0.031456,-0.025920,,0.412356,0.106467,-0.904780,-0.554075,-0.759043,-0.341839,-0.723162,0.642276,-0.254005,,,0.000000,,,,0.00,,,
16144,,,,,,,,,,,,,,-7.959395,-3.282447,-2.740316,0.506552,-0.115712,-0.792392,1.002686,0.098877,-0.066406,-0.079648,-0.032763,-0.027318,99934.0000,0.414224,0.108639,-0.903668,-0.549538,-0.761607,-0.343458,-0.725553,0.638869,-0.255774,,,0.000000,,,,0.00,,,
16145,,,,,,,,,,,,,,-7.929726,-3.404526,-2.858415,0.640881,-0.093477,-0.745032,0.996338,0.101074,-0.068604,-0.079354,-0.033981,-0.028503,,0.416803,0.110849,-0.902213,-0.544682,-0.764159,-0.345518,-0.727734,0.635432,-0.258126,,,0.000000,,,,0.00,,,
16146,,,,,,,,,,,,,,-7.952547,-3.523620,-2.967138,0.751559,-0.076543,-0.653426,0.998291,0.101074,-0.059814,-0.079588,-0.035156,-0.029598,99948.0000,0.418756,0.113367,-0.900994,-0.540501,-0.766175,-0.347613,-0.729727,0.632553,-0.259566,,,0.000000,,,,0.00,,,
16147,,,,,,,,,,,,,,-7.973764,-3.646678,-3.073482,0.855204,-0.058002,-0.561165,0.996094,0.103027,-0.057861,-0.079807,-0.036361,-0.030681,,0.421464,0.116054,-0.899389,-0.536589,-0.767608,-0.350501,-0.731055,0.630325,-0.261245,,,0.000000,,,,0.00,,,
16148,,,,,,,,,,,,,,-8.077114,-3.780875,-3.005894,0.809116,0.062477,-0.436572,0.998291,0.105225,-0.062256,-0.080845,-0.037685,-0.030016,99941.0000,0.423467,0.119308,-0.898021,-0.532896,-0.768834,-0.353435,-0.732596,0.628220,-0.261997,,,0.000000,,,,0.00,,,
16149,,,,,,,,,,,,,,-8.082089,-3.840562,-3.050278,0.839811,0.063057,-0.396482,1.002197,0.113770,-0.064697,-0.080894,-0.038261,-0.030492,,0.426033,0.122509,-0.896375,-0.529852,-0.769303,-0.356973,-0.733316,0.627028,-0.262837,,,0.000000,,,,0.00,,,
16150,,,,,,,,,,,,,,-8.135933,-3.949014,-2.966031,0.789903,0.167292,-0.329364,1.000000,0.115723,-0.058105,-0.081436,-0.039325,-0.029669,99941.0000,0.427817,0.126358,-0.894990,-0.527218,-0.769401,-0.360644,-0.734176,0.626144,-0.262545,,,0.000000,,,,0.00,,,
16151,,,,,,,,,,,,,,-8.114737,-4.074691,-2.965240,0.833671,0.238633,-0.299926,0.997559,0.124268,-0.069336,-0.081230,-0.040567,-0.029674,,0.430455,0.130198,-0.893173,-0.524583,-0.769176,-0.364940,-0.734521,0.625633,-0.262796,,,0.000000,,,,0.00,,,
16152,,,,,,,,,,,,,,-8.119541,-4.151799,-2.947189,0.835075,0.276713,-0.269300,0.995117,0.130615,-0.060791,-0.081284,-0.041337,-0.029482,99944.0000,0.432400,0.134336,-0.891619,-0.521841,-0.769126,-0.368953,-0.735331,0.624819,-0.262468,,,0.000000,,,,0.00,,,
16153,,,,,,,,,,,,,,-7.993434,-4.087223,-2.992713,0.855569,0.186503,-0.389854,1.003418,0.134766,-0.065430,-0.080024,-0.040699,-0.029923,,0.435228,0.138385,-0.889622,-0.518353,-0.769399,-0.373276,-0.736130,0.623598,-0.263132,,,0.000000,,,,0.00,,,
16154,,,,,,,,,,,,,,-7.964078,-4.036123,-3.148327,0.930002,0.028786,-0.391277,0.992920,0.136719,-0.072021,-0.079727,-0.040210,-0.031457,99941.0000,0.437278,0.142213,-0.888011,-0.514765,-0.770085,-0.376810,-0.737431,0.621888,-0.263535,,,0.000000,,,,0.00,,,
16155,,,,,,,,,,,,,,-7.894277,-3.948829,-3.400491,1.065960,-0.204784,-0.415991,0.994629,0.143066,-0.065674,-0.079029,-0.039352,-0.033961,,0.440266,0.145650,-0.885975,-0.510697,-0.770967,-0.380523,-0.738481,0.619996,-0.265048,,,0.000000,,,,0.00,,,
16156,,,,,,,,,,,,,,-7.733358,-3.898605,-3.557539,1.200371,-0.333372,-0.533252,1.000977,0.145264,-0.063477,-0.077414,-0.038870,-0.035526,99938.0000,0.442343,0.148845,-0.884408,-0.507009,-0.771927,-0.383498,-0.739780,0.618041,-0.265991,,,0.000000,,,,0.00,,,
16157,,,,,,,,,,,,,,-7.678950,-3.896417,-3.606251,1.224805,-0.369005,-0.565147,0.998535,0.153809,-0.063721,-0.076867,-0.038859,-0.036012,,0.445259,0.151537,-0.882486,-0.503293,-0.772792,-0.386638,-0.740568,0.616303,-0.267824,,,0.000000,,,,0.00,,,
16158,,,,,,,,,,,,,,-7.624916,-3.994899,-3.705822,1.347402,-0.356988,-0.545073,0.994385,0.151611,-0.063721,-0.076327,-0.039855,-0.036999,99945.0000,0.447315,0.153909,-0.881034,-0.500255,-0.773521,-0.389115,-0.741387,0.614799,-0.269014,,,0.000000,,,,0.00,,,
16159,,,,,,,,,,,,,,-7.356016,-3.992436,-3.791954,1.496922,-0.377594,-0.754761,0.994385,0.153564,-0.068359,-0.073633,-0.039845,-0.037861,,0.450276,0.155460,-0.879252,-0.497571,-0.773969,-0.391657,-0.741401,0.613843,-0.271147,,,0.000000,,,,0.00,,,
16160,,,,,,,,,,,,,,-7.124509,-3.912831,-3.635472,1.424004,-0.311720,-1.028580,0.994141,0.157959,-0.068359,-0.071307,-0.039076,-0.036289,99932.0000,0.452124,0.156461,-0.878125,-0.495576,-0.774489,-0.393155,-0.741612,0.612933,-0.272627,,,0.000000,,,,0.00,,,
16161,,,,,,,,,,,,,,-6.833018,-3.933009,-3.284764,1.280073,-0.032357,-1.368239,0.994141,0.159912,-0.064209,-0.068372,-0.039319,-0.032774,,0.454311,0.156610,-0.876969,-0.493314,-0.775480,-0.394046,-0.741783,0.611640,-0.275052,,,0.000000,,,,0.00,,,
16162,,,,,,,,,,,,,,-6.558795,-4.290199,-3.049936,1.393036,0.440801,-1.530730,0.998535,0.153809,-0.059570,-0.065611,-0.042925,-0.030417,99936.0000,0.455292,0.156015,-0.876566,-0.491768,-0.776657,-0.393659,-0.742208,0.610297,-0.276882,,,0.000000,,,,0.00,,,
16163,,,,,,,,,,,,,,-6.445609,-4.556128,-3.040210,1.550722,0.685842,-1.525836,1.000244,0.162109,-0.057617,-0.064459,-0.045602,-0.030334,,0.456724,0.154634,-0.876066,-0.490732,-0.777600,-0.393090,-0.742014,0.609448,-0.279265,,,0.000000,,,,0.00,,,
16164,,,,,,,,,,,,,,-6.398116,-4.780808,-3.001123,1.650602,0.906095,-1.490835,0.993896,0.157959,-0.053223,-0.063965,-0.047858,-0.029966,99940.0000,0.456600,0.153494,-0.876331,-0.490341,-0.778477,-0.391840,-0.742349,0.608615,-0.280188,,,0.000000,,,,0.00,,,
16165,,,,,,,,,,,,,,-6.557095,-5.069103,-3.112305,1.793611,1.052501,-1.207287,0.996338,0.153564,-0.055176,-0.065540,-0.050747,-0.031097,,0.457070,0.152425,-0.876272,-0.489719,-0.779292,-0.390997,-0.742470,0.607841,-0.281546,,,0.000000,,,,0.00,,,
16166,,,,,,,,,,,,,,-6.701528,-5.205067,-3.336849,1.967148,1.011721,-0.967095,0.991943,0.155762,-0.057373,-0.066978,-0.052104,-0.033360,99946.0000,0.456047,0.152051,-0.876870,-0.489304,-0.780171,-0.389763,-0.743373,0.606806,-0.281396,,,0.000000,,,,0.00,,,
16167,,,,,,,,,,,,,,-7.013527,-5.290962,-3.569301,2.036959,0.899736,-0.595041,0.996338,0.151611,-0.057129,-0.070098,-0.052961,-0.035690,,0.455942,0.152107,-0.876915,-0.488158,-0.781118,-0.389302,-0.744190,0.605573,-0.281892,,,0.000000,,,,0.00,,,
16168,,,,,,,,,,,,,,-7.240557,-5.314896,-3.830274,2.147296,0.734918,-0.315646,0.996338,0.153564,-0.065918,-0.072373,-0.053195,-0.038301,99936.0000,0.454714,0.152883,-0.877418,-0.486667,-0.782426,-0.388542,-0.745916,0.603686,-0.281377,,,0.000000,,,,0.00,,,
16169,,,,,,,,,,,,,,-7.430532,-5.390896,-3.931858,2.168687,0.710120,-0.090208,0.998535,0.155762,-0.061768,-0.074280,-0.053945,-0.039317,,0.454676,0.154089,-0.877226,-0.484496,-0.783658,-0.388773,-0.747351,0.601778,-0.281655,,,0.000000,,,,0.00,,,
16170,,,,,,,,,,,,,,-7.569776,-5.489941,-3.934484,2.160409,0.769732,0.069684,0.994141,0.155762,-0.063965,-0.075682,-0.054919,-0.039348,99938.0000,0.453551,0.155960,-0.877478,-0.482127,-0.785129,-0.388749,-0.749563,0.599373,-0.280904,,,0.000000,,,,0.00,,,
16171,,,,,,,,,,,,,,-7.544904,-5.545659,-3.899646,2.161810,0.838953,0.062022,1.000488,0.155762,-0.066162,-0.075443,-0.055465,-0.038995,,0.453798,0.158242,-0.876942,-0.479000,-0.786522,-0.389797,-0.751417,0.596944,-0.281124,,,0.000000,,,,0.00,,,
16172,,,,,,,,,,,,,,-7.610027,-5.462923,-3.832292,2.042402,0.805765,0.067689,0.996338,0.159912,-0.070557,-0.076102,-0.054634,-0.038313,99943.0000,0.452862,0.160813,-0.876958,-0.475691,-0.788325,-0.390207,-0.754078,0.593871,-0.280505,,,0.000000,,,,0.00,,,
16173,,,,,,,,,,,,,,-7.532738,-5.375923,-3.716187,1.933394,0.819594,-0.063688,1.000488,0.162109,-0.070557,-0.075328,-0.053774,-0.037139,,0.453147,0.163546,-0.876305,-0.471496,-0.790296,-0.391310,-0.756538,0.590495,-0.281009,,,0.000000,,,,0.00,,,
16174,,,,,,,,,,,,,,-7.544870,-5.274722,-3.792823,1.936757,0.700448,-0.071455,0.996338,0.157959,-0.074951,-0.075441,-0.052786,-0.037890,99940.0000,0.451956,0.166099,-0.876440,-0.467133,-0.792955,-0.391165,-0.759949,0.586203,-0.280790,,,0.000000,,,,0.00,,,
16175,,,,,,,,,,,,,,-7.569844,-5.124493,-3.930106,1.945946,0.508227,-0.067756,0.994141,0.162109,-0.074951,-0.075675,-0.051317,-0.039252,,0.451851,0.168287,-0.876077,-0.462268,-0.795745,-0.391278,-0.762981,0.581781,-0.281764,,,0.000000,,,,0.00,,,
16176,,,,,,,,,,,,,,-7.661455,-4.846887,-4.234755,2.012813,0.116788,-0.011757,0.998291,0.164307,-0.081543,-0.076572,-0.048583,-0.042293,99944.0000,0.450184,0.169782,-0.876646,-0.457722,-0.799084,-0.389814,-0.766698,0.576748,-0.282022,,,0.000000,,,,0.00,,,
16177,,,,,,,,,,,,,,-7.806746,-4.555112,-4.503903,2.015181,-0.271279,0.078967,0.994141,0.162109,-0.074951,-0.078008,-0.045697,-0.044994,,0.449547,0.170928,-0.876750,-0.453041,-0.802286,-0.388704,-0.769845,0.571944,-0.283228,,,0.000000,,,,0.00,,,
16178,,,,,,,,,,,,,,-7.920204,-4.184117,-4.460412,1.777268,-0.532849,0.020370,0.994141,0.164307,-0.079590,-0.079133,-0.041998,-0.044580,99942.0000,0.447267,0.171890,-0.877728,-0.448699,-0.805807,-0.386451,-0.773706,0.566682,-0.283283,,,0.000000,,,,0.00,,,
16179,,,,,,,,,,,,,,-8.142972,-3.922171,-4.394717,1.512408,-0.715853,0.097157,1.000488,0.162109,-0.081543,-0.081356,-0.039395,-0.043929,,0.446200,0.172792,-0.878094,-0.443739,-0.809360,-0.384750,-0.777175,0.561320,-0.284462,,,0.000000,,,,0.00,,,
16180,,,,,,,,,,,,,,-8.289738,-3.912088,-4.217704,1.324066,-0.615091,0.171379,0.991943,0.164307,-0.083984,-0.082824,-0.039311,-0.042144,99940.0000,0.443700,0.173589,-0.879203,-0.438394,-0.813620,-0.381881,-0.781627,0.554878,-0.284903,,,0.000000,,,,0.00,,,
16181,,,,,,,,,,,,,,-8.319051,-3.977567,-4.127967,1.272193,-0.479409,0.198271,0.994385,0.159912,-0.085938,-0.083116,-0.039982,-0.041230,,0.442523,0.174325,-0.879650,-0.432076,-0.818106,-0.379492,-0.785802,0.548009,-0.286709,,,0.000000,,,,0.00,,,
16182,,,,,,,,,,,,,,-8.253518,-4.187904,-4.009945,1.315809,-0.187635,0.185913,0.994385,0.159912,-0.094727,-0.082457,-0.042094,-0.040035,99940.0000,0.439807,0.175039,-0.880870,-0.425691,-0.823012,-0.376084,-0.790795,0.540382,-0.287454,,,0.000000,,,,0.00,,,
16183,,,,,,,,,,,,,,-8.161218,-4.377136,-3.981355,1.416419,0.044561,0.167671,0.996582,0.159912,-0.090332,-0.081528,-0.043995,-0.039739,,0.438142,0.175690,-0.881569,-0.418848,-0.827843,-0.373151,-0.795360,0.532737,-0.289126,,,0.000000,,,,0.00,,,
16184,,,,,,,,,,,,,,-7.939162,-4.517568,-3.965274,1.575657,0.258159,0.016480,0.994385,0.159912,-0.090332,-0.079294,-0.045414,-0.039575,99936.0000,0.434936,0.176039,-0.883086,-0.412427,-0.832845,-0.369151,-0.800459,0.524766,-0.289632,,,0.000000,,,,0.00,,,
16185,,,,,,,,,,,,,,-7.661114,-4.511098,-4.032599,1.755156,0.316391,-0.214585,0.994629,0.155762,-0.098877,-0.076482,-0.045367,-0.040283,,0.432192,0.176179,-0.884404,-0.406300,-0.837504,-0.365387,-0.805066,0.517251,-0.290381,,,0.000000,,,,0.00,,,
16186,,,,,,,,,,,,,,-7.669816,-4.543413,-4.354425,2.057694,0.226954,-0.109919,0.996826,0.153809,-0.100830,-0.076519,-0.045714,-0.043567,99938.0000,0.426766,0.176426,-0.886986,-0.401265,-0.842016,-0.360547,-0.810467,0.509786,-0.288550,,,0.000000,,,,0.00,,,
16187,,,,,,,,,,,,,,-7.887372,-4.646125,-4.432925,2.107876,0.280866,0.133438,0.990723,0.147461,-0.107178,-0.078641,-0.046746,-0.044443,,0.421130,0.176751,-0.889611,-0.397362,-0.845735,-0.356140,-0.815324,0.503479,-0.285930,,,0.000000,,,,0.00,,,
16188,,,,,,,,,,,,,,-8.708309,-5.305604,-3.685691,1.485449,1.107915,0.870652,0.997314,0.143311,-0.115723,-0.086826,-0.053320,-0.037080,99939.0000,0.412909,0.177301,-0.893348,-0.395214,-0.848829,-0.351134,-0.820556,0.498050,-0.280417,,,0.000000,,,,0.00,,,
16189,,,,,,,,,,,,,,-9.920479,-5.562672,-2.895030,0.506797,1.522248,1.813391,0.990967,0.145264,-0.122559,-0.098997,-0.055819,-0.029288,,0.405976,0.178859,-0.896211,-0.393972,-0.850604,-0.348223,-0.824603,0.494452,-0.274859,,,0.000000,,,,0.00,,,
16190,,,,,,,,,,,,,,-11.338663,-4.791800,-2.569949,-0.549952,0.769759,2.726673,0.993164,0.147461,-0.135498,-0.113235,-0.048046,-0.026125,99938.0000,0.398420,0.181263,-0.899114,-0.393418,-0.851747,-0.346047,-0.828543,0.491600,-0.268041,,,0.000000,,,,0.00,,,
16191,,,,,,,,,,,,,,-12.591499,-4.265220,-2.819061,-0.977980,-0.048491,3.741854,0.995361,0.145264,-0.135498,-0.125788,-0.042753,-0.028602,,0.393259,0.183823,-0.900864,-0.392354,-0.852564,-0.345244,-0.831508,0.489228,-0.263155,,,0.000000,,,,0.00,,,
16192,,,,,,,,,,,,,,-13.949359,-4.300076,-2.725826,-1.499031,-0.239327,4.958928,0.989502,0.138916,-0.141846,-0.139407,-0.043076,-0.027579,99936.0000,0.388592,0.185774,-0.902488,-0.390920,-0.853703,-0.344053,-0.834373,0.486496,-0.259120,,,0.000000,,,,0.00,,,
16193,,,,,,,,,,,,,,-13.908717,-4.054665,-2.740867,-1.534251,-0.464352,4.844577,0.991211,0.145264,-0.142090,-0.139045,-0.040570,-0.027587,,0.387208,0.187290,-0.902769,-0.389402,-0.854315,-0.344256,-0.835725,0.484839,-0.257867,,,0.000000,,,,0.00,,,
16194,,,,,,,,,,,,,,-13.964756,-2.540381,-2.836964,-2.039056,-1.824986,4.400967,0.991455,0.141113,-0.141846,-0.139630,-0.025400,-0.028460,99941.0000,0.386002,0.188301,-0.903075,-0.388113,-0.854941,-0.344156,-0.836882,0.483340,-0.256927,,,0.000000,,,,0.00,,,
16195,,,,,,,,,,,,,,-12.133734,-1.607904,-2.929458,-1.617323,-2.327868,2.449444,0.987061,0.145264,-0.144287,-0.121323,-0.016096,-0.029345,,0.386219,0.188858,-0.902866,-0.386641,-0.855530,-0.344350,-0.837462,0.482080,-0.257402,,,0.000000,,,,0.00,,,
16196,,,,,,,,,,,,,,-9.345675,-1.198323,-2.647760,-0.925912,-2.013531,-0.279764,0.991455,0.145264,-0.146484,-0.093448,-0.012020,-0.026491,99936.0000,0.385635,0.188413,-0.903209,-0.386574,-0.855866,-0.343590,-0.837762,0.481658,-0.257216,,,0.000000,,,,0.00,,,
16197,,,,,,,,,,,,,,-7.940480,-0.722435,-2.058179,-1.065130,-1.862977,-1.862591,0.989258,0.141113,-0.141846,-0.079403,-0.007290,-0.020567,,0.386111,0.186286,-0.903447,-0.388757,-0.855312,-0.342505,-0.836533,0.483466,-0.257825,,,0.000000,,,,0.00,,,
16198,,,,,,,,,,,,,,-7.013918,-0.635797,-1.301818,-1.368849,-1.380775,-2.919670,0.995850,0.138916,-0.144043,-0.070132,-0.006478,-0.012997,99942.0000,0.385262,0.182138,-0.904654,-0.394154,-0.853927,-0.339782,-0.834396,0.487478,-0.257195,,,0.000000,,,,0.00,,,
16199,,,,,,,,,,,,,,-6.672811,-0.916837,-0.751704,-1.579202,-0.782452,-3.268543,0.992188,0.124268,-0.143555,-0.066701,-0.009355,-0.007527,,0.384136,0.176193,-0.906309,-0.402521,-0.851463,-0.336138,-0.830913,0.493931,-0.256156,,,0.000000,,,,0.00,,,
16200,,,,,,,,,,,,,,-6.960226,-1.595725,-0.609171,-1.504442,-0.151309,-2.807284,0.990479,0.115723,-0.147705,-0.069536,-0.016204,-0.006192,99934.0000,0.380376,0.169669,-0.909135,-0.413872,-0.847872,-0.331396,-0.827058,0.502320,-0.252289,,,0.000000,,,,0.00,,,
16201,,,,,,,,,,,,,,-7.439086,-2.370885,-0.454162,-1.444381,0.537612,-2.145118,0.988770,0.105225,-0.147217,-0.074282,-0.024006,-0.004751,,0.375658,0.163144,-0.912286,-0.426309,-0.843633,-0.326411,-0.822886,0.511535,-0.247368,,,0.000000,,,,0.00,,,
16202,,,,,,,,,,,,,,-7.458688,-3.198556,-0.135383,-1.283569,1.426303,-1.926083,0.993164,0.099121,-0.155762,-0.074443,-0.032304,-0.001651,99936.0000,0.369259,0.157345,-0.915910,-0.438816,-0.839251,-0.321089,-0.819200,0.520481,-0.240856,,,0.000000,,,,0.00,,,
16203,,,,,,,,,,,,,,-7.598167,-3.778833,0.253432,-1.312546,2.120836,-1.697615,0.993652,0.088379,-0.151123,-0.075827,-0.038118,0.002199,,0.362890,0.152290,-0.919303,-0.449792,-0.835385,-0.315941,-0.816087,0.528147,-0.234654,,,0.000000,,,,0.00,,,
16204,,,,,,,,,,,,,,-8.064671,-3.730752,0.625596,-1.714515,2.230065,-1.360745,0.996094,0.077881,-0.161621,-0.080525,-0.037621,0.005937,99942.0000,0.355409,0.148831,-0.922786,-0.457476,-0.833220,-0.310582,-0.815107,0.532536,-0.228047,,,0.000000,,,,0.00,,,
16205,,,,,,,,,,,,,,-8.881483,-3.597701,0.549532,-1.921600,1.977941,-0.619171,0.990234,0.071533,-0.167969,-0.088714,-0.036270,0.005182,,0.348168,0.146557,-0.925905,-0.461944,-0.832634,-0.305498,-0.815713,0.534081,-0.222195,,,0.000000,,,,0.00,,,
16206,,,,,,,,,,,,,,-9.647979,-3.314144,0.286499,-2.016677,1.511313,0.076566,0.986084,0.067383,-0.169922,-0.096372,-0.033479,0.002548,99941.0000,0.339712,0.144089,-0.929427,-0.464929,-0.833288,-0.299119,-0.817580,0.533732,-0.216087,,,0.000000,,,,0.00,,,
16207,,,,,,,,,,,,,,-9.766847,-2.388924,0.118699,-2.263744,0.663449,-0.037882,0.986572,0.056885,-0.176270,-0.097576,-0.024273,0.000894,,0.331369,0.140873,-0.932925,-0.466944,-0.834720,-0.291899,-0.819852,0.532350,-0.210820,,,0.000000,,,,0.00,,,
