// Start Time: Unknown
// Update Rate: 100.0Hz
// Filter Profile: human (46.1)
// Firmware Version: 4.6.0
PacketCounter,SampleTimeFine,Year,Month,Day,Second,UTC_Nano,UTC_Year,UTC_Month,UTC_Day,UTC_Hour,UTC_Minute,UTC_Second,UTC_Valid,Acc_X,Acc_Y,Acc_Z,FreeAcc_X,FreeAcc_Y,FreeAcc_Z,Mag_X,Mag_Y,Mag_Z,VelInc_X,VelInc_Y,VelInc_Z,Pressure,Mat[1][1],Mat[2][1],Mat[3][1],Mat[1][2],Mat[2][2],Mat[3][2],Mat[1][3],Mat[2][3],Mat[3][3],Latitude,Longitude,Altitude,Vel_X,Vel_Y,Vel_Z,Temperature,GyrTemp_X,GyrTemp_Y,GyrTemp_Z
63524,,,,,,,,,,,,,,-9.793088,1.837450,-0.738685,0.000000,-0.000000,0.178632,0.785400,-0.422363,-0.154053,-0.097926,0.018389,-0.007415,99864.0000,-0.101707,-0.170404,-0.980111,-0.786988,-0.588876,0.184049,-0.608527,0.790055,-0.074213,,,0.000000,,,,0.00,,,
63525,,,,,,,,,,,,,,-9.832168,1.852007,-0.738754,0.035848,0.031171,0.219509,0.781250,-0.428711,-0.151611,-0.098318,0.018537,-0.007394,,-0.106086,-0.173053,-0.979182,-0.786878,-0.587431,0.189070,-0.607921,0.790555,-0.073854,,,0.000000,,,,0.00,,,
63526,,,,,,,,,,,,,,-9.813988,1.774208,-0.640450,0.032613,0.149099,0.179763,0.781006,-0.420166,-0.149658,-0.098137,0.017760,-0.006399,99861.0000,-0.105485,-0.173079,-0.979243,-0.785998,-0.588720,0.188723,-0.609164,0.789590,-0.073939,,,0.000000,,,,0.00,,,
63527,,,,,,,,,,,,,,-9.828679,1.750816,-0.588153,0.016349,0.206355,0.185881,0.778809,-0.420166,-0.154053,-0.098285,0.017527,-0.005863,,-0.104706,-0.173329,-0.979282,-0.785040,-0.590104,0.188383,-0.610531,0.788501,-0.074283,,,0.000000,,,,0.00,,,
63528,,,,,,,,,,,,,,-9.759786,1.683903,-0.477820,-0.011748,0.322395,0.097569,0.783203,-0.424316,-0.149414,-0.097596,0.016859,-0.004748,99861.0000,-0.103761,-0.173758,-0.979307,-0.784062,-0.591517,0.188027,-0.611948,0.787347,-0.074861,,,0.000000,,,,0.00,,,
63529,,,,,,,,,,,,,,-9.767592,1.591475,-0.508161,0.072230,0.357408,0.090035,0.781006,-0.422363,-0.147217,-0.097674,0.015939,-0.005040,,-0.102646,-0.174273,-0.979333,-0.783187,-0.592817,0.187579,-0.613255,0.786255,-0.075638,,,0.000000,,,,0.00,,,
63530,,,,,,,,,,,,,,-9.632579,1.646252,-0.503376,0.003340,0.309208,-0.032377,0.791748,-0.422119,-0.151611,-0.096324,0.016487,-0.004987,99865.0000,-0.101452,-0.174885,-0.979348,-0.782383,-0.594021,0.187124,-0.614479,0.785210,-0.076562,,,0.000000,,,,0.00,,,
63531,,,,,,,,,,,,,,-9.646182,1.616651,-0.492640,0.011464,0.341657,-0.025542,0.785156,-0.420166,-0.154053,-0.096460,0.016192,-0.004878,,-0.100185,-0.175478,-0.979373,-0.781456,-0.595399,0.186619,-0.615865,0.784033,-0.077478,,,0.000000,,,,0.00,,,
63532,,,,,,,,,,,,,,-9.611791,1.606848,-0.396940,-0.054147,0.421349,-0.068686,0.782959,-0.413818,-0.143066,-0.096115,0.016099,-0.003913,99869.0000,-0.098750,-0.176203,-0.979388,-0.780540,-0.596772,0.186067,-0.617257,0.782825,-0.078602,,,0.000000,,,,0.00,,,
63533,,,,,,,,,,,,,,-9.603948,1.642956,-0.291248,-0.160127,0.485128,-0.078267,0.785156,-0.416016,-0.147461,-0.096036,0.016462,-0.002859,,-0.097311,-0.176783,-0.979427,-0.779567,-0.598239,0.185434,-0.618714,0.781574,-0.079599,,,0.000000,,,,0.00,,,
63534,,,,,,,,,,,,,,-9.625953,1.582841,-0.173871,-0.195566,0.620823,-0.077652,0.787109,-0.416016,-0.145264,-0.096255,0.015863,-0.001687,99870.0000,-0.095879,-0.177414,-0.979455,-0.778512,-0.599791,0.184852,-0.620264,0.780240,-0.080612,,,0.000000,,,,0.00,,,
63535,,,,,,,,,,,,,,-9.711615,1.527752,-0.181208,-0.151282,0.665484,-0.003684,0.781006,-0.417969,-0.140625,-0.097112,0.015310,-0.001762,,-0.094531,-0.177856,-0.979506,-0.777424,-0.601392,0.184227,-0.621833,0.778906,-0.081420,,,0.000000,,,,0.00,,,
63536,,,,,,,,,,,,,,-9.789300,1.460057,-0.168775,-0.110101,0.733049,0.058541,0.787354,-0.420166,-0.145020,-0.097889,0.014633,-0.001643,99865.0000,-0.093241,-0.178376,-0.979535,-0.776304,-0.602997,0.183703,-0.623425,0.777545,-0.082249,,,0.000000,,,,0.00,,,
63537,,,,,,,,,,,,,,-9.828392,1.471282,-0.180939,-0.117361,0.723560,0.099799,0.793457,-0.413818,-0.147461,-0.098280,0.014744,-0.001770,,-0.092081,-0.178554,-0.979612,-0.775091,-0.604744,0.183083,-0.625104,0.776147,-0.082710,,,0.000000,,,,0.00,,,
63538,,,,,,,,,,,,,,-9.819827,1.448546,-0.203746,-0.095757,0.720472,0.088855,0.789062,-0.409668,-0.143066,-0.098195,0.014513,-0.001999,99864.0000,-0.090913,-0.179044,-0.979632,-0.773755,-0.606577,0.182669,-0.626927,0.774602,-0.083391,,,0.000000,,,,0.00,,,
63539,,,,,,,,,,,,,,-9.753011,1.521249,-0.217673,-0.157853,0.651739,0.037852,0.789062,-0.411621,-0.147461,-0.097527,0.015241,-0.002139,,-0.089748,-0.179144,-0.979721,-0.772191,-0.608752,0.182048,-0.629020,0.772870,-0.083699,,,0.000000,,,,0.00,,,
63540,,,,,,,,,,,,,,-9.757506,1.570588,-0.249488,-0.184766,0.600699,0.053565,0.791016,-0.407471,-0.140869,-0.097572,0.015731,-0.002453,99870.0000,-0.088459,-0.179798,-0.979718,-0.770440,-0.611068,0.181707,-0.631345,0.770888,-0.084469,,,0.000000,,,,0.00,,,
63541,,,,,,,,,,,,,,-9.775262,1.595302,-0.262157,-0.202450,0.576893,0.076481,0.793213,-0.409668,-0.145264,-0.097750,0.015977,-0.002578,,-0.087200,-0.180000,-0.979794,-0.768342,-0.613867,0.181156,-0.634071,0.768614,-0.084772,,,0.000000,,,,0.00,,,
63542,,,,,,,,,,,,,,-9.816437,1.562599,-0.304115,-0.155973,0.575625,0.114092,0.792969,-0.403320,-0.149902,-0.098162,0.015648,-0.003002,99865.0000,-0.085856,-0.180751,-0.979774,-0.765871,-0.617011,0.180939,-0.637236,0.765916,-0.085458,,,0.000000,,,,0.00,,,
63543,,,,,,,,,,,,,,-9.820825,1.516261,-0.307811,-0.124715,0.598476,0.110450,0.795166,-0.403320,-0.145264,-0.098206,0.015185,-0.003039,,-0.084604,-0.180825,-0.979870,-0.763116,-0.620570,0.180409,-0.640700,0.763017,-0.085488,,,0.000000,,,,0.00,,,
63544,,,,,,,,,,,,,,-9.786860,1.452192,-0.308185,-0.087220,0.634930,0.065355,0.790771,-0.398926,-0.143311,-0.097866,0.014546,-0.003041,99868.0000,-0.083160,-0.181567,-0.979856,-0.760312,-0.624071,0.180167,-0.644212,0.759979,-0.086150,,,0.000000,,,,0.00,,,
63545,,,,,,,,,,,,,,-9.698974,1.441231,-0.294688,-0.102682,0.631652,-0.023686,0.799316,-0.398926,-0.152100,-0.096988,0.014436,-0.002898,,-0.081795,-0.181611,-0.979963,-0.757575,-0.627572,0.179537,-0.647603,0.757081,-0.086252,,,0.000000,,,,0.00,,,
63546,,,,,,,,,,,,,,-9.664782,1.474469,-0.324729,-0.121863,0.587304,-0.049095,0.797119,-0.396973,-0.145508,-0.096646,0.014767,-0.003186,99861.0000,-0.080132,-0.182660,-0.979905,-0.755059,-0.630663,0.179305,-0.650741,0.754255,-0.087382,,,0.000000,,,,0.00,,,
63547,,,,,,,,,,,,,,-9.613154,1.575864,-0.378095,-0.176972,0.470662,-0.076869,0.799072,-0.396973,-0.143311,-0.096131,0.015778,-0.003719,,-0.078691,-0.182767,-0.980002,-0.752651,-0.633728,0.178624,-0.653701,0.751655,-0.087691,,,0.000000,,,,0.00,,,
63548,,,,,,,,,,,,,,-9.626708,1.643867,-0.396669,-0.225472,0.422623,-0.050327,0.796875,-0.392578,-0.143311,-0.096266,0.016457,-0.003910,99865.0000,-0.077126,-0.183781,-0.979937,-0.750328,-0.636530,0.178432,-0.656551,0.749036,-0.088803,,,0.000000,,,,0.00,,,
63549,,,,,,,,,,,,,,-9.586398,1.718143,-0.462176,-0.247590,0.313730,-0.070772,0.794678,-0.392578,-0.143311,-0.095864,0.017194,-0.004582,,-0.076029,-0.183583,-0.980060,-0.747818,-0.639644,0.177830,-0.659536,0.746427,-0.088656,,,0.000000,,,,0.00,,,
63550,,,,,,,,,,,,,,-9.517312,1.694732,-0.480686,-0.229315,0.306019,-0.141277,0.792480,-0.390625,-0.145508,-0.095173,0.016956,-0.004778,99865.0000,-0.074862,-0.184326,-0.980010,-0.745195,-0.642705,0.177808,-0.662632,0.743609,-0.089245,,,0.000000,,,,0.00,,,
63551,,,,,,,,,,,,,,-9.564901,1.679985,-0.539667,-0.177083,0.273118,-0.091835,0.796631,-0.388428,-0.150146,-0.095649,0.016804,-0.005376,,-0.074148,-0.183948,-0.980135,-0.742443,-0.645993,0.177404,-0.665794,0.740848,-0.088672,,,0.000000,,,,0.00,,,
63552,,,,,,,,,,,,,,-9.570126,1.691038,-0.596702,-0.149769,0.227406,-0.079814,0.798828,-0.386230,-0.147949,-0.095703,0.016909,-0.005948,99866.0000,-0.073237,-0.184616,-0.980078,-0.739748,-0.649040,0.177537,-0.668886,0.738014,-0.089035,,,0.000000,,,,0.00,,,
63553,,,,,,,,,,,,,,-9.560140,1.675265,-0.615672,-0.124684,0.213353,-0.090508,0.796631,-0.386230,-0.143555,-0.095602,0.016752,-0.006143,,-0.072757,-0.184075,-0.980216,-0.737071,-0.652175,0.177181,-0.671887,0.735380,-0.088226,,,0.000000,,,,0.00,,,
63554,,,,,,,,,,,,,,-9.642027,1.721763,-0.678291,-0.112730,0.153827,0.003465,0.794189,-0.382080,-0.147949,-0.096421,0.017220,-0.006772,99866.0000,-0.071925,-0.184527,-0.980192,-0.734594,-0.654959,0.177204,-0.674684,0.732788,-0.088444,,,0.000000,,,,0.00,,,
63555,,,,,,,,,,,,,,-9.605167,1.757568,-0.731662,-0.104253,0.074843,-0.021511,0.802734,-0.379883,-0.143555,-0.096051,0.017582,-0.007310,,-0.071437,-0.183802,-0.980364,-0.732201,-0.657774,0.176676,-0.677331,0.730445,-0.087590,,,0.000000,,,,0.00,,,
63556,,,,,,,,,,,,,,-9.599350,1.697842,-0.746847,-0.052913,0.101617,-0.036449,0.807129,-0.382080,-0.147949,-0.095992,0.016991,-0.007462,99865.0000,-0.070562,-0.183978,-0.980394,-0.729965,-0.660315,0.176451,-0.679833,0.728104,-0.087704,,,0.000000,,,,0.00,,,
63557,,,,,,,,,,,,,,-9.586807,1.730048,-0.887460,0.018952,-0.038035,-0.030780,0.798340,-0.379883,-0.143555,-0.095865,0.017319,-0.008869,,-0.070023,-0.182767,-0.980659,-0.727965,-0.662772,0.175501,-0.682030,0.726174,-0.086639,,,0.000000,,,,0.00,,,
63558,,,,,,,,,,,,,,-9.629752,1.799233,-0.911575,-0.015600,-0.096200,0.025546,0.800293,-0.371582,-0.148193,-0.096293,0.018017,-0.009116,99866.0000,-0.069107,-0.182619,-0.980752,-0.726145,-0.664904,0.174973,-0.684059,0.724260,-0.086658,,,0.000000,,,,0.00,,,
63559,,,,,,,,,,,,,,-9.631209,1.803294,-1.033357,0.063425,-0.200032,0.037990,0.804688,-0.377930,-0.145752,-0.096306,0.018064,-0.010332,,-0.068400,-0.181427,-0.981023,-0.724508,-0.666978,0.173864,-0.685864,0.722651,-0.085824,,,0.000000,,,,0.00,,,
63560,,,,,,,,,,,,,,-9.581310,1.663777,-1.060947,0.173734,-0.139412,-0.032829,0.802490,-0.375732,-0.145752,-0.095809,0.016675,-0.010593,99855.0000,-0.067200,-0.181269,-0.981135,-0.723211,-0.668593,0.173060,-0.687350,0.721197,-0.086166,,,0.000000,,,,0.00,,,
63561,,,,,,,,,,,,,,-9.620638,1.761093,-0.969613,0.035739,-0.142227,0.014660,0.804688,-0.373535,-0.143555,-0.096202,0.017656,-0.009655,,-0.065925,-0.180420,-0.981378,-0.722342,-0.669887,0.171679,-0.688386,0.720209,-0.086163,,,0.000000,,,,0.00,,,
63562,,,,,,,,,,,,,,-9.602821,1.765837,-0.943307,0.000210,-0.129207,-0.004249,0.800293,-0.371582,-0.148193,-0.096025,0.017703,-0.009383,99866.0000,-0.064313,-0.180619,-0.981448,-0.721631,-0.670889,0.170753,-0.689284,0.719225,-0.087193,,,0.000000,,,,0.00,,,
63563,,,,,,,,,,,,,,-9.641614,1.905139,-0.822300,-0.192437,-0.135400,0.046880,0.808838,-0.371582,-0.145996,-0.096411,0.019099,-0.008178,,-0.062897,-0.180023,-0.981650,-0.720754,-0.672162,0.169447,-0.690332,0.718185,-0.087475,,,0.000000,,,,0.00,,,
63564,,,,,,,,,,,,,,-9.589252,1.850343,-0.790380,-0.190578,-0.085480,-0.016842,0.806641,-0.369385,-0.148193,-0.095887,0.018547,-0.007867,99866.0000,-0.061351,-0.180116,-0.981730,-0.719521,-0.673703,0.168568,-0.691756,0.716717,-0.088264,,,0.000000,,,,0.00,,,
63565,,,,,,,,,,,,,,-9.601055,1.814558,-0.814892,-0.154756,-0.084976,-0.009333,0.806641,-0.369385,-0.148193,-0.096007,0.018181,-0.008113,,-0.060282,-0.179497,-0.981910,-0.718325,-0.675234,0.167535,-0.693091,0.715429,-0.088233,,,0.000000,,,,0.00,,,
63566,,,,,,,,,,,,,,-9.603663,1.851766,-0.754151,-0.233432,-0.065993,-0.006094,0.806152,-0.363037,-0.143799,-0.096033,0.018552,-0.007507,99862.0000,-0.058938,-0.179676,-0.981959,-0.717178,-0.676621,0.166852,-0.694393,0.714073,-0.088981,,,0.000000,,,,0.00,,,
63567,,,,,,,,,,,,,,-9.611311,2.044633,-0.731954,-0.392527,-0.185179,0.031357,0.804199,-0.367188,-0.145996,-0.096109,0.020475,-0.007292,,-0.058044,-0.179271,-0.982086,-0.715905,-0.678152,0.166103,-0.695781,0.712721,-0.088979,,,0.000000,,,,0.00,,,
63568,,,,,,,,,,,,,,-9.945740,0.759151,3.062753,-2.109522,3.443867,-0.191662,0.810547,-0.363037,-0.152832,-0.099436,0.007728,0.030662,99868.0000,-0.057061,-0.180237,-0.981967,-0.709712,-0.684444,0.166868,-0.702177,0.706436,-0.088861,,,0.000000,,,,0.00,,,
63569,,,,,,,,,,,,,,-10.288233,2.402222,-4.807170,2.303341,-3.186069,1.108409,0.810059,-0.354492,-0.148438,-0.102882,0.023664,-0.048249,,-0.056218,-0.178616,-0.982312,-0.696916,-0.697506,0.166714,-0.714946,0.693961,-0.085268,,,0.000000,,,,0.00,,,
63570,,,,,,,,,,,,,,-8.183684,2.777389,-3.159856,0.746131,-2.664517,-1.036901,0.810303,-0.358887,-0.146240,-0.081866,0.028016,-0.031308,99871.0000,-0.053598,-0.179829,-0.982237,-0.706097,-0.688714,0.164621,-0.706084,0.702378,-0.090063,,,0.000000,,,,0.00,,,
63571,,,,,,,,,,,,,,-8.904499,3.831034,-2.376177,-0.558154,-2.718604,-0.225679,0.810059,-0.354492,-0.155029,-0.088984,0.038442,-0.023778,,-0.054181,-0.176842,-0.982747,-0.709589,-0.685623,0.162496,-0.702530,0.706151,-0.088337,,,0.000000,,,,0.00,,,
63572,,,,,,,,,,,,,,-9.367823,4.033328,-3.646054,0.193633,-3.694939,0.367066,0.810303,-0.358887,-0.148438,-0.093612,0.040501,-0.036445,99867.0000,-0.054715,-0.174401,-0.983153,-0.713684,-0.681794,0.160661,-0.698328,0.710451,-0.087162,,,0.000000,,,,0.00,,,
63573,,,,,,,,,,,,,,-9.626214,3.772136,-2.140199,-0.695954,-2.403678,0.444563,0.806152,-0.358887,-0.148438,-0.096231,0.037911,-0.021206,,-0.054458,-0.173959,-0.983246,-0.722066,-0.673279,0.159111,-0.689678,0.718633,-0.088944,,,0.000000,,,,0.00,,,
63574,,,,,,,,,,,,,,-9.258051,3.572241,-0.368806,-1.846204,-1.044551,-0.111730,0.810303,-0.360840,-0.139404,-0.092562,0.035799,-0.003402,99865.0000,-0.052111,-0.174626,-0.983255,-0.729391,-0.665858,0.156913,-0.682109,0.725354,-0.092672,,,0.000000,,,,0.00,,,
63575,,,,,,,,,,,,,,-8.941183,3.243488,0.397680,-2.186476,-0.282052,-0.551874,0.812500,-0.358887,-0.137207,-0.089383,0.032483,0.004226,,-0.049634,-0.177258,-0.982912,-0.734290,-0.660618,0.156215,-0.677019,0.729496,-0.097369,,,0.000000,,,,0.00,,,
63576,,,,,,,,,,,,,,-9.546262,3.884615,0.959061,-3.034541,-0.171438,0.081923,0.816895,-0.360840,-0.139404,-0.095445,0.038872,0.009659,99864.0000,-0.048214,-0.178031,-0.982843,-0.734168,-0.660869,0.155724,-0.677254,0.729080,-0.098842,,,0.000000,,,,0.00,,,
63577,,,,,,,,,,,,,,-8.193703,3.133036,-1.632123,-0.763848,-1.795950,-1.105942,0.814697,-0.360840,-0.141602,-0.081949,0.031191,-0.016524,,-0.051440,-0.179350,-0.982439,-0.727243,-0.667488,0.159932,-0.684450,0.722699,-0.096096,,,0.000000,,,,0.00,,,
63578,,,,,,,,,,,,,,-7.863431,1.358715,-2.372662,1.064225,-1.193489,-1.642505,0.812500,-0.360840,-0.148193,-0.078674,0.013294,-0.023761,99868.0000,-0.053374,-0.182765,-0.981707,-0.718726,-0.675474,0.164829,-0.693242,0.714376,-0.095305,,,0.000000,,,,0.00,,,
63579,,,,,,,,,,,,,,-9.886207,-0.143925,1.280515,-0.249959,2.857892,-0.264532,0.814453,-0.354492,-0.139648,-0.098832,-0.001572,0.013019,,-0.055347,-0.190622,-0.980102,-0.705796,-0.686855,0.173445,-0.706250,0.701351,-0.096525,,,0.000000,,,,0.00,,,
63580,,,,,,,,,,,,,,-11.758535,-1.164225,-0.020625,1.470783,3.060273,1.505000,0.812012,-0.350342,-0.139648,-0.117572,-0.011770,0.000152,99870.0000,-0.053843,-0.195080,-0.979308,-0.692533,-0.699242,0.177366,-0.719374,0.687753,-0.097450,,,0.000000,,,,0.00,,,
63581,,,,,,,,,,,,,,-10.821102,-2.162988,-1.533211,3.186503,2.568434,0.549495,0.812744,-0.363037,-0.135010,-0.108224,-0.021549,-0.015357,,-0.053208,-0.197286,-0.978901,-0.701322,-0.690451,0.177273,-0.710856,0.695957,-0.101624,,,0.000000,,,,0.00,,,
63582,,,,,,,,,,,,,,-10.059824,-1.034462,-2.584980,3.083670,0.849075,0.123176,0.811035,-0.375732,-0.130371,-0.100578,-0.009875,-0.026108,99864.0000,-0.054223,-0.196065,-0.979091,-0.726169,-0.665280,0.173439,-0.685375,0.720390,-0.106303,,,0.000000,,,,0.00,,,
63583,,,,,,,,,,,,,,-9.771342,3.163732,-1.897202,-0.523676,-1.557200,0.501746,0.811279,-0.379883,-0.121338,-0.097642,0.032068,-0.018610,,-0.055861,-0.191813,-0.979840,-0.750690,-0.638968,0.167882,-0.658289,0.744934,-0.108299,,,0.000000,,,,0.00,,,
63584,,,,,,,,,,,,,,-8.709757,6.422663,-2.022052,-3.028727,-3.947396,0.007892,0.811523,-0.384033,-0.123535,-0.086962,0.064446,-0.020103,99859.0000,-0.058157,-0.185757,-0.980873,-0.758634,-0.630441,0.164373,-0.648916,0.753683,-0.104256,,,0.000000,,,,0.00,,,
63585,,,,,,,,,,,,,,-8.853580,4.459447,-2.075457,-1.482451,-2.740506,-0.175698,0.808838,-0.373535,-0.132568,-0.088518,0.044462,-0.021111,,-0.060364,-0.185197,-0.980846,-0.750927,-0.638958,0.166859,-0.657621,0.746616,-0.100499,,,0.000000,,,,0.00,,,
63586,,,,,,,,,,,,,,-9.403665,0.883953,-2.205293,1.368397,-0.450119,-0.221113,0.808838,-0.371582,-0.136963,-0.094071,0.008605,-0.021999,99863.0000,-0.058907,-0.187717,-0.980455,-0.738467,-0.652682,0.169330,-0.671712,0.734008,-0.100175,,,0.000000,,,,0.00,,,
63587,,,,,,,,,,,,,,-9.512656,-0.848501,-3.130291,3.283654,0.079229,-0.314248,0.808350,-0.365234,-0.135010,-0.095204,-0.008582,-0.031039,,-0.055861,-0.192259,-0.979753,-0.733821,-0.657505,0.170863,-0.677043,0.728508,-0.104355,,,0.000000,,,,0.00,,,
63588,,,,,,,,,,,,,,-9.692298,-0.078783,-2.971468,2.589187,-0.245521,-0.014110,0.815430,-0.377686,-0.121338,-0.096976,-0.000644,-0.029544,99864.0000,-0.053522,-0.194964,-0.979349,-0.740646,-0.650063,0.169888,-0.669761,0.734443,-0.109606,,,0.000000,,,,0.00,,,
63589,,,,,,,,,,,,,,-9.872030,0.961647,0.313649,-0.406122,1.558393,-0.020524,0.812988,-0.371582,-0.112549,-0.098719,0.009566,0.003329,,-0.051940,-0.198316,-0.978761,-0.749890,-0.639514,0.169373,-0.659521,0.742760,-0.115499,,,0.000000,,,,0.00,,,
63590,,,,,,,,,,,,,,-9.532396,1.933102,3.669818,-3.376011,3.390521,-0.583501,0.815430,-0.377686,-0.110352,-0.095302,0.019265,0.036789,99865.0000,-0.051182,-0.199271,-0.978607,-0.752114,-0.636984,0.169044,-0.657043,0.744676,-0.117273,,,0.000000,,,,0.00,,,
63591,,,,,,,,,,,,,,-8.882993,2.890908,3.567702,-4.064977,2.576539,-1.047372,0.811035,-0.373535,-0.116943,-0.088831,0.029016,0.035588,,-0.051300,-0.199656,-0.978522,-0.748247,-0.641252,0.170068,-0.661434,0.740900,-0.116496,,,0.000000,,,,0.00,,,
63592,,,,,,,,,,,,,,-8.841295,2.867750,1.195936,-2.476694,0.798824,-0.809880,0.814941,-0.369385,-0.121582,-0.088419,0.028720,0.011812,99874.0000,-0.051888,-0.199097,-0.978605,-0.743102,-0.646955,0.171024,-0.667163,0.736078,-0.114380,,,0.000000,,,,0.00,,,
63593,,,,,,,,,,,,,,-9.525452,2.154367,-2.421502,0.533378,-1.288826,0.151926,0.814941,-0.367188,-0.123779,-0.095226,0.021478,-0.024386,,-0.054682,-0.197330,-0.978811,-0.740103,-0.650022,0.172392,-0.670267,0.733848,-0.110500,,,0.000000,,,,0.00,,,
63594,,,,,,,,,,,,,,-10.325096,1.525251,-5.097123,2.855078,-2.714282,1.114148,0.813232,-0.375732,-0.123535,-0.103158,0.015350,-0.051129,99860.0000,-0.057585,-0.194870,-0.979137,-0.743313,-0.646359,0.172356,-0.666461,0.737730,-0.107629,,,0.000000,,,,0.00,,,
63595,,,,,,,,,,,,,,-10.480515,1.773940,-4.536019,2.294981,-2.466263,1.242352,0.815186,-0.375732,-0.119141,-0.104745,0.018002,-0.045396,,-0.060151,-0.193485,-0.979258,-0.751506,-0.636909,0.172004,-0.656978,0.746264,-0.107094,,,0.000000,,,,0.00,,,
63596,,,,,,,,,,,,,,-10.032466,3.008576,-2.144132,-0.270208,-1.571048,0.758871,0.809082,-0.379883,-0.116943,-0.100321,0.030220,-0.021270,99866.0000,-0.060564,-0.193145,-0.979299,-0.760030,-0.627074,0.170680,-0.647059,0.754634,-0.108818,,,0.000000,,,,0.00,,,
63597,,,,,,,,,,,,,,-9.709253,3.153839,-0.982720,-1.185402,-0.824151,0.341008,0.811279,-0.379883,-0.112305,-0.097097,0.031578,-0.009655,,-0.060415,-0.194541,-0.979032,-0.765832,-0.620035,0.170464,-0.640197,0.760073,-0.111526,,,0.000000,,,,0.00,,,
63598,,,,,,,,,,,,,,-9.694205,2.062644,-0.480861,-0.693692,0.250112,0.082743,0.809570,-0.388428,-0.118896,-0.096947,0.020630,-0.004694,99867.0000,-0.060064,-0.195365,-0.978890,-0.770303,-0.614619,0.169930,-0.634843,0.764249,-0.113574,,,0.000000,,,,0.00,,,
63599,,,,,,,,,,,,,,-9.654125,1.514931,-0.263423,-0.420738,0.768727,-0.076233,0.813477,-0.382080,-0.112305,-0.096544,0.015149,-0.002546,,-0.060253,-0.196836,-0.978583,-0.774820,-0.608848,0.170174,-0.629305,0.768479,-0.115828,,,0.000000,,,,0.00,,,
63600,,,,,,,,,,,,,,-9.390417,1.507513,-0.412791,-0.347210,0.619049,-0.319578,0.809326,-0.386230,-0.105713,-0.093907,0.015076,-0.004053,99869.0000,-0.060380,-0.197218,-0.978499,-0.780115,-0.602232,0.169519,-0.622715,0.773577,-0.117490,,,0.000000,,,,0.00,,,
63601,,,,,,,,,,,,,,-9.224723,1.616333,-0.601178,-0.329164,0.392578,-0.442150,0.813721,-0.390381,-0.107910,-0.092253,0.016159,-0.005940,,-0.061555,-0.198110,-0.978245,-0.786201,-0.594184,0.169802,-0.614898,0.779549,-0.119180,,,0.000000,,,,0.00,,,
63602,,,,,,,,,,,,,,-9.282788,1.765430,-0.621218,-0.436051,0.311383,-0.358286,0.812012,-0.398926,-0.105469,-0.092836,0.017632,-0.006159,99869.0000,-0.062875,-0.198221,-0.978139,-0.792082,-0.586340,0.169738,-0.607167,0.785439,-0.120142,,,0.000000,,,,0.00,,,
63603,,,,,,,,,,,,,,-9.414683,1.899895,-0.711015,-0.471897,0.203553,-0.195657,0.805664,-0.398926,-0.105469,-0.094156,0.018958,-0.007093,,-0.065731,-0.198554,-0.977883,-0.797385,-0.578707,0.171102,-0.599880,0.790996,-0.120285,,,0.000000,,,,0.00,,,
63604,,,,,,,,,,,,,,-9.573140,1.936327,-0.903919,-0.367717,0.066230,-0.011063,0.803711,-0.401123,-0.101074,-0.095738,0.019320,-0.009060,99863.0000,-0.068184,-0.197938,-0.977840,-0.801729,-0.572469,0.171785,-0.593786,0.795675,-0.119660,,,0.000000,,,,0.00,,,
63605,,,,,,,,,,,,,,-9.686671,1.985465,-1.247994,-0.178682,-0.209203,0.150015,0.804199,-0.413818,-0.098389,-0.096869,0.019822,-0.012515,,-0.071512,-0.197450,-0.977701,-0.805912,-0.566111,0.173275,-0.587701,0.800332,-0.118644,,,0.000000,,,,0.00,,,
63606,,,,,,,,,,,,,,-9.723916,2.043632,-1.552920,-0.036269,-0.480575,0.232722,0.804199,-0.413818,-0.096191,-0.097239,0.020419,-0.015551,99868.0000,-0.073748,-0.196757,-0.977675,-0.809710,-0.560479,0.173874,-0.582177,0.804456,-0.117982,,,0.000000,,,,0.00,,,
63607,,,,,,,,,,,,,,-9.675518,2.052157,-1.742747,0.074084,-0.640393,0.209717,0.806396,-0.413818,-0.096191,-0.096758,0.020519,-0.017415,,-0.076390,-0.197150,-0.977393,-0.813664,-0.554247,0.175391,-0.576295,0.808667,-0.118075,,,0.000000,,,,0.00,,,
63608,,,,,,,,,,,,,,-9.617663,2.053949,-1.709661,0.045693,-0.620870,0.149919,0.806396,-0.413818,-0.096191,-0.096185,0.020543,-0.017047,99866.0000,-0.077503,-0.197446,-0.977245,-0.817331,-0.548729,0.175687,-0.570932,0.812349,-0.118850,,,0.000000,,,,0.00,,,
63609,,,,,,,,,,,,,,-9.566242,2.036840,-1.398081,-0.121834,-0.350666,0.060433,0.808350,-0.411621,-0.093994,-0.095674,0.020365,-0.013903,,-0.079151,-0.198822,-0.976834,-0.821298,-0.542367,0.176940,-0.564983,0.816276,-0.120363,,,0.000000,,,,0.00,,,
63610,,,,,,,,,,,,,,-9.475107,2.054160,-1.057689,-0.343606,-0.086146,-0.066385,0.804199,-0.415771,-0.089600,-0.094762,0.020534,-0.010493,99868.0000,-0.079755,-0.199548,-0.976637,-0.825081,-0.536571,0.177011,-0.559357,0.819922,-0.121849,,,0.000000,,,,0.00,,,
63611,,,,,,,,,,,,,,-9.470810,2.022865,-0.800655,-0.461298,0.160882,-0.107504,0.806641,-0.422119,-0.093994,-0.094716,0.020216,-0.007941,,-0.081325,-0.200530,-0.976306,-0.828995,-0.530189,0.177953,-0.553312,0.823825,-0.123121,,,0.000000,,,,0.00,,,
63612,,,,,,,,,,,,,,-9.375957,1.996566,-0.975661,-0.355099,0.021830,-0.183556,0.802490,-0.422119,-0.084961,-0.093765,0.019963,-0.009711,99874.0000,-0.082254,-0.200521,-0.976230,-0.832742,-0.524315,0.177860,-0.547517,0.827578,-0.123856,,,0.000000,,,,0.00,,,
63613,,,,,,,,,,,,,,-9.326034,2.043173,-1.149690,-0.298927,-0.143543,-0.202210,0.804688,-0.426270,-0.084961,-0.093263,0.020439,-0.011462,,-0.084552,-0.200684,-0.976000,-0.837296,-0.516695,0.178778,-0.540173,0.832317,-0.124344,,,0.000000,,,,0.00,,,
63614,,,,,,,,,,,,,,-9.340706,2.199022,-1.299663,-0.352542,-0.341832,-0.141469,0.806885,-0.430664,-0.084961,-0.093407,0.022008,-0.012966,99860.0000,-0.085881,-0.200007,-0.976023,-0.841591,-0.509762,0.178513,-0.533244,0.836744,-0.124545,,,0.000000,,,,0.00,,,
63615,,,,,,,,,,,,,,-9.324151,2.315573,-1.279705,-0.460108,-0.376455,-0.138707,0.804932,-0.432617,-0.087158,-0.093241,0.023178,-0.012764,,-0.088487,-0.199817,-0.975829,-0.846541,-0.501187,0.179390,-0.524918,0.841953,-0.124805,,,0.000000,,,,0.00,,,
63616,,,,,,,,,,,,,,-9.322190,2.467360,-1.181463,-0.646662,-0.366685,-0.125876,0.802734,-0.432617,-0.069336,-0.093222,0.024689,-0.011782,99866.0000,-0.089905,-0.198900,-0.975887,-0.850790,-0.494053,0.179075,-0.517758,0.846375,-0.124805,,,0.000000,,,,0.00,,,
63617,,,,,,,,,,,,,,-9.336801,2.500424,-1.106979,-0.706960,-0.304896,-0.114202,0.802734,-0.432617,-0.078125,-0.093368,0.025013,-0.011054,,-0.092729,-0.198494,-0.975706,-0.855210,-0.485968,0.180141,-0.509919,0.851137,-0.124691,,,0.000000,,,,0.00,,,
63618,,,,,,,,,,,,,,-9.346206,2.459071,-1.152165,-0.649569,-0.321346,-0.106973,0.807129,-0.432617,-0.075928,-0.093459,0.024601,-0.011525,99863.0000,-0.094324,-0.197147,-0.975826,-0.858766,-0.479736,0.179931,-0.503612,0.854977,-0.124053,,,0.000000,,,,0.00,,,
63619,,,,,,,,,,,,,,-9.308865,2.364737,-1.320236,-0.478784,-0.421185,-0.138839,0.805176,-0.437012,-0.078125,-0.093084,0.023660,-0.013215,,-0.097362,-0.196364,-0.975685,-0.862758,-0.472071,0.181101,-0.496154,0.859413,-0.123453,,,0.000000,,,,0.00,,,
63620,,,,,,,,,,,,,,-9.349409,2.210809,-1.456840,-0.274451,-0.462649,-0.110516,0.807373,-0.438965,-0.080322,-0.093487,0.022123,-0.014592,99865.0000,-0.099141,-0.194867,-0.975806,-0.866121,-0.465898,0.181036,-0.489904,0.863114,-0.122589,,,0.000000,,,,0.00,,,
63621,,,,,,,,,,,,,,-9.427271,2.121224,-1.575997,-0.120617,-0.506281,-0.035882,0.803223,-0.441162,-0.071289,-0.094263,0.021236,-0.015788,,-0.102548,-0.193871,-0.975653,-0.870465,-0.457211,0.182344,-0.481430,0.867970,-0.121872,,,0.000000,,,,0.00,,,
63622,,,,,,,,,,,,,,-9.475338,2.081137,-1.653743,-0.046010,-0.554007,0.012737,0.792725,-0.443359,-0.071289,-0.094741,0.020850,-0.016562,99866.0000,-0.104206,-0.192155,-0.975816,-0.874238,-0.450098,0.181991,-0.474183,0.872060,-0.121086,,,0.000000,,,,0.00,,,
63623,,,,,,,,,,,,,,-9.499160,2.061140,-1.646086,-0.025340,-0.533591,0.031426,0.797119,-0.447510,-0.071289,-0.094977,0.020654,-0.016490,,-0.107173,-0.190982,-0.975725,-0.878695,-0.440986,0.182831,-0.465198,0.876959,-0.120553,,,0.000000,,,,0.00,,,
63624,,,,,,,,,,,,,,-9.584401,2.172798,-1.754702,-0.069366,-0.671932,0.147456,0.803467,-0.449707,-0.071289,-0.095826,0.021783,-0.017577,99865.0000,-0.108746,-0.188918,-0.975953,-0.882522,-0.433520,0.182253,-0.457526,0.881119,-0.119580,,,0.000000,,,,0.00,,,
63625,,,,,,,,,,,,,,-9.541110,2.180353,-1.952148,0.009655,-0.858637,0.130160,0.792725,-0.445312,-0.066895,-0.095387,0.021879,-0.019552,,-0.111805,-0.187390,-0.975902,-0.887448,-0.423063,0.182907,-0.447142,0.886512,-0.118999,,,0.000000,,,,0.00,,,
63626,,,,,,,,,,,,,,-9.583521,2.153735,-1.854721,-0.017140,-0.764869,0.154113,0.801514,-0.449707,-0.069092,-0.095814,0.021618,-0.018564,99870.0000,-0.113062,-0.185250,-0.976166,-0.891546,-0.414768,0.181973,-0.438592,0.890870,-0.118265,,,0.000000,,,,0.00,,,
63627,,,,,,,,,,,,,,-9.631695,2.389302,-1.958286,-0.183540,-0.945892,0.256313,0.797363,-0.451660,-0.068848,-0.096294,0.023982,-0.019588,,-0.115509,-0.183758,-0.976161,-0.896350,-0.404198,0.182154,-0.428035,0.896023,-0.118023,,,0.000000,,,,0.00,,,
63628,,,,,,,,,,,,,,-9.673009,2.464203,-2.047562,-0.223660,-1.056418,0.319728,0.793457,-0.460205,-0.066650,-0.096709,0.024731,-0.020467,99868.0000,-0.116487,-0.181886,-0.976396,-0.900092,-0.396235,0.181196,-0.419839,0.899953,-0.117559,,,0.000000,,,,0.00,,,
63629,,,,,,,,,,,,,,-9.648402,2.612793,-1.999253,-0.390602,-1.068526,0.317516,0.791016,-0.456055,-0.060059,-0.096467,0.026211,-0.019964,,-0.118765,-0.181071,-0.976273,-0.904526,-0.385819,0.181595,-0.409546,0.904631,-0.117962,,,0.000000,,,,0.00,,,
63630,,,,,,,,,,,,,,-9.795807,2.416023,-2.128557,-0.157855,-1.084275,0.440369,0.791260,-0.462402,-0.059814,-0.097947,0.024230,-0.021257,99865.0000,-0.119491,-0.180006,-0.976381,-0.907478,-0.379130,0.180955,-0.402749,0.907666,-0.118049,,,0.000000,,,,0.00,,,
63631,,,,,,,,,,,,,,-9.887728,2.359165,-2.473706,0.032563,-1.349177,0.561833,0.795410,-0.460205,-0.055420,-0.098867,0.023672,-0.024702,,-0.121316,-0.179860,-0.976183,-0.911101,-0.370111,0.181420,-0.393927,0.911410,-0.118970,,,0.000000,,,,0.00,,,
63632,,,,,,,,,,,,,,-9.905812,2.284038,-2.444344,0.073055,-1.287742,0.562913,0.797852,-0.466553,-0.055420,-0.099057,0.022924,-0.024368,99866.0000,-0.121810,-0.179638,-0.976162,-0.914202,-0.362682,0.180821,-0.386519,0.914435,-0.120047,,,0.000000,,,,0.00,,,
63633,,,,,,,,,,,,,,-9.877812,2.133486,-2.410608,0.176161,-1.184493,0.507188,0.797852,-0.466553,-0.053223,-0.098790,0.021420,-0.023981,,-0.122865,-0.181189,-0.975743,-0.917935,-0.352968,0.181130,-0.377225,0.917924,-0.122952,,,0.000000,,,,0.00,,,
63634,,,,,,,,,,,,,,-9.713988,1.979571,-2.434843,0.279718,-1.160786,0.325504,0.795654,-0.464355,-0.039795,-0.097163,0.019893,-0.024175,99865.0000,-0.122655,-0.182800,-0.975469,-0.921384,-0.344265,0.180369,-0.368791,0.920905,-0.126204,,,0.000000,,,,0.00,,,
63635,,,,,,,,,,,,,,-9.573140,1.640453,-2.840187,0.694646,-1.406111,0.184456,0.798096,-0.470703,-0.030762,-0.095772,0.016523,-0.028196,,-0.122600,-0.186141,-0.974844,-0.925019,-0.334468,0.180198,-0.359596,0.923841,-0.131178,,,0.000000,,,,0.00,,,
63636,,,,,,,,,,,,,,-9.317705,1.755421,-2.824601,0.512592,-1.439687,-0.038041,0.795654,-0.466553,-0.031006,-0.093236,0.017687,-0.027966,99866.0000,-0.121632,-0.189923,-0.974235,-0.928781,-0.324426,0.179203,-0.350102,0.926648,-0.136936,,,0.000000,,,,0.00,,,
63637,,,,,,,,,,,,,,-9.004269,1.970043,-2.546464,0.134330,-1.248605,-0.332982,0.800537,-0.481201,-0.015137,-0.090118,0.019830,-0.025094,,-0.120561,-0.196064,-0.973152,-0.932981,-0.312518,0.178548,-0.339134,0.929458,-0.145246,,,0.000000,,,,0.00,,,
63638,,,,,,,,,,,,,,-8.398832,2.130935,-2.108774,-0.283683,-0.940052,-0.949092,0.798340,-0.477051,-0.006348,-0.084071,0.021410,-0.020649,99865.0000,-0.119057,-0.202912,-0.971932,-0.937229,-0.300176,0.177474,-0.327762,0.932052,-0.154437,,,0.000000,,,,0.00,,,
63639,,,,,,,,,,,,,,-7.698110,2.236260,-2.103173,-0.511971,-1.017368,-1.603725,0.800781,-0.485596,0.011719,-0.077087,0.022453,-0.020540,,-0.117198,-0.212577,-0.970090,-0.941002,-0.288482,0.176900,-0.317459,0.933589,-0.166226,,,0.000000,,,,0.00,,,
63640,,,,,,,,,,,,,,-7.262684,2.260568,-1.987975,-0.668248,-0.910383,-2.032438,0.798584,-0.481201,0.029297,-0.072757,0.022678,-0.019311,99868.0000,-0.114916,-0.223920,-0.967809,-0.944742,-0.276470,0.176143,-0.307012,0.934572,-0.179776,,,0.000000,,,,0.00,,,
63641,,,,,,,,,,,,,,-7.091067,1.658741,-1.793169,-0.217440,-0.482784,-2.331475,0.800781,-0.487549,0.042725,-0.071052,0.016598,-0.017349,,-0.113063,-0.238440,-0.964553,-0.947542,-0.266227,0.176881,-0.298965,0.933954,-0.195831,,,0.000000,,,,0.00,,,
63642,,,,,,,,,,,,,,-7.282371,1.232897,-2.410986,0.365001,-0.784480,-2.091550,0.805420,-0.496094,0.053955,-0.073017,0.012287,-0.023538,99866.0000,-0.112075,-0.252839,-0.960995,-0.949202,-0.258918,0.178821,-0.294032,0.932220,-0.210977,,,0.000000,,,,0.00,,,
63643,,,,,,,,,,,,,,-7.458630,1.515282,-2.502280,0.137682,-0.777923,-1.840014,0.797119,-0.498047,0.067383,-0.074780,0.014995,-0.024535,,-0.113043,-0.266737,-0.957117,-0.949044,-0.256215,0.183494,-0.294172,0.929088,-0.224182,,,0.000000,,,,0.00,,,
63644,,,,,,,,,,,,,,-8.675337,2.247325,-2.626622,-0.350309,-0.651444,-0.503399,0.797119,-0.502441,0.067383,-0.086967,0.022076,-0.025892,99870.0000,-0.117105,-0.278011,-0.953413,-0.946418,-0.259691,0.191970,-0.300963,0.924808,-0.232703,,,0.000000,,,,0.00,,,
63645,,,,,,,,,,,,,,-9.691728,3.113247,-2.851322,-0.890327,-0.712540,0.696831,0.791260,-0.510742,0.067627,-0.097143,0.030490,-0.028438,,-0.124124,-0.286701,-0.949945,-0.940954,-0.269866,0.204397,-0.314959,0.919225,-0.236275,,,0.000000,,,,0.00,,,
63646,,,,,,,,,,,,,,-9.836486,3.514037,-3.405349,-0.928012,-1.243761,1.063464,0.789307,-0.517090,0.063232,-0.098600,0.034319,-0.034208,99868.0000,-0.132624,-0.292659,-0.946975,-0.933559,-0.284090,0.218542,-0.332984,0.913041,-0.235537,,,0.000000,,,,0.00,,,
63647,,,,,,,,,,,,,,-10.497935,2.816894,-4.288548,0.287604,-1.597357,1.758637,0.785645,-0.527832,0.061279,-0.105239,0.027195,-0.042874,,-0.142195,-0.301039,-0.942951,-0.926121,-0.295804,0.234092,-0.349399,0.906574,-0.236737,,,0.000000,,,,0.00,,,
63648,,,,,,,,,,,,,,-12.076581,2.585854,-4.038866,0.830123,-0.729266,3.134033,0.779785,-0.542480,0.065918,-0.121066,0.024777,-0.040161,99874.0000,-0.154547,-0.310417,-0.937953,-0.921112,-0.298067,0.250418,-0.357307,0.902661,-0.239863,,,0.000000,,,,0.00,,,
63649,,,,,,,,,,,,,,-12.118784,2.814713,-3.245190,0.527660,0.061707,3.033831,0.771973,-0.557373,0.074951,-0.121463,0.027181,-0.032241,,-0.168718,-0.318882,-0.932657,-0.918977,-0.291240,0.265821,-0.356393,0.901939,-0.243907,,,0.000000,,,,0.00,,,
63650,,,,,,,,,,,,,,-12.019673,3.669542,-2.654071,-0.311752,0.429658,3.020734,0.761963,-0.572266,0.075195,-0.120536,0.035727,-0.026315,99867.0000,-0.185404,-0.324671,-0.927477,-0.919315,-0.276088,0.280419,-0.347109,0.904635,-0.247288,,,0.000000,,,,0.00,,,
63651,,,,,,,,,,,,,,-11.843048,3.060455,-3.214663,0.571785,0.154211,2.820796,0.751953,-0.586914,0.082275,-0.118697,0.029791,-0.031921,,-0.201513,-0.330384,-0.922084,-0.920544,-0.257756,0.293530,-0.334650,0.907969,-0.252192,,,0.000000,,,,0.00,,,
63652,,,,,,,,,,,,,,-10.794215,2.383827,-3.207744,1.103242,0.091050,1.644197,0.739502,-0.597656,0.095703,-0.108166,0.023239,-0.031759,99863.0000,-0.216423,-0.336084,-0.916629,-0.923245,-0.234838,0.304089,-0.317459,0.912085,-0.259464,,,0.000000,,,,0.00,,,
63653,,,,,,,,,,,,,,-10.137167,2.222591,-2.784560,1.053197,0.418579,0.872338,0.742432,-0.616455,0.113770,-0.101602,0.021812,-0.027324,,-0.228285,-0.344779,-0.910502,-0.927114,-0.208524,0.311411,-0.297230,0.915229,-0.272047,,,0.000000,,,,0.00,,,
63654,,,,,,,,,,,,,,-9.439935,1.600702,-2.791593,1.501896,0.425065,0.037697,0.731934,-0.620850,0.133789,-0.094582,0.015865,-0.027371,99863.0000,-0.236033,-0.353408,-0.905202,-0.931980,-0.181424,0.313846,-0.275141,0.917708,-0.286547,,,0.000000,,,,0.00,,,
63655,,,,,,,,,,,,,,-8.422493,1.652136,-3.255545,1.323147,-0.252302,-0.732429,0.725586,-0.623047,0.162842,-0.084402,0.016633,-0.032034,,-0.240089,-0.362158,-0.900666,-0.936747,-0.156982,0.312829,-0.254682,0.918803,-0.301561,,,0.000000,,,,0.00,,,
63656,,,,,,,,,,,,,,-7.840006,1.968724,-3.477679,0.898406,-0.615501,-1.080631,0.726074,-0.633545,0.167480,-0.078575,0.019867,-0.034276,99871.0000,-0.242409,-0.369766,-0.896946,-0.940690,-0.136608,0.310548,-0.237360,0.919028,-0.314720,,,0.000000,,,,0.00,,,
63657,,,,,,,,,,,,,,-7.700340,2.282211,-3.232290,0.466088,-0.379288,-1.176174,0.724121,-0.635498,0.183105,-0.077170,0.022953,-0.031827,,-0.244127,-0.377932,-0.893068,-0.943746,-0.119217,0.308431,-0.223035,0.918126,-0.327567,,,0.000000,,,,0.00,,,
63658,,,,,,,,,,,,,,-7.468334,2.171061,-3.118771,0.453818,-0.253758,-1.449367,0.726074,-0.631348,0.194092,-0.074839,0.021815,-0.030738,99866.0000,-0.245527,-0.385435,-0.889470,-0.946086,-0.104704,0.306526,-0.211277,0.916775,-0.338947,,,0.000000,,,,0.00,,,
63659,,,,,,,,,,,,,,-7.362815,2.026647,-3.080916,0.531571,-0.153320,-1.596621,0.724121,-0.639893,0.207520,-0.073775,0.020311,-0.030426,,-0.247207,-0.393015,-0.885680,-0.947567,-0.092970,0.305735,-0.202500,0.914820,-0.349425,,,0.000000,,,,0.00,,,
63660,,,,,,,,,,,,,,-7.440824,2.093198,-3.276877,0.520197,-0.233610,-1.436549,0.719971,-0.641846,0.218750,-0.074554,0.020897,-0.032459,99864.0000,-0.250493,-0.398829,-0.882150,-0.948073,-0.083407,0.306921,-0.195986,0.913224,-0.357227,,,0.000000,,,,0.00,,,
63661,,,,,,,,,,,,,,-7.723310,2.451743,-3.452534,0.297074,-0.242084,-1.013065,0.709961,-0.652588,0.225586,-0.077386,0.024384,-0.034277,,-0.255243,-0.403991,-0.878432,-0.947699,-0.075520,0.310101,-0.191617,0.911640,-0.363586,,,0.000000,,,,0.00,,,
63662,,,,,,,,,,,,,,-7.857636,2.585792,-3.614116,0.267183,-0.291219,-0.794146,0.707520,-0.650391,0.234375,-0.078727,0.025654,-0.035957,99860.0000,-0.261745,-0.407304,-0.874982,-0.946687,-0.068071,0.314882,-0.187813,0.910752,-0.367772,,,0.000000,,,,0.00,,,
63663,,,,,,,,,,,,,,-7.762083,2.668936,-3.622514,0.207021,-0.296334,-0.848045,0.701416,-0.654785,0.234375,-0.077755,0.026459,-0.036106,,-0.268885,-0.409737,-0.871675,-0.945413,-0.060712,0.320169,-0.184106,0.910181,-0.371046,,,0.000000,,,,0.00,,,
63664,,,,,,,,,,,,,,-7.801607,2.875542,-3.616429,0.071418,-0.257665,-0.749542,0.699707,-0.663086,0.236816,-0.078137,0.028499,-0.036105,99866.0000,-0.277458,-0.409892,-0.868911,-0.943874,-0.052415,0.326121,-0.179218,0.910627,-0.372344,,,0.000000,,,,0.00,,,
63665,,,,,,,,,,,,,,-7.732317,2.991521,-3.446994,-0.035144,-0.117157,-0.834687,0.689453,-0.675781,0.239258,-0.077417,0.029661,-0.034479,,-0.286308,-0.408625,-0.866633,-0.942327,-0.043547,0.331848,-0.173341,0.911663,-0.372591,,,0.000000,,,,0.00,,,
63666,,,,,,,,,,,,,,-7.629002,2.865212,-3.489503,0.113812,-0.193075,-0.950560,0.687256,-0.673828,0.234619,-0.076339,0.028420,-0.034977,99866.0000,-0.295655,-0.404782,-0.865297,-0.940770,-0.033980,0.337338,-0.165951,0.913782,-0.370761,,,0.000000,,,,0.00,,,
63667,,,,,,,,,,,,,,-7.578535,2.739764,-3.687829,0.291967,-0.400349,-0.964246,0.685547,-0.684326,0.237061,-0.075791,0.027228,-0.036992,,-0.304069,-0.400280,-0.864476,-0.939558,-0.023917,0.341553,-0.157392,0.916081,-0.368814,,,0.000000,,,,0.00,,,
63668,,,,,,,,,,,,,,-7.547910,2.584828,-4.004452,0.505926,-0.721445,-0.929479,0.679199,-0.682129,0.239258,-0.075444,0.025760,-0.040168,99868.0000,-0.311618,-0.394657,-0.864372,-0.938713,-0.013200,0.344446,-0.147347,0.918734,-0.366357,,,0.000000,,,,0.00,,,
63669,,,,,,,,,,,,,,-7.539661,2.377169,-4.491184,0.779828,-1.193079,-0.832905,0.677490,-0.692871,0.235107,-0.075318,0.023756,-0.045052,,-0.317629,-0.389263,-0.864631,-0.938211,-0.003085,0.346049,-0.137371,0.921122,-0.364231,,,0.000000,,,,0.00,,,
63670,,,,,,,,,,,,,,-7.414154,2.231362,-5.008399,0.944096,-1.752877,-0.808872,0.677490,-0.694824,0.232910,-0.074025,0.022354,-0.050238,99875.0000,-0.322867,-0.383063,-0.865459,-0.937829,0.006387,0.347039,-0.127410,0.923700,-0.361310,,,0.000000,,,,0.00,,,
63671,,,,,,,,,,,,,,-7.224037,2.134245,-5.207325,0.985585,-2.045134,-0.941170,0.671143,-0.692871,0.239502,-0.072098,0.021402,-0.052246,,-0.326929,-0.377162,-0.866526,-0.937581,0.014400,0.347469,-0.118574,0.926035,-0.358327,,,0.000000,,,,0.00,,,
63672,,,,,,,,,,,,,,-6.994042,2.058243,-5.014426,0.942752,-1.997917,-1.244327,0.671387,-0.701172,0.232910,-0.069794,0.020646,-0.050322,99869.0000,-0.330431,-0.370592,-0.868030,-0.937366,0.021407,0.347686,-0.110268,0.928549,-0.354454,,,0.000000,,,,0.00,,,
63673,,,,,,,,,,,,,,-6.692504,2.097424,-4.878486,0.772134,-2.018485,-1.547229,0.669189,-0.697021,0.228516,-0.066787,0.021053,-0.048939,,-0.332328,-0.365337,-0.869533,-0.937474,0.026836,0.347019,-0.103444,0.930489,-0.351412,,,0.000000,,,,0.00,,,
63674,,,,,,,,,,,,,,-6.432209,2.122645,-5.065736,0.658696,-2.322560,-1.706374,0.668945,-0.694824,0.232910,-0.064191,0.021332,-0.050779,99864.0000,-0.333440,-0.360255,-0.871226,-0.937756,0.031543,0.345859,-0.097116,0.932320,-0.348349,,,0.000000,,,,0.00,,,
63675,,,,,,,,,,,,,,-6.128125,2.162478,-5.439664,0.528048,-2.803285,-1.832538,0.675537,-0.694824,0.235107,-0.061149,0.021751,-0.054495,,-0.333048,-0.356679,-0.872845,-0.938391,0.034856,0.343814,-0.092207,0.933577,-0.346313,,,0.000000,,,,0.00,,,
63676,,,,,,,,,,,,,,-5.837237,2.339516,-5.712521,0.260259,-3.182611,-1.939779,0.666748,-0.690674,0.234863,-0.058233,0.023517,-0.057217,99862.0000,-0.332351,-0.352614,-0.874760,-0.939045,0.037217,0.341773,-0.087958,0.935028,-0.343490,,,0.000000,,,,0.00,,,
63677,,,,,,,,,,,,,,-5.935604,2.662473,-5.868766,-0.026216,-3.302023,-1.697369,0.677490,-0.694824,0.230713,-0.059212,0.026739,-0.058781,,-0.330688,-0.349723,-0.876549,-0.939899,0.038332,0.339294,-0.085059,0.936068,-0.341381,,,0.000000,,,,0.00,,,
63678,,,,,,,,,,,,,,-6.399579,3.273391,-5.756692,-0.486281,-3.036983,-1.132288,0.675293,-0.692871,0.226074,-0.063859,0.032858,-0.057648,99873.0000,-0.329144,-0.346396,-0.878450,-0.940718,0.039564,0.336874,-0.081936,0.937254,-0.338884,,,0.000000,,,,0.00,,,
63679,,,,,,,,,,,,,,-7.326038,3.935034,-5.488813,-0.857244,-2.453753,-0.193618,0.673096,-0.690674,0.235107,-0.073132,0.039482,-0.054964,,-0.327058,-0.344509,-0.879969,-0.941648,0.040395,0.334168,-0.079578,0.937913,-0.337618,,,0.000000,,,,0.00,,,
63680,,,,,,,,,,,,,,-8.251076,4.602993,-4.921398,-1.258388,-1.598549,0.644317,0.675293,-0.690674,0.232666,-0.082396,0.046148,-0.049296,99857.0000,-0.325749,-0.341665,-0.881563,-0.942333,0.041598,0.332082,-0.076790,0.938901,-0.335512,,,0.000000,,,,0.00,,,
