// Start Time: Unknown
// Update Rate: 100.0Hz
// Filter Profile: human (46.1)
// Firmware Version: 4.6.0
PacketCounter,SampleTimeFine,Year,Month,Day,Second,UTC_Nano,UTC_Year,UTC_Month,UTC_Day,UTC_Hour,UTC_Minute,UTC_Second,UTC_Valid,Acc_X,Acc_Y,Acc_Z,FreeAcc_X,FreeAcc_Y,FreeAcc_Z,Mag_X,Mag_Y,Mag_Z,VelInc_X,VelInc_Y,VelInc_Z,Pressure,Mat[1][1],Mat[2][1],Mat[3][1],Mat[1][2],Mat[2][2],Mat[3][2],Mat[1][3],Mat[2][3],Mat[3][3],Latitude,Longitude,Altitude,Vel_X,Vel_Y,Vel_Z,Temperature,GyrTemp_X,GyrTemp_Y,GyrTemp_Z
40031,,,,,,,,,,,,,,-9.737623,-1.170565,0.151293,-0.000000,0.000000,-0.003793,0.871826,-0.302490,-0.125977,-0.097376,-0.011706,0.001516,,0.111715,0.044741,-0.992733,-0.961680,-0.246838,-0.119345,-0.250383,0.968023,0.015451,,,0.000000,,,,0.00,,,
40032,,,,,,,,,,,,,,-9.738992,-1.199788,0.132533,0.018601,-0.014185,0.000796,0.867676,-0.306641,-0.123779,-0.097390,-0.011996,0.001326,99890.0000,0.113045,0.045315,-0.992556,-0.960902,-0.249140,-0.120815,-0.252760,0.967407,0.015380,,,0.000000,,,,0.00,,,
40033,,,,,,,,,,,,,,-9.711370,-1.190077,0.113907,0.016513,-0.033002,-0.028077,0.876465,-0.306641,-0.125977,-0.097114,-0.011898,0.001144,,0.113128,0.045245,-0.992550,-0.960877,-0.249207,-0.120878,-0.252820,0.967393,0.015282,,,0.000000,,,,0.00,,,
40034,,,,,,,,,,,,,,-9.737508,-1.171725,0.149677,-0.013905,-0.002605,-0.003803,0.867676,-0.306641,-0.123779,-0.097375,-0.011714,0.001500,99890.0000,0.113204,0.045096,-0.992548,-0.960880,-0.249179,-0.120914,-0.252774,0.967407,0.015124,,,0.000000,,,,0.00,,,
40035,,,,,,,,,,,,,,-9.712635,-1.220177,0.093971,0.049032,-0.042760,-0.023473,0.865479,-0.304443,-0.128174,-0.097126,-0.012201,0.000943,,0.113228,0.045054,-0.992547,-0.960841,-0.249319,-0.120928,-0.252909,0.967373,0.015060,,,0.000000,,,,0.00,,,
40036,,,,,,,,,,,,,,-9.751897,-1.192210,0.148233,0.003387,0.001482,0.012933,0.867676,-0.304443,-0.123779,-0.097519,-0.011918,0.001485,99892.0000,0.113321,0.045012,-0.992538,-0.960833,-0.249312,-0.121007,-0.252899,0.967377,0.014997,,,0.000000,,,,0.00,,,
40037,,,,,,,,,,,,,,-9.710953,-1.222727,0.127278,0.041892,-0.008977,-0.024325,0.869873,-0.306641,-0.121582,-0.097110,-0.012225,0.001275,,0.113377,0.044992,-0.992533,-0.960797,-0.249427,-0.121059,-0.253011,0.967348,0.014949,,,0.000000,,,,0.00,,,
40038,,,,,,,,,,,,,,-9.737320,-1.173556,0.147558,-0.013941,-0.002580,-0.003803,0.867920,-0.308838,-0.119141,-0.097373,-0.011734,0.001476,99896.0000,0.113410,0.044976,-0.992530,-0.960803,-0.249391,-0.121086,-0.252974,0.967358,0.014930,,,0.000000,,,,0.00,,,
40039,,,,,,,,,,,,,,-9.725335,-1.243137,0.126277,0.059167,-0.004888,-0.007589,0.867676,-0.304443,-0.125977,-0.097254,-0.012429,0.001267,,0.113481,0.044908,-0.992525,-0.960794,-0.249402,-0.121137,-0.252978,0.967358,0.014845,,,0.000000,,,,0.00,,,
40040,,,,,,,,,,,,,,-9.711014,-1.193329,0.110197,0.016431,-0.032048,-0.028074,0.867432,-0.300293,-0.124023,-0.097110,-0.011931,0.001101,99888.0000,0.113518,0.044950,-0.992519,-0.960773,-0.249457,-0.121185,-0.253038,0.967342,0.014869,,,0.000000,,,,0.00,,,
40041,,,,,,,,,,,,,,-9.782335,-1.201675,0.095485,0.019658,-0.047210,0.043509,0.867920,-0.308838,-0.123779,-0.097823,-0.012015,0.000959,,0.113569,0.044872,-0.992516,-0.960774,-0.249442,-0.121214,-0.253014,0.967350,0.014783,,,0.000000,,,,0.00,,,
40042,,,,,,,,,,,,,,-9.710716,-1.224795,0.125458,0.041736,-0.008870,-0.024324,0.869629,-0.300293,-0.124023,-0.097108,-0.012244,0.001255,99896.0000,0.113645,0.044893,-0.992507,-0.960738,-0.249540,-0.121295,-0.253115,0.967323,0.014772,,,0.000000,,,,0.00,,,
40043,,,,,,,,,,,,,,-9.766212,-1.184388,0.129886,-0.004851,-0.017438,0.025921,0.872070,-0.306641,-0.125977,-0.097662,-0.011844,0.001297,,0.113641,0.044932,-0.992505,-0.960739,-0.249535,-0.121300,-0.253115,0.967323,0.014811,,,0.000000,,,,0.00,,,
40044,,,,,,,,,,,,,,-9.697528,-1.234874,0.107079,0.056849,-0.023002,-0.036457,0.869629,-0.302490,-0.123779,-0.096975,-0.012347,0.001075,99893.0000,0.113715,0.044783,-0.992504,-0.960745,-0.249494,-0.121334,-0.253057,0.967340,0.014654,,,0.000000,,,,0.00,,,
40045,,,,,,,,,,,,,,-9.708078,-1.137095,0.146220,-0.048772,-0.010023,-0.037276,0.871826,-0.302490,-0.121582,-0.097081,-0.011367,0.001459,,0.113767,0.044874,-0.992493,-0.960722,-0.249547,-0.121408,-0.253122,0.967322,0.014721,,,0.000000,,,,0.00,,,
40046,,,,,,,,,,,,,,-9.783438,-1.232846,0.076396,0.051878,-0.057059,0.048117,0.867676,-0.304443,-0.119385,-0.097834,-0.012329,0.000767,99890.0000,0.113793,0.044797,-0.992494,-0.960736,-0.249490,-0.121412,-0.253057,0.967341,0.014648,,,0.000000,,,,0.00,,,
40047,,,,,,,,,,,,,,-9.637782,-1.189512,0.157992,0.005785,0.017693,-0.100510,0.867676,-0.306641,-0.123779,-0.096378,-0.011892,0.001579,,0.113852,0.044851,-0.992485,-0.960685,-0.249651,-0.121486,-0.253224,0.967297,0.014664,,,0.000000,,,,0.00,,,
40048,,,,,,,,,,,,,,-9.780414,-1.206253,0.128861,0.012064,-0.012456,0.042659,0.871826,-0.302490,-0.125977,-0.097805,-0.012059,0.001292,99890.0000,0.113962,0.044772,-0.992476,-0.960696,-0.249566,-0.121572,-0.253132,0.967322,0.014571,,,0.000000,,,,0.00,,,
40049,,,,,,,,,,,,,,-9.666777,-1.199367,0.140833,0.014834,0.002904,-0.070785,0.871826,-0.300293,-0.126221,-0.096668,-0.011993,0.001410,,0.113978,0.044750,-0.992475,-0.960674,-0.249645,-0.121582,-0.253207,0.967303,0.014536,,,0.000000,,,,0.00,,,
40050,,,,,,,,,,,,,,-9.752974,-1.166126,0.094006,-0.015605,-0.053936,0.010043,0.871826,-0.302490,-0.128174,-0.097530,-0.011659,0.000941,99890.0000,0.114049,0.044700,-0.992469,-0.960672,-0.249627,-0.121638,-0.253184,0.967310,0.014472,,,0.000000,,,,0.00,,,
40051,,,,,,,,,,,,,,-9.710069,-1.259044,0.139793,0.066539,0.015576,-0.020573,0.869873,-0.306641,-0.125977,-0.097101,-0.012589,0.001399,,0.114081,0.044688,-0.992466,-0.960651,-0.249693,-0.121667,-0.253249,0.967293,0.014444,,,0.000000,,,,0.00,,,
40052,,,,,,,,,,,,,,-9.751363,-1.168163,0.128199,-0.022791,-0.019876,0.009186,0.865479,-0.304443,-0.125977,-0.097514,-0.011681,0.001281,99889.0000,0.114091,0.044675,-0.992465,-0.960652,-0.249686,-0.121673,-0.253241,0.967296,0.014430,,,0.000000,,,,0.00,,,
40053,,,,,,,,,,,,,,-9.712950,-1.286750,0.086498,0.106125,-0.028578,-0.015110,0.861328,-0.308838,-0.125977,-0.097129,-0.012869,0.000869,,0.114081,0.044583,-0.992471,-0.960677,-0.249607,-0.121639,-0.253151,0.967320,0.014355,,,0.000000,,,,0.00,,,
40054,,,,,,,,,,,,,,-9.709176,-1.168536,0.125627,-0.016928,-0.019345,-0.032672,0.869873,-0.304443,-0.123779,-0.097092,-0.011686,0.001256,99894.0000,0.114081,0.044558,-0.992472,-0.960660,-0.249676,-0.121634,-0.253217,0.967304,0.014322,,,0.000000,,,,0.00,,,
40055,,,,,,,,,,,,,,-9.711867,-1.226683,0.088537,0.048098,-0.040683,-0.023460,0.867432,-0.300293,-0.128418,-0.097119,-0.012267,0.000887,,0.114078,0.044519,-0.992474,-0.960681,-0.249603,-0.121620,-0.253138,0.967324,0.014295,,,0.000000,,,,0.00,,,
40056,,,,,,,,,,,,,,-9.723673,-1.187905,0.125150,-0.000191,-0.014970,-0.015934,0.876221,-0.300293,-0.121582,-0.097237,-0.011880,0.001252,99890.0000,0.114110,0.044485,-0.992472,-0.960660,-0.249669,-0.121643,-0.253201,0.967309,0.014245,,,0.000000,,,,0.00,,,
40057,,,,,,,,,,,,,,-9.684142,-1.246684,0.085790,0.070832,-0.036109,-0.048576,0.872070,-0.306641,-0.130371,-0.096841,-0.012468,0.000862,,0.114120,0.044385,-0.992475,-0.960680,-0.249600,-0.121626,-0.253120,0.967331,0.014155,,,0.000000,,,,0.00,,,
40058,,,,,,,,,,,,,,-9.753045,-1.165691,0.092025,-0.016885,-0.052588,0.010049,0.867676,-0.306641,-0.125977,-0.097530,-0.011658,0.000919,99890.0000,0.114151,0.044372,-0.992472,-0.960657,-0.249675,-0.121655,-0.253194,0.967312,0.014125,,,0.000000,,,,0.00,,,
40059,,,,,,,,,,,,,,-9.684208,-1.246207,0.085235,0.070308,-0.035680,-0.048571,0.867676,-0.304443,-0.125977,-0.096842,-0.012465,0.000856,,0.114121,0.044270,-0.992480,-0.960692,-0.249569,-0.121597,-0.253076,0.967344,0.014048,,,0.000000,,,,0.00,,,
40060,,,,,,,,,,,,,,-9.722472,-1.157808,0.142119,-0.033660,-0.003378,-0.020546,0.870117,-0.310791,-0.127930,-0.097225,-0.011578,0.001422,99884.0000,0.114168,0.044200,-0.992478,-0.960681,-0.249599,-0.121627,-0.253097,0.967340,0.013966,,,0.000000,,,,0.00,,,
40061,,,,,,,,,,,,,,-9.754499,-1.193933,0.072487,0.015193,-0.062760,0.014663,0.872070,-0.306641,-0.123779,-0.097545,-0.011942,0.000727,,0.114128,0.044143,-0.992485,-0.960694,-0.249573,-0.121573,-0.253064,0.967349,0.013924,,,0.000000,,,,0.00,,,
40062,,,,,,,,,,,,,,-9.696086,-1.206977,0.120749,0.021841,-0.008936,-0.041050,0.865723,-0.306641,-0.130371,-0.096961,-0.012068,0.001210,99889.0000,0.114206,0.044019,-0.992481,-0.960679,-0.249609,-0.121617,-0.253086,0.967346,0.013781,,,0.000000,,,,0.00,,,
40063,,,,,,,,,,,,,,-9.710741,-1.196092,0.104113,0.013757,-0.027958,-0.028057,0.867676,-0.304443,-0.123779,-0.097107,-0.011962,0.001043,,0.114194,0.043966,-0.992485,-0.960694,-0.249564,-0.121592,-0.253034,0.967360,0.013739,,,0.000000,,,,0.00,,,
40064,,,,,,,,,,,,,,-9.723900,-1.186355,0.122174,-0.001857,-0.012759,-0.015932,0.867676,-0.302490,-0.123779,-0.097239,-0.011865,0.001222,99892.0000,0.114200,0.043923,-0.992486,-0.960663,-0.249685,-0.121588,-0.253149,0.967331,0.013681,,,0.000000,,,,0.00,,,
40065,,,,,,,,,,,,,,-9.697673,-1.205142,0.085379,0.028577,-0.042259,-0.040179,0.865723,-0.306641,-0.123779,-0.096977,-0.012051,0.000856,,0.114217,0.043875,-0.992486,-0.960679,-0.249620,-0.121592,-0.253080,0.967349,0.013639,,,0.000000,,,,0.00,,,
40066,,,,,,,,,,,,,,-9.665667,-1.168989,0.154428,-0.020787,0.017822,-0.075401,0.869873,-0.304443,-0.123779,-0.096657,-0.011688,0.001545,99890.0000,0.114315,0.043802,-0.992478,-0.960665,-0.249640,-0.121668,-0.253091,0.967348,0.013542,,,0.000000,,,,0.00,,,
40067,,,,,,,,,,,,,,-9.710765,-1.195989,0.103035,0.012848,-0.026802,-0.028053,0.872070,-0.304443,-0.123779,-0.097107,-0.011961,0.001033,,0.114304,0.043730,-0.992483,-0.960685,-0.249578,-0.121638,-0.253021,0.967367,0.013483,,,0.000000,,,,0.00,,,
40068,,,,,,,,,,,,,,-9.697334,-1.266086,0.116028,0.078271,0.005401,-0.032679,0.869873,-0.304443,-0.128174,-0.096973,-0.012665,0.001164,99890.0000,0.114296,0.043552,-0.992492,-0.960691,-0.249581,-0.121586,-0.253002,0.967374,0.013314,,,0.000000,,,,0.00,,,
40069,,,,,,,,,,,,,,-9.696473,-1.175067,0.101749,-0.005003,-0.030137,-0.044791,0.872070,-0.306641,-0.121582,-0.096964,-0.011753,0.001022,,0.114273,0.043446,-0.992499,-0.960720,-0.249491,-0.121536,-0.252900,0.967402,0.013230,,,0.000000,,,,0.00,,,
40070,,,,,,,,,,,,,,-9.725487,-1.213746,0.100537,0.029023,-0.021300,-0.011306,0.874268,-0.306641,-0.125977,-0.097254,-0.012142,0.001009,99891.0000,0.114270,0.043274,-0.992507,-0.960731,-0.249473,-0.121489,-0.252861,0.967414,0.013067,,,0.000000,,,,0.00,,,
40071,,,,,,,,,,,,,,-9.725565,-1.213158,0.100081,0.029023,-0.021296,-0.011306,0.865723,-0.308838,-0.123779,-0.097255,-0.012133,0.001001,,0.114242,0.043246,-0.992511,-0.960751,-0.249412,-0.121454,-0.252797,0.967431,0.013055,,,0.000000,,,,0.00,,,
40072,,,,,,,,,,,,,,-9.626021,-1.316473,0.160465,0.124836,0.068061,-0.096777,0.872070,-0.306641,-0.123779,-0.096259,-0.013172,0.001604,99890.0000,0.114140,0.043146,-0.992527,-0.960784,-0.249346,-0.121329,-0.252717,0.967453,0.012994,,,0.000000,,,,0.00,,,
40073,,,,,,,,,,,,,,-9.639555,-1.274754,0.162146,0.084239,0.059715,-0.088406,0.865479,-0.300293,-0.126221,-0.096394,-0.012757,0.001628,,0.114003,0.042940,-0.992552,-0.960845,-0.249202,-0.121142,-0.252547,0.967499,0.012849,,,0.000000,,,,0.00,,,
40074,,,,,,,,,,,,,,-9.699481,-1.318777,0.109819,0.134172,0.019507,-0.024287,0.872070,-0.306641,-0.123779,-0.096993,-0.013204,0.001102,99887.0000,0.113805,0.042714,-0.992584,-0.960933,-0.248983,-0.120891,-0.252300,0.967565,0.012710,,,0.000000,,,,0.00,,,
40075,,,,,,,,,,,,,,-9.625965,-1.248588,0.160379,0.065971,0.055950,-0.105144,0.874268,-0.308838,-0.121338,-0.096257,-0.012509,0.001609,,0.113390,0.042457,-0.992643,-0.961068,-0.248690,-0.120420,-0.251973,0.967652,0.012605,,,0.000000,,,,0.00,,,
40076,,,,,,,,,,,,,,-9.728681,-1.228529,0.077759,0.058917,-0.030286,-0.006660,0.869873,-0.308838,-0.116943,-0.097284,-0.012309,0.000785,99893.0000,0.113096,0.042068,-0.992693,-0.961213,-0.248317,-0.120033,-0.251552,0.967765,0.012353,,,0.000000,,,,0.00,,,
40077,,,,,,,,,,,,,,-9.754271,-1.144987,0.115416,-0.029414,-0.013205,0.009180,0.859375,-0.311035,-0.121338,-0.097540,-0.011474,0.001160,,0.112664,0.041797,-0.992754,-0.961363,-0.247973,-0.119542,-0.251173,0.967865,0.012245,,,0.000000,,,,0.00,,,
40078,,,,,,,,,,,,,,-9.761984,-1.224877,-0.009905,0.081727,-0.112238,0.024867,0.869873,-0.306641,-0.119385,-0.097617,-0.012272,-0.000093,99890.0000,0.112306,0.041467,-0.992808,-0.961510,-0.247614,-0.119108,-0.250772,0.967971,0.012062,,,0.000000,,,,0.00,,,
40079,,,,,,,,,,,,,,-9.740883,-1.115845,0.113964,-0.047332,-0.016762,-0.007568,0.867676,-0.306641,-0.128174,-0.097406,-0.011182,0.001139,,0.111851,0.041317,-0.992866,-0.961650,-0.247300,-0.118626,-0.250437,0.968058,0.012072,,,0.000000,,,,0.00,,,
40080,,,,,,,,,,,,,,-9.787893,-1.197891,0.060062,0.043018,-0.048588,0.048205,0.869873,-0.306641,-0.123779,-0.097876,-0.012001,0.000606,99892.0000,0.111567,0.041019,-0.992910,-0.961771,-0.246997,-0.118272,-0.250097,0.968148,0.011894,,,0.000000,,,,0.00,,,
40081,,,,,,,,,,,,,,-9.757977,-1.094559,0.062228,-0.049442,-0.069189,0.006316,0.872070,-0.304443,-0.119385,-0.097577,-0.010967,0.000622,,0.111158,0.040889,-0.992961,-0.961897,-0.246714,-0.117840,-0.249796,0.968225,0.011907,,,0.000000,,,,0.00,,,
40082,,,,,,,,,,,,,,-9.770048,-1.082475,0.114973,-0.073185,-0.019989,0.017523,0.867676,-0.304443,-0.123779,-0.097699,-0.010842,0.001150,99890.0000,0.110964,0.040697,-0.992991,-0.961996,-0.246441,-0.117601,-0.249500,0.968303,0.011804,,,0.000000,,,,0.00,,,
40083,,,,,,,,,,,,,,-9.728160,-1.080291,0.112846,-0.067156,-0.019809,-0.024330,0.863525,-0.308838,-0.121582,-0.097280,-0.010816,0.001131,,0.110720,0.040555,-0.993024,-0.962069,-0.246288,-0.117327,-0.249329,0.968348,0.011748,,,0.000000,,,,0.00,,,
40084,,,,,,,,,,,,,,-9.741560,-1.037769,0.113853,-0.108452,-0.027765,-0.015985,0.872070,-0.306641,-0.119385,-0.097414,-0.010388,0.001147,99893.0000,0.110631,0.040288,-0.993045,-0.962095,-0.246257,-0.117174,-0.249265,0.968367,0.011517,,,0.000000,,,,0.00,,,
40085,,,,,,,,,,,,,,-9.731559,-1.134497,0.073097,-0.002845,-0.040737,-0.015035,0.863525,-0.308838,-0.123779,-0.097315,-0.011353,0.000741,,0.110531,0.040055,-0.993065,-0.962096,-0.246327,-0.117019,-0.249306,0.968359,0.011310,,,0.000000,,,,0.00,,,
40086,,,,,,,,,,,,,,-9.744840,-1.062474,0.057068,-0.069443,-0.071584,-0.010439,0.872070,-0.306641,-0.121582,-0.097448,-0.010630,0.000581,99896.0000,0.110532,0.039765,-0.993077,-0.962073,-0.246451,-0.116950,-0.249395,0.968339,0.011016,,,0.000000,,,,0.00,,,
40087,,,,,,,,,,,,,,-9.772632,-1.102176,0.088830,-0.042024,-0.029615,0.022168,0.865723,-0.311035,-0.123535,-0.097726,-0.011025,0.000901,,0.110539,0.039508,-0.993086,-0.962035,-0.246626,-0.116894,-0.249539,0.968305,0.010746,,,0.000000,,,,0.00,,,
40088,,,,,,,,,,,,,,-9.746437,-1.151818,0.066091,0.013400,-0.035406,0.001723,0.870117,-0.311035,-0.123535,-0.097465,-0.011516,0.000672,99896.0000,0.110663,0.039271,-0.993082,-0.961966,-0.246865,-0.116957,-0.249750,0.968254,0.010458,,,0.000000,,,,0.00,,,
40089,,,,,,,,,,,,,,-9.731850,-1.132527,0.064432,-0.003900,-0.039490,-0.015030,0.859375,-0.311035,-0.116943,-0.097319,-0.011324,0.000652,,0.110723,0.039138,-0.993080,-0.961928,-0.247002,-0.116984,-0.249872,0.968224,0.010299,,,0.000000,,,,0.00,,,
40090,,,,,,,,,,,,,,-9.759492,-1.112341,0.064860,-0.027081,-0.042976,0.010072,0.867920,-0.312988,-0.119141,-0.097595,-0.011121,0.000656,99895.0000,0.110791,0.038935,-0.993081,-0.961890,-0.247141,-0.117001,-0.249986,0.968197,0.010070,,,0.000000,,,,0.00,,,
40091,,,,,,,,,,,,,,-9.772551,-1.134131,0.097662,-0.016942,-0.005097,0.025922,0.867676,-0.304443,-0.123779,-0.097726,-0.011336,0.000984,,0.110932,0.038842,-0.993069,-0.961829,-0.247324,-0.117116,-0.250158,0.968154,0.009923,,,0.000000,,,,0.00,,,
40092,,,,,,,,,,,,,,-9.718515,-1.174758,0.057868,0.036574,-0.029688,-0.023370,0.861328,-0.308838,-0.121582,-0.097186,-0.011744,0.000585,99897.0000,0.111057,0.038684,-0.993061,-0.961760,-0.247552,-0.117200,-0.250368,0.968102,0.009712,,,0.000000,,,,0.00,,,
40093,,,,,,,,,,,,,,-9.772328,-1.044266,0.047193,-0.093358,-0.073725,0.014671,0.865723,-0.308838,-0.116943,-0.097724,-0.010437,0.000474,,0.111173,0.038675,-0.993048,-0.961711,-0.247691,-0.117312,-0.250506,0.968067,0.009657,,,0.000000,,,,0.00,,,
40094,,,,,,,,,,,,,,-9.721138,-1.204338,0.003578,0.076354,-0.073279,-0.017803,0.865723,-0.306641,-0.123779,-0.097212,-0.012040,0.000038,99893.0000,0.111233,0.038605,-0.993044,-0.961631,-0.247981,-0.117355,-0.250786,0.967995,0.009540,,,0.000000,,,,0.00,,,
40095,,,,,,,,,,,,,,-9.741602,-1.100301,0.129365,-0.058761,0.022023,-0.008491,0.863525,-0.311035,-0.121338,-0.097417,-0.010995,0.001296,,0.111395,0.038611,-0.993026,-0.961584,-0.248088,-0.117514,-0.250895,0.967968,0.009492,,,0.000000,,,,0.00,,,
40096,,,,,,,,,,,,,,-9.747086,-1.249054,0.070941,0.096785,0.002960,0.013882,0.872070,-0.306641,-0.125977,-0.097472,-0.012483,0.000714,99896.0000,0.111542,0.038544,-0.993012,-0.961481,-0.248425,-0.117643,-0.251224,0.967884,0.009349,,,0.000000,,,,0.00,,,
40097,,,,,,,,,,,,,,-9.774673,-1.198802,0.056072,0.048070,-0.024382,0.035236,0.865723,-0.308838,-0.114746,-0.097747,-0.011987,0.000564,,0.111576,0.038495,-0.993010,-0.961454,-0.248519,-0.117665,-0.251311,0.967862,0.009282,,,0.000000,,,,0.00,,,
40098,,,,,,,,,,,,,,-9.760079,-1.118449,0.024045,-0.020499,-0.073820,0.010997,0.870117,-0.311035,-0.119141,-0.097601,-0.011181,0.000239,99894.0000,0.111682,0.038463,-0.992999,-0.961403,-0.248670,-0.117761,-0.251458,0.967824,0.009206,,,0.000000,,,,0.00,,,
40099,,,,,,,,,,,,,,-9.719150,-1.179884,0.019949,0.043417,-0.061215,-0.022449,0.867920,-0.308838,-0.114746,-0.097192,-0.011794,0.000200,,0.111769,0.038507,-0.992988,-0.961337,-0.248880,-0.117857,-0.251673,0.967769,0.009201,,,0.000000,,,,0.00,,,
40100,,,,,,,,,,,,,,-9.761292,-1.179771,0.022035,0.037083,-0.059849,0.019413,0.865479,-0.306641,-0.119385,-0.097613,-0.011794,0.000217,99897.0000,0.111848,0.038438,-0.992982,-0.961323,-0.248906,-0.117917,-0.251691,0.967765,0.009112,,,0.000000,,,,0.00,,,
40101,,,,,,,,,,,,,,-9.732089,-1.232984,0.071077,0.078647,0.001296,-0.002862,0.859131,-0.304688,-0.117188,-0.097321,-0.012327,0.000708,,0.111893,0.038515,-0.992974,-0.961278,-0.249050,-0.117982,-0.251844,0.967724,0.009157,,,0.000000,,,,0.00,,,
40102,,,,,,,,,,,,,,-9.746610,-1.161289,0.023548,0.019368,-0.063006,0.002668,0.865723,-0.308838,-0.116943,-0.097466,-0.011611,0.000231,99897.0000,0.111942,0.038534,-0.992967,-0.961252,-0.249123,-0.118034,-0.251919,0.967705,0.009153,,,0.000000,,,,0.00,,,
40103,,,,,,,,,,,,,,-9.732040,-1.202803,0.056795,0.052828,-0.020861,-0.006601,0.865723,-0.308838,-0.121582,-0.097320,-0.012030,0.000563,,0.111863,0.038648,-0.992972,-0.961208,-0.249316,-0.117988,-0.252124,0.967651,0.009259,,,0.000000,,,,0.00,,,
40104,,,,,,,,,,,,,,-9.772908,-1.141955,0.061870,-0.011334,-0.032341,0.026847,0.869873,-0.304443,-0.119385,-0.097729,-0.011419,0.000616,99897.0000,0.111877,0.038594,-0.992972,-0.961202,-0.249337,-0.117989,-0.252139,0.967647,0.009202,,,0.000000,,,,0.00,,,
40105,,,,,,,,,,,,,,-9.727782,-1.145999,0.129752,-0.019553,0.035370,-0.016858,0.865479,-0.306641,-0.117188,-0.097278,-0.011458,0.001293,,0.111885,0.038704,-0.992967,-0.961167,-0.249456,-0.118025,-0.252269,0.967613,0.009290,,,0.000000,,,,0.00,,,
40106,,,,,,,,,,,,,,-9.758327,-1.061759,0.031921,-0.080337,-0.081431,0.002617,0.863525,-0.306641,-0.123779,-0.097584,-0.010615,0.000313,99890.0000,0.111991,0.038733,-0.992954,-0.961104,-0.249644,-0.118137,-0.252461,0.967563,0.009269,,,0.000000,,,,0.00,,,
40107,,,,,,,,,,,,,,-9.788741,-1.161166,0.030586,0.012071,-0.060724,0.044536,0.863281,-0.304688,-0.117188,-0.097888,-0.011609,0.000296,,0.111977,0.038967,-0.992946,-0.961043,-0.249856,-0.118185,-0.252698,0.967499,0.009471,,,0.000000,,,,0.00,,,
40108,,,,,,,,,,,,,,-9.698470,-1.047573,0.103052,-0.106181,-0.017071,-0.057853,0.872070,-0.308838,-0.119141,-0.096986,-0.010467,0.001019,99886.0000,0.112117,0.039193,-0.992922,-0.960930,-0.250201,-0.118381,-0.253070,0.967400,0.009610,,,0.000000,,,,0.00,,,
40109,,,,,,,,,,,,,,-9.759250,-1.155604,0.050986,0.002518,-0.045018,0.014772,0.870361,-0.315186,-0.127930,-0.097594,-0.011545,0.000503,,0.112280,0.039430,-0.992894,-0.960811,-0.250553,-0.118602,-0.253449,0.967300,0.009752,,,0.000000,,,,0.00,,,
40110,,,,,,,,,,,,,,-9.741556,-1.110692,0.106455,-0.054048,-0.003741,-0.007589,0.865723,-0.311035,-0.121338,-0.097417,-0.011094,0.001049,99891.0000,0.112394,0.039745,-0.992869,-0.960683,-0.250951,-0.118796,-0.253882,0.967184,0.009977,,,0.000000,,,,0.00,,,
40111,,,,,,,,,,,,,,-9.732336,-1.210144,0.034775,0.058668,-0.050454,-0.005648,0.867920,-0.308838,-0.119141,-0.097325,-0.012087,0.000342,,0.112625,0.039991,-0.992832,-0.960534,-0.251383,-0.119087,-0.254343,0.967061,0.010101,,,0.000000,,,,0.00,,,
40112,,,,,,,,,,,,,,-9.729176,-1.184685,0.089607,0.019384,-0.004641,-0.011260,0.869873,-0.306641,-0.119385,-0.097293,-0.011840,0.000884,99890.0000,0.112651,0.040165,-0.992822,-0.960441,-0.251704,-0.119160,-0.254683,0.966971,0.010221,,,0.000000,,,,0.00,,,
40113,,,,,,,,,,,,,,-9.758096,-1.194812,0.075397,0.028539,-0.019462,0.018513,0.865723,-0.308838,-0.119141,-0.097582,-0.011940,0.000744,,0.112744,0.040450,-0.992800,-0.960308,-0.252129,-0.119327,-0.255140,0.966848,0.010419,,,0.000000,,,,0.00,,,
40114,,,,,,,,,,,,,,-9.686522,-1.188634,0.091942,0.025212,-0.002860,-0.053109,0.874268,-0.304443,-0.123779,-0.096866,-0.011879,0.000909,99897.0000,0.112847,0.040576,-0.992784,-0.960178,-0.252562,-0.119464,-0.255587,0.966730,0.010459,,,0.000000,,,,0.00,,,
40115,,,,,,,,,,,,,,-9.772251,-1.217083,0.079474,0.045587,-0.013649,0.035269,0.870117,-0.308838,-0.125977,-0.097723,-0.012168,0.000782,,0.112821,0.040892,-0.992774,-0.960068,-0.252950,-0.119523,-0.256010,0.966615,0.010721,,,0.000000,,,,0.00,,,
40116,,,,,,,,,,,,,,-9.713891,-1.200457,0.114465,0.026610,0.016925,-0.024282,0.867432,-0.300293,-0.124023,-0.097139,-0.012002,0.001136,99889.0000,0.112873,0.041057,-0.992761,-0.959912,-0.253493,-0.119622,-0.256570,0.966465,0.010798,,,0.000000,,,,0.00,,,
40117,,,,,,,,,,,,,,-9.728373,-1.220113,0.116456,0.043863,0.021116,-0.007530,0.865479,-0.302490,-0.123779,-0.097284,-0.012204,0.001150,,0.112731,0.041369,-0.992764,-0.959808,-0.253913,-0.119569,-0.257022,0.966342,0.011083,,,0.000000,,,,0.00,,,
40118,,,,,,,,,,,,,,-9.746126,-1.205321,0.033787,0.048739,-0.064875,0.007411,0.867676,-0.306641,-0.125977,-0.097461,-0.012055,0.000328,99894.0000,0.112745,0.041555,-0.992755,-0.959654,-0.254462,-0.119638,-0.257590,0.966190,0.011189,,,0.000000,,,,0.00,,,
40119,,,,,,,,,,,,,,-9.728619,-1.187968,0.105288,0.017185,-0.001371,-0.011255,0.863525,-0.306641,-0.125977,-0.097285,-0.011888,0.001039,,0.112496,0.041846,-0.992771,-0.959521,-0.255039,-0.119478,-0.258195,0.966025,0.011461,,,0.000000,,,,0.00,,,
40120,,,,,,,,,,,,,,-9.715551,-1.226803,0.105240,0.057810,0.007463,-0.019596,0.870117,-0.308838,-0.123779,-0.097155,-0.012273,0.001041,99894.0000,0.112319,0.042057,-0.992782,-0.959394,-0.255568,-0.119368,-0.258744,0.965876,0.011644,,,0.000000,,,,0.00,,,
40121,,,,,,,,,,,,,,-9.800339,-1.192583,0.095568,0.020263,-0.015749,0.060376,0.874512,-0.310791,-0.123535,-0.098002,-0.011939,0.000945,,0.111975,0.042259,-0.992812,-0.959264,-0.256181,-0.119095,-0.259372,0.965705,0.011852,,,0.000000,,,,0.00,,,
40122,,,,,,,,,,,,,,-9.756871,-1.192168,0.129768,0.018974,0.019750,0.017566,0.872070,-0.308838,-0.128174,-0.097567,-0.011938,0.001291,99890.0000,0.111613,0.042220,-0.992854,-0.959117,-0.256892,-0.118745,-0.260070,0.965517,0.011821,,,0.000000,,,,0.00,,,
40123,,,,,,,,,,,,,,-9.831757,-1.253493,0.079323,0.087037,-0.016448,0.098575,0.863770,-0.312988,-0.127930,-0.098314,-0.012562,0.000786,,0.111023,0.042313,-0.992917,-0.958944,-0.257786,-0.118210,-0.260962,0.965275,0.011956,,,0.000000,,,,0.00,,,
40124,,,,,,,,,,,,,,-9.842613,-1.149522,0.120519,-0.018098,-0.002763,0.097541,0.868164,-0.315186,-0.123535,-0.098422,-0.011528,0.001201,99889.0000,0.110275,0.042265,-0.993002,-0.958759,-0.258801,-0.117487,-0.261956,0.965006,0.011982,,,0.000000,,,,0.00,,,
40125,,,,,,,,,,,,,,-9.918060,-1.176484,0.053991,0.024592,-0.062058,0.174829,0.863525,-0.306641,-0.128174,-0.099175,-0.011809,0.000533,,0.109337,0.042296,-0.993104,-0.958517,-0.260093,-0.116607,-0.263232,0.964657,0.012103,,,0.000000,,,,0.00,,,
40126,,,,,,,,,,,,,,-9.891487,-1.218344,0.068449,0.073586,-0.033490,0.153456,0.868164,-0.312988,-0.130127,-0.098909,-0.012234,0.000679,99890.0000,0.108252,0.042181,-0.993228,-0.958253,-0.261535,-0.115547,-0.264638,0.964272,0.012108,,,0.000000,,,,0.00,,,
40127,,,,,,,,,,,,,,-10.050375,-1.179766,0.009493,0.046269,-0.105336,0.306045,0.863770,-0.311035,-0.136963,-0.100496,-0.011860,0.000087,,0.106977,0.042174,-0.993367,-0.957973,-0.263089,-0.114335,-0.266166,0.963849,0.012257,,,0.000000,,,,0.00,,,
40128,,,,,,,,,,,,,,-10.129926,-1.196760,-0.124620,0.103587,-0.232360,0.385275,0.863770,-0.311035,-0.132568,-0.101291,-0.012038,-0.001262,99889.0000,0.105495,0.042339,-0.993518,-0.957638,-0.264891,-0.112973,-0.267957,0.963348,0.012601,,,0.000000,,,,0.00,,,
40129,,,,,,,,,,,,,,-10.462954,-1.112907,-0.291109,0.047986,-0.428926,0.704461,0.863770,-0.312988,-0.130127,-0.104621,-0.011205,-0.002935,,0.103979,0.042555,-0.993669,-0.957386,-0.266382,-0.111591,-0.269444,0.962928,0.013044,,,0.000000,,,,0.00,,,
40130,,,,,,,,,,,,,,-10.709920,-1.001406,-0.438061,-0.028292,-0.613589,0.935325,0.865967,-0.312988,-0.134521,-0.107090,-0.010088,-0.004441,99887.0000,0.102396,0.043342,-0.993799,-0.957058,-0.268093,-0.110302,-0.271211,0.962418,0.014029,,,0.000000,,,,0.00,,,
40131,,,,,,,,,,,,,,-10.977100,-0.934777,-0.665525,-0.040289,-0.873398,1.189538,0.857666,-0.319580,-0.134521,-0.109760,-0.009409,-0.006753,,0.100901,0.044887,-0.993883,-0.956776,-0.269504,-0.109305,-0.272762,0.961952,0.015754,,,0.000000,,,,0.00,,,
40132,,,,,,,,,,,,,,-12.161242,-0.239272,-0.932584,-0.735488,-1.391613,2.284632,0.861572,-0.312988,-0.141357,-0.121599,-0.002423,-0.009497,99891.0000,0.099699,0.047296,-0.993893,-0.956454,-0.270836,-0.108832,-0.274329,0.961463,0.018234,,,0.000000,,,,0.00,,,
40133,,,,,,,,,,,,,,-16.197637,1.851373,-1.849371,-2.876196,-3.073901,6.045735,0.863770,-0.315186,-0.141113,-0.161937,0.018576,-0.018773,,0.099303,0.050905,-0.993754,-0.956749,-0.269556,-0.109413,-0.273442,0.961638,0.021935,,,0.000000,,,,0.00,,,
40134,,,,,,,,,,,,,,-16.802095,-2.465956,-3.261599,1.627681,-3.378386,7.068211,0.857666,-0.317383,-0.161133,-0.167854,-0.024884,-0.033294,99891.0000,0.095463,0.059041,-0.993681,-0.954707,-0.277183,-0.108188,-0.281819,0.959002,0.029906,,,0.000000,,,,0.00,,,
40135,,,,,,,,,,,,,,-14.979376,-2.481378,-2.741127,1.745665,-2.930895,5.234271,0.859619,-0.317139,-0.163330,-0.149583,-0.024821,-0.028527,,0.090832,0.072757,-0.993205,-0.955489,-0.274742,-0.107509,-0.280698,0.958761,0.044563,,,0.000000,,,,0.00,,,
40136,,,,,,,,,,,,,,-12.064629,2.776786,-0.974559,-3.429400,-2.648268,1.825122,0.855469,-0.319336,-0.180908,-0.120615,0.027568,-0.010648,99895.0000,0.083502,0.085281,-0.992852,-0.955437,-0.276237,-0.104083,-0.283138,0.957299,0.058414,,,0.000000,,,,0.00,,,
40137,,,,,,,,,,,,,,-12.073229,5.393809,-1.488023,-5.673916,-4.029752,1.529010,0.847412,-0.330078,-0.194092,-0.120781,0.053538,-0.015887,,0.073484,0.097671,-0.992502,-0.954677,-0.280932,-0.098330,-0.288430,0.954745,0.072600,,,0.000000,,,,0.00,,,
40138,,,,,,,,,,,,,,-11.554258,4.131635,-1.801675,-4.181326,-4.088928,1.123919,0.838867,-0.330078,-0.214111,-0.115559,0.040760,-0.019128,99895.0000,0.060883,0.108934,-0.992183,-0.951948,-0.292571,-0.090536,-0.300147,0.950019,0.085887,,,0.000000,,,,0.00,,,
40139,,,,,,,,,,,,,,-10.595119,2.432009,-2.712491,-2.047282,-4.514245,0.234901,0.843262,-0.332031,-0.231689,-0.105854,0.023600,-0.028112,,0.046728,0.120595,-0.991601,-0.948136,-0.307100,-0.082028,-0.314412,0.944006,0.099991,,,0.000000,,,,0.00,,,
40140,,,,,,,,,,,,,,-9.569936,4.522621,-3.986003,-3.358287,-6.375735,-1.095393,0.837158,-0.336182,-0.251465,-0.095603,0.044394,-0.041002,99892.0000,0.031996,0.130514,-0.990930,-0.942482,-0.326101,-0.073382,-0.332721,0.936282,0.112573,,,0.000000,,,,0.00,,,
40141,,,,,,,,,,,,,,-7.587194,3.896561,-4.158048,-2.452710,-6.213194,-3.073619,0.830811,-0.336182,-0.267090,-0.075673,0.038432,-0.042426,,0.025896,0.140474,-0.989746,-0.935281,-0.346168,-0.073602,-0.352958,0.927596,0.122418,,,0.000000,,,,0.00,,,
40142,,,,,,,,,,,,,,-7.832975,0.955670,-5.562893,0.930051,-6.592683,-2.820916,0.830078,-0.319092,-0.282959,-0.078125,0.009103,-0.055990,99887.0000,0.027783,0.146470,-0.988825,-0.926402,-0.367828,-0.080513,-0.375510,0.918286,0.125470,,,0.000000,,,,0.00,,,
40143,,,,,,,,,,,,,,-4.917268,-0.116840,-6.483689,2.461363,-6.616835,-5.764294,0.833984,-0.306396,-0.292236,-0.049039,-0.001723,-0.064925,,0.033313,0.153337,-0.987612,-0.917282,-0.387670,-0.091131,-0.396842,0.908955,0.127739,,,0.000000,,,,0.00,,,
40144,,,,,,,,,,,,,,-4.516028,0.175599,-6.981995,2.529683,-7.069881,-6.236479,0.835693,-0.295654,-0.303711,-0.045184,0.001020,-0.069818,99893.0000,0.038967,0.152932,-0.987468,-0.906716,-0.409895,-0.099262,-0.419938,0.899221,0.122694,,,0.000000,,,,0.00,,,
40145,,,,,,,,,,,,,,-5.838385,-1.240210,-8.090633,4.361866,-7.606031,-4.893038,0.837646,-0.289307,-0.303711,-0.058512,-0.013256,-0.080676,,0.044622,0.152993,-0.987219,-0.895770,-0.431364,-0.107338,-0.442273,0.889111,0.117798,,,0.000000,,,,0.00,,,
40146,,,,,,,,,,,,,,-6.070304,-1.846816,-8.251452,5.096194,-7.389951,-4.543893,0.845703,-0.276367,-0.306396,-0.060878,-0.019341,-0.082183,99892.0000,0.048881,0.148606,-0.987688,-0.884986,-0.451994,-0.111805,-0.463044,0.879555,0.109421,,,0.000000,,,,0.00,,,
40147,,,,,,,,,,,,,,-6.213394,-2.219569,-8.106304,5.466335,-6.984021,-4.282331,0.836670,-0.267822,-0.308838,-0.062329,-0.022992,-0.080688,,0.053153,0.146265,-0.987816,-0.874562,-0.470649,-0.116748,-0.481991,0.870112,0.102901,,,0.000000,,,,0.00,,,
40148,,,,,,,,,,,,,,-6.225764,-2.604904,-7.673047,5.685170,-6.276104,-4.093565,0.836670,-0.263672,-0.313477,-0.062461,-0.026746,-0.076323,99895.0000,0.056881,0.139391,-0.988602,-0.864949,-0.487662,-0.118526,-0.498626,0.861833,0.092827,,,0.000000,,,,0.00,,,
40149,,,,,,,,,,,,,,-6.657567,-2.581044,-7.356242,5.552982,-5.946399,-3.575539,0.844971,-0.259277,-0.313477,-0.066791,-0.026425,-0.073147,,0.060179,0.134753,-0.989050,-0.856208,-0.502371,-0.120542,-0.513114,0.854087,0.085145,,,0.000000,,,,0.00,,,
40150,,,,,,,,,,,,,,-7.065353,-2.584420,-6.811979,5.301538,-5.388605,-3.040949,0.849121,-0.252930,-0.315918,-0.070866,-0.026373,-0.067694,99899.0000,0.063257,0.125179,-0.990116,-0.848677,-0.515266,-0.119365,-0.525115,0.847839,0.073642,,,0.000000,,,,0.00,,,
40151,,,,,,,,,,,,,,-7.682363,-2.498770,-6.203345,4.908351,-4.873599,-2.336150,0.846924,-0.252930,-0.309082,-0.077022,-0.025468,-0.061589,,0.065223,0.117767,-0.990897,-0.842070,-0.526308,-0.117978,-0.535411,0.842099,0.064841,,,0.000000,,,,0.00,,,
40152,,,,,,,,,,,,,,-8.159424,-2.364311,-5.566554,4.442305,-4.315309,-1.763139,0.853271,-0.248779,-0.300537,-0.081778,-0.024087,-0.055202,99893.0000,0.067446,0.105181,-0.992163,-0.836647,-0.535817,-0.113677,-0.543575,0.837757,0.051860,,,0.000000,,,,0.00,,,
40153,,,,,,,,,,,,,,-8.572526,-2.395774,-4.933221,4.115149,-3.687941,-1.267062,0.846924,-0.252930,-0.295898,-0.085890,-0.024383,-0.048833,,0.068449,0.095062,-0.993115,-0.831987,-0.543900,-0.109406,-0.550556,0.833748,0.041861,,,0.000000,,,,0.00,,,
40154,,,,,,,,,,,,,,-9.015489,-2.281918,-4.344674,3.668542,-3.135353,-0.753322,0.849365,-0.261475,-0.291260,-0.090302,-0.023244,-0.042911,99897.0000,0.070251,0.079727,-0.994338,-0.827930,-0.551347,-0.102702,-0.556414,0.830458,0.027276,,,0.000000,,,,0.00,,,
40155,,,,,,,,,,,,,,-9.718439,-2.269195,-3.945768,3.395084,-2.728147,-0.004775,0.849365,-0.265869,-0.284424,-0.097314,-0.023140,-0.038872,,0.070573,0.067201,-0.995240,-0.824966,-0.556951,-0.096105,-0.560759,0.827822,0.016132,,,0.000000,,,,0.00,,,
40156,,,,,,,,,,,,,,-10.298870,-2.209292,-3.522819,3.062867,-2.265178,0.620136,0.858154,-0.270020,-0.275391,-0.103093,-0.022553,-0.034623,99893.0000,0.071582,0.050502,-0.996155,-0.822935,-0.561342,-0.087593,-0.563607,0.826042,0.001378,,,0.000000,,,,0.00,,,
40157,,,,,,,,,,,,,,-10.871759,-2.072657,-3.081055,2.666629,-1.854764,1.206882,0.858643,-0.278564,-0.264160,-0.108800,-0.021185,-0.030199,,0.071344,0.037444,-0.996749,-0.821724,-0.564241,-0.080012,-0.565402,0.824761,-0.009487,,,0.000000,,,,0.00,,,
40158,,,,,,,,,,,,,,-11.098718,-2.018149,-2.596574,2.322043,-1.302201,1.452622,0.860840,-0.282959,-0.259521,-0.111040,-0.020631,-0.025375,99890.0000,0.072162,0.020654,-0.997179,-0.821551,-0.565675,-0.071169,-0.565550,0.824369,-0.023852,,,0.000000,,,,0.00,,,
40159,,,,,,,,,,,,,,-10.909761,-1.860610,-1.929104,1.836760,-0.691961,1.248596,0.854492,-0.289307,-0.243896,-0.109118,-0.019048,-0.018730,,0.071308,0.007699,-0.997425,-0.821875,-0.566159,-0.063127,-0.565187,0.824260,-0.034044,,,0.000000,,,,0.00,,,
40160,,,,,,,,,,,,,,-10.305280,-1.813793,-1.326561,1.496018,-0.037266,0.627966,0.846191,-0.297852,-0.239258,-0.103043,-0.018582,-0.012706,99891.0000,0.071703,-0.009821,-0.997378,-0.822695,-0.565953,-0.053572,-0.563942,0.824379,-0.048660,,,0.000000,,,,0.00,,,
40161,,,,,,,,,,,,,,-10.550745,-1.681842,-1.081649,1.239795,0.242190,0.851223,0.855469,-0.310547,-0.229980,-0.105494,-0.017283,-0.010184,,0.071174,-0.024910,-0.997153,-0.823961,-0.564881,-0.044701,-0.562159,0.824797,-0.060730,,,0.000000,,,,0.00,,,
40162,,,,,,,,,,,,,,-10.971321,-1.665084,-1.027474,1.156744,0.481940,1.260952,0.850830,-0.306396,-0.212402,-0.109702,-0.017121,-0.009594,99883.0000,0.072183,-0.043305,-0.996451,-0.825642,-0.563086,-0.035338,-0.559557,0.825263,-0.076399,,,0.000000,,,,0.00,,,
40163,,,,,,,,,,,,,,-11.399028,-1.674790,-1.072138,1.157761,0.635331,1.682784,0.849365,-0.323486,-0.205322,-0.113986,-0.017199,-0.010018,,0.072520,-0.058452,-0.995653,-0.827818,-0.560327,-0.027400,-0.556290,0.826206,-0.089023,,,0.000000,,,,0.00,,,
40164,,,,,,,,,,,,,,-11.816750,-1.580253,-0.987018,0.980692,0.874841,2.077548,0.843018,-0.327881,-0.191895,-0.118166,-0.016222,-0.009177,99876.0000,0.074451,-0.075376,-0.994372,-0.829926,-0.557519,-0.019877,-0.552883,0.826735,-0.104064,,,0.000000,,,,0.00,,,
40165,,,,,,,,,,,,,,-11.967427,-1.483651,-0.836834,0.799258,1.110841,2.197567,0.841064,-0.336426,-0.178467,-0.119669,-0.015214,-0.007734,,0.075076,-0.088367,-0.993255,-0.833132,-0.552903,-0.013783,-0.547955,0.828547,-0.115131,,,0.000000,,,,0.00,,,
40166,,,,,,,,,,,,,,-11.913708,-1.426929,-0.549952,0.582323,1.476541,2.093377,0.843506,-0.342773,-0.171631,-0.119118,-0.014616,-0.004960,99873.0000,0.076328,-0.101887,-0.991863,-0.835986,-0.548694,-0.007969,-0.543417,0.829792,-0.127057,,,0.000000,,,,0.00,,,
40167,,,,,,,,,,,,,,-11.923639,-1.233426,-0.285111,0.279249,1.710274,2.052039,0.845703,-0.344971,-0.162598,-0.119211,-0.012664,-0.002401,,0.075987,-0.111870,-0.990813,-0.840031,-0.542529,-0.003167,-0.537190,0.832555,-0.135199,,,0.000000,,,,0.00,,,
40168,,,,,,,,,,,,,,-11.776467,-1.106108,0.130222,-0.040509,2.094658,1.829291,0.848145,-0.353516,-0.149170,-0.117730,-0.011378,0.001648,99876.0000,0.076055,-0.122117,-0.989597,-0.843807,-0.536645,0.001372,-0.531230,0.834925,-0.143858,,,0.000000,,,,0.00,,,
40169,,,,,,,,,,,,,,-11.438571,-0.877900,0.560045,-0.415281,2.372730,1.417738,0.848389,-0.357910,-0.148926,-0.114349,-0.009075,0.005861,,0.074691,-0.129013,-0.988826,-0.848336,-0.529434,0.004996,-0.524163,0.838484,-0.148990,,,0.000000,,,,0.00,,,
40170,,,,,,,,,,,,,,-10.931435,-0.980369,0.751559,-0.377856,2.610382,0.867434,0.844238,-0.362061,-0.142334,-0.109277,-0.010069,0.007706,99873.0000,0.074207,-0.136784,-0.987817,-0.852478,-0.522697,0.008339,-0.517470,0.841474,-0.155393,,,0.000000,,,,0.00,,,
40171,,,,,,,,,,,,,,-10.463889,-0.776820,1.377256,-0.811746,3.021551,0.296925,0.838135,-0.370605,-0.135498,-0.104600,-0.008031,0.013916,,0.072489,-0.141694,-0.987253,-0.856861,-0.515428,0.011061,-0.510425,0.845137,-0.158775,,,0.000000,,,,0.00,,,
40172,,,,,,,,,,,,,,-9.562443,-0.648168,1.888932,-1.096295,3.322064,-0.691818,0.835938,-0.372803,-0.126465,-0.095579,-0.006728,0.019032,99881.0000,0.071845,-0.147950,-0.986382,-0.860608,-0.509084,0.013675,-0.504174,0.847906,-0.163902,,,0.000000,,,,0.00,,,
40173,,,,,,,,,,,,,,-9.024961,-0.530969,2.475258,-1.427154,3.730693,-1.333088,0.836182,-0.377197,-0.121826,-0.090186,-0.005551,0.024930,,0.070998,-0.153409,-0.985609,-0.864319,-0.502690,0.015982,-0.497907,0.850746,-0.168284,,,0.000000,,,,0.00,,,
40174,,,,,,,,,,,,,,-8.639431,-0.461187,2.989006,-1.702505,4.137629,-1.827216,0.840332,-0.377197,-0.110840,-0.086300,-0.004833,0.030125,99881.0000,0.071809,-0.160961,-0.984345,-0.867108,-0.497789,0.018143,-0.492917,0.852231,-0.175316,,,0.000000,,,,0.00,,,
40175,,,,,,,,,,,,,,-8.649666,-0.378951,3.313149,-1.923947,4.438135,-1.904580,0.840576,-0.379395,-0.106445,-0.086368,-0.003975,0.033442,,0.073322,-0.168495,-0.982972,-0.869732,-0.493132,0.019654,-0.488047,0.853481,-0.182703,,,0.000000,,,,0.00,,,
40176,,,,,,,,,,,,,,-8.633887,-0.481401,3.807900,-2.084394,4.984658,-2.061318,0.842773,-0.383545,-0.099609,-0.086169,-0.004969,0.038442,99889.0000,0.076491,-0.177845,-0.981081,-0.871324,-0.490261,0.020938,-0.484710,0.853238,-0.192461,,,0.000000,,,,0.00,,,
40177,,,,,,,,,,,,,,-8.786858,-0.534904,4.182739,-2.240337,5.431677,-2.036614,0.838379,-0.381592,-0.086426,-0.087663,-0.005481,0.042238,,0.079429,-0.186888,-0.979165,-0.872656,-0.487825,0.022319,-0.481832,0.852702,-0.201836,,,0.000000,,,,0.00,,,
40178,,,,,,,,,,,,,,-9.428170,-0.194270,4.738459,-2.880814,5.940724,-1.579284,0.834229,-0.385742,-0.079590,-0.094049,-0.002044,0.047840,99879.0000,0.083226,-0.196558,-0.976954,-0.873106,-0.486959,0.023595,-0.480374,0.851020,-0.212143,,,0.000000,,,,0.00,,,
40179,,,,,,,,,,,,,,-9.796044,0.039791,5.454818,-3.490687,6.583489,-1.434687,0.833984,-0.381592,-0.068604,-0.097695,0.000395,0.055022,,0.087412,-0.205046,-0.974841,-0.872813,-0.487452,0.024267,-0.480164,0.848732,-0.221576,,,0.000000,,,,0.00,,,
40180,,,,,,,,,,,,,,-9.852430,-0.144385,5.982777,-3.650699,7.191827,-1.576559,0.840332,-0.383789,-0.057617,-0.098241,-0.001301,0.060294,99876.0000,0.093573,-0.212412,-0.972690,-0.870930,-0.490850,0.023406,-0.482417,0.844954,-0.230926,,,0.000000,,,,0.00,,,
40181,,,,,,,,,,,,,,-9.750574,-0.194181,6.499907,-3.925169,7.674543,-1.872074,0.844482,-0.379395,-0.055420,-0.097212,-0.001626,0.065445,,0.101600,-0.218030,-0.970639,-0.868920,-0.494543,0.020135,-0.484413,0.841362,-0.239696,,,0.000000,,,,0.00,,,
40182,,,,,,,,,,,,,,-10.214329,-0.129043,6.742568,-4.257357,7.966598,-1.553272,0.848389,-0.368896,-0.053467,-0.101874,-0.000780,0.067839,99887.0000,0.111698,-0.221401,-0.968765,-0.865793,-0.500193,0.014489,-0.487778,0.837131,-0.247558,,,0.000000,,,,0.00,,,
40183,,,,,,,,,,,,,,-10.549206,-0.095009,7.036869,-4.599046,8.263131,-1.364031,0.852539,-0.364502,-0.049072,-0.105279,-0.000289,0.070691,,0.122328,-0.222028,-0.967336,-0.862124,-0.506645,0.007264,-0.491708,0.833076,-0.253392,,,0.000000,,,,0.00,,,
40184,,,,,,,,,,,,,,-15.657789,2.019388,1.791385,-4.622430,3.940488,4.869152,0.852295,-0.355957,-0.044922,-0.156424,0.020903,0.018426,99887.0000,0.133250,-0.222734,-0.965730,-0.859846,-0.510554,-0.000887,-0.492859,0.830497,-0.259548,,,0.000000,,,,0.00,,,
40185,,,,,,,,,,,,,,-31.836711,1.036297,14.300716,-12.363979,18.147868,17.333288,0.854004,-0.343262,-0.067383,-0.319053,0.013416,0.141198,,0.142375,-0.204648,-0.968426,-0.855306,-0.517867,-0.016308,-0.498178,0.830622,-0.248768,,,0.000000,,,,0.00,,,
40186,,,,,,,,,,,,,,-2.402962,-1.230951,4.539124,-1.572796,4.870653,-8.511207,0.866455,-0.332275,-0.083252,-0.024742,-0.012004,0.045087,99881.0000,0.134864,-0.174397,-0.975396,-0.849544,-0.527006,-0.023236,-0.509987,0.831775,-0.219232,,,0.000000,,,,0.00,,,
40187,,,,,,,,,,,,,,-12.164864,2.151275,11.861270,-9.569035,10.722941,-0.499047,0.870117,-0.311035,-0.112549,-0.122451,0.022618,0.117573,,0.140631,-0.151421,-0.978414,-0.846651,-0.530677,-0.039564,-0.513231,0.833939,-0.202830,,,0.000000,,,,0.00,,,
40188,,,,,,,,,,,,,,-6.430935,-7.327094,-7.583226,9.192869,-1.478310,-1.697620,0.877930,-0.293701,-0.128418,-0.064332,-0.073235,-0.075848,99885.0000,0.148390,-0.117993,-0.981865,-0.833032,-0.549982,-0.059804,-0.532952,0.826799,-0.179904,,,0.000000,,,,0.00,,,
