// Start Time: Unknown
// Update Rate: 100.0Hz
// Filter Profile: human (46.1)
// Firmware Version: 4.6.0
PacketCounter,SampleTimeFine,Year,Month,Day,Second,UTC_Nano,UTC_Year,UTC_Month,UTC_Day,UTC_Hour,UTC_Minute,UTC_Second,UTC_Valid,Acc_X,Acc_Y,Acc_Z,FreeAcc_X,FreeAcc_Y,FreeAcc_Z,Mag_X,Mag_Y,Mag_Z,VelInc_X,VelInc_Y,VelInc_Z,Pressure,Mat[1][1],Mat[2][1],Mat[3][1],Mat[1][2],Mat[2][2],Mat[3][2],Mat[1][3],Mat[2][3],Mat[3][3],Latitude,Longitude,Altitude,Vel_X,Vel_Y,Vel_Z,Temperature,GyrTemp_X,GyrTemp_Y,GyrTemp_Z
16051,,,,,,,,,,,,,,-2.851280,-9.203876,-2.498887,-0.018419,0.035030,0.141407,0.653564,0.626465,0.331543,-0.028500,-0.092039,-0.025002,,0.899023,-0.333551,-0.283729,-0.348561,-0.152871,-0.924735,0.265072,0.930255,-0.253697,,,0.000000,,,,0.00,,,
16052,,,,,,,,,,,,,,-2.843751,-9.204687,-2.474183,-0.003420,0.052713,0.133768,0.653809,0.624268,0.327148,-0.028428,-0.092047,-0.024753,99889.0000,0.899617,-0.331765,-0.283938,-0.348394,-0.153287,-0.924729,0.263269,0.930825,-0.253485,,,0.000000,,,,0.00,,,
16053,,,,,,,,,,,,,,-2.825095,-9.213994,-2.481502,0.015826,0.039236,0.138941,0.653564,0.626465,0.327148,-0.028242,-0.092140,-0.024825,,0.900187,-0.330076,-0.284101,-0.348220,-0.153754,-0.924717,0.261546,0.931348,-0.253347,,,0.000000,,,,0.00,,,
16054,,,,,,,,,,,,,,-2.839294,-9.174651,-2.418717,0.006663,0.093585,0.090706,0.653564,0.626465,0.333984,-0.028385,-0.091745,-0.024201,99894.0000,0.900773,-0.328313,-0.284287,-0.348018,-0.154106,-0.924735,0.259792,0.931913,-0.253074,,,0.000000,,,,0.00,,,
16055,,,,,,,,,,,,,,-2.858460,-9.220016,-2.409925,0.008009,0.113266,0.135897,0.658203,0.624268,0.320312,-0.028578,-0.092199,-0.024113,,0.901358,-0.326610,-0.284393,-0.347785,-0.154583,-0.924743,0.258068,0.932432,-0.252925,,,0.000000,,,,0.00,,,
16056,,,,,,,,,,,,,,-2.879502,-9.218515,-2.452079,-0.021995,0.077906,0.151182,0.658203,0.624268,0.322510,-0.028789,-0.092184,-0.024531,99890.0000,0.901970,-0.324805,-0.284521,-0.347539,-0.155035,-0.924760,0.256256,0.932988,-0.252719,,,0.000000,,,,0.00,,,
16057,,,,,,,,,,,,,,-2.861252,-9.204609,-2.484748,-0.018421,0.036300,0.141403,0.656006,0.622070,0.324951,-0.028607,-0.092045,-0.024859,,0.902619,-0.322886,-0.284647,-0.347252,-0.155459,-0.924796,0.254353,0.933583,-0.252443,,,0.000000,,,,0.00,,,
16058,,,,,,,,,,,,,,-2.903187,-9.186202,-2.463837,-0.056921,0.064491,0.131049,0.660400,0.626465,0.327148,-0.029027,-0.091862,-0.024645,99886.0000,0.903237,-0.321051,-0.284762,-0.347012,-0.156012,-0.924794,0.252480,0.934123,-0.252324,,,0.000000,,,,0.00,,,
16059,,,,,,,,,,,,,,-2.897166,-9.125224,-2.383035,-0.051678,0.128161,0.052557,0.658203,0.624268,0.313477,-0.028969,-0.091252,-0.023834,,0.903850,-0.319265,-0.284823,-0.346768,-0.156709,-0.924767,0.250612,0.934619,-0.252352,,,0.000000,,,,0.00,,,
16060,,,,,,,,,,,,,,-2.887467,-9.133465,-2.414550,-0.047430,0.096386,0.065377,0.651611,0.621826,0.318115,-0.028871,-0.091336,-0.024146,99889.0000,0.904494,-0.317364,-0.284904,-0.346518,-0.157429,-0.924738,0.248626,0.935145,-0.252366,,,0.000000,,,,0.00,,,
16061,,,,,,,,,,,,,,-2.910350,-9.092968,-2.376203,-0.071495,0.132278,0.024788,0.658203,0.622070,0.320312,-0.029097,-0.090932,-0.023760,,0.905131,-0.315377,-0.285089,-0.346345,-0.158127,-0.924684,0.246543,0.935699,-0.252355,,,0.000000,,,,0.00,,,
16062,,,,,,,,,,,,,,-2.923328,-9.060609,-2.369988,-0.091408,0.137168,-0.002990,0.658203,0.622070,0.318115,-0.029226,-0.090609,-0.023697,99889.0000,0.905760,-0.313418,-0.285252,-0.346178,-0.158916,-0.924611,0.244459,0.936224,-0.252438,,,0.000000,,,,0.00,,,
16063,,,,,,,,,,,,,,-2.935003,-9.051652,-2.338777,-0.095407,0.168926,-0.015806,0.660400,0.622070,0.315918,-0.029342,-0.090520,-0.023383,,0.906348,-0.311509,-0.285473,-0.346086,-0.159713,-0.924509,0.242399,0.936725,-0.252565,,,0.000000,,,,0.00,,,
16064,,,,,,,,,,,,,,-2.935360,-9.074286,-2.314722,-0.079740,0.195812,-0.000846,0.656006,0.622070,0.313477,-0.029343,-0.090748,-0.023140,99884.0000,0.906943,-0.309540,-0.285727,-0.346023,-0.160567,-0.924384,0.240256,0.937232,-0.252733,,,0.000000,,,,0.00,,,
16065,,,,,,,,,,,,,,-2.959267,-9.033189,-2.277345,-0.103519,0.231646,-0.041418,0.658203,0.622070,0.315674,-0.029581,-0.090338,-0.022766,,0.907509,-0.307559,-0.286068,-0.346026,-0.161351,-0.924247,0.238103,0.937749,-0.252851,,,0.000000,,,,0.00,,,
16066,,,,,,,,,,,,,,-2.992143,-9.014680,-2.236570,-0.127017,0.277520,-0.059408,0.658203,0.626465,0.313477,-0.029907,-0.090153,-0.022361,99890.0000,0.908082,-0.305544,-0.286409,-0.346026,-0.162165,-0.924104,0.235909,0.938267,-0.252985,,,0.000000,,,,0.00,,,
16067,,,,,,,,,,,,,,-3.034803,-9.025826,-2.246446,-0.160002,0.282132,-0.034299,0.660645,0.617676,0.318115,-0.030330,-0.090266,-0.022460,,0.908623,-0.303447,-0.286924,-0.346156,-0.162890,-0.923928,0.233626,0.938822,-0.253045,,,0.000000,,,,0.00,,,
16068,,,,,,,,,,,,,,-3.049783,-8.985422,-2.186067,-0.169164,0.336488,-0.082526,0.656006,0.622070,0.311279,-0.030476,-0.089862,-0.021858,99892.0000,0.909206,-0.301207,-0.287434,-0.346270,-0.163731,-0.923737,0.231174,0.939397,-0.253164,,,0.000000,,,,0.00,,,
16069,,,,,,,,,,,,,,-3.093276,-8.989042,-2.141247,-0.191030,0.390536,-0.077845,0.660400,0.622070,0.309082,-0.030906,-0.089900,-0.021410,,0.909756,-0.298820,-0.288186,-0.346565,-0.164487,-0.923492,0.228554,0.940027,-0.253204,,,0.000000,,,,0.00,,,
16070,,,,,,,,,,,,,,-3.101155,-8.963195,-2.166786,-0.206701,0.363656,-0.092810,0.664795,0.624268,0.309082,-0.030978,-0.089644,-0.021665,99890.0000,0.910386,-0.296148,-0.288953,-0.346848,-0.165458,-0.923212,0.225598,0.940702,-0.253349,,,0.000000,,,,0.00,,,
16071,,,,,,,,,,,,,,-3.110489,-8.936811,-2.192367,-0.221014,0.334097,-0.107651,0.658447,0.619873,0.304443,-0.031064,-0.089383,-0.021921,,0.911001,-0.293136,-0.290082,-0.347358,-0.166249,-0.922878,0.222303,0.941505,-0.253276,,,0.000000,,,,0.00,,,
16073,,,,,,,,,,,,,,-3.048099,-8.979328,-2.233836,-0.287359,0.564572,9.661284,0.665039,0.617676,0.311279,-0.060763,-0.179661,-0.044646,,0.912303,-0.286831,-0.292287,-0.348414,-0.168581,-0.922056,0.215200,0.943032,-0.253733,,,0.000000,,,,0.00,,,
16074,,,,,,,,,,,,,,-2.981095,-8.974782,-2.304419,-0.080998,0.191558,-0.081258,0.671875,0.615479,0.313721,-0.029756,-0.089768,-0.023036,99894.0000,0.912855,-0.283585,-0.293726,-0.349181,-0.169443,-0.921608,0.211584,0.943858,-0.253700,,,0.000000,,,,0.00,,,
16075,,,,,,,,,,,,,,-2.961009,-9.011345,-2.324241,-0.041822,0.172534,-0.048340,0.674072,0.611084,0.297852,-0.029552,-0.090135,-0.023232,,0.913424,-0.280436,-0.294979,-0.349848,-0.170597,-0.921142,0.207999,0.944591,-0.253937,,,0.000000,,,,0.00,,,
16076,,,,,,,,,,,,,,-2.941753,-9.017247,-2.315268,-0.004644,0.173028,-0.050764,0.669434,0.622070,0.302246,-0.029359,-0.090195,-0.023141,99885.0000,0.913841,-0.277346,-0.296604,-0.350827,-0.171417,-0.920617,0.204486,0.945355,-0.253949,,,0.000000,,,,0.00,,,
16077,,,,,,,,,,,,,,-2.873873,-9.018664,-2.331231,0.067423,0.139209,-0.065578,0.680664,0.617676,0.304688,-0.028680,-0.090209,-0.023299,,0.914344,-0.274334,-0.297851,-0.351513,-0.172560,-0.920142,0.201029,0.946025,-0.254211,,,0.000000,,,,0.00,,,
16078,,,,,,,,,,,,,,-2.894027,-9.036939,-2.330766,0.070241,0.144731,-0.042926,0.674072,0.617676,0.297852,-0.028883,-0.090391,-0.023295,99884.0000,0.914760,-0.271285,-0.299362,-0.352371,-0.173325,-0.919670,0.197606,0.946764,-0.254144,,,0.000000,,,,0.00,,,
16079,,,,,,,,,,,,,,-2.862756,-9.044538,-2.300719,0.119494,0.165991,-0.053051,0.676270,0.611084,0.304688,-0.028574,-0.090465,-0.022996,,0.915261,-0.268301,-0.300519,-0.352957,-0.174427,-0.919237,0.194214,0.947412,-0.254345,,,0.000000,,,,0.00,,,
16080,,,,,,,,,,,,,,-2.844909,-9.087637,-2.376139,0.149361,0.094182,0.000238,0.676270,0.613281,0.300049,-0.028397,-0.090896,-0.023748,99887.0000,0.915702,-0.265303,-0.301835,-0.353634,-0.175236,-0.918823,0.190874,0.948107,-0.254284,,,0.000000,,,,0.00,,,
16081,,,,,,,,,,,,,,-2.855096,-9.083846,-2.378413,0.149363,0.094183,0.000238,0.674072,0.613281,0.302490,-0.028501,-0.090857,-0.023775,,0.916220,-0.262293,-0.302890,-0.354100,-0.176325,-0.918435,0.187492,0.948742,-0.254431,,,0.000000,,,,0.00,,,
16082,,,,,,,,,,,,,,-2.885186,-9.131768,-2.428105,0.140578,0.060295,0.065863,0.678467,0.613281,0.288818,-0.028804,-0.091335,-0.024274,99891.0000,0.916679,-0.259372,-0.304015,-0.354588,-0.177070,-0.918103,0.184299,0.949406,-0.254287,,,0.000000,,,,0.00,,,
16083,,,,,,,,,,,,,,-2.835154,-9.125247,-2.433486,0.193379,0.040589,0.045864,0.683105,0.611084,0.293457,-0.028304,-0.091269,-0.024327,,0.917198,-0.256363,-0.305001,-0.354972,-0.178124,-0.917751,0.180949,0.950026,-0.254377,,,0.000000,,,,0.00,,,
16084,,,,,,,,,,,,,,-2.867777,-9.118948,-2.477743,0.164040,0.001236,0.061099,0.680908,0.611084,0.291016,-0.028630,-0.091206,-0.024771,99886.0000,0.917654,-0.253357,-0.306141,-0.355424,-0.178742,-0.917456,0.177724,0.950716,-0.254073,,,0.000000,,,,0.00,,,
16085,,,,,,,,,,,,,,-2.837758,-9.133732,-2.501519,0.202534,-0.027011,0.071329,0.680908,0.606689,0.298096,-0.028332,-0.091353,-0.025009,,0.918157,-0.250396,-0.307066,-0.355745,-0.179754,-0.917134,0.174450,0.951310,-0.254120,,,0.000000,,,,0.00,,,
16086,,,,,,,,,,,,,,-2.833357,-9.091227,-2.563016,0.190246,-0.097103,0.046407,0.685303,0.609131,0.288818,-0.028289,-0.090928,-0.025624,99890.0000,0.918608,-0.247571,-0.308006,-0.356066,-0.180500,-0.916862,0.171394,0.951908,-0.253961,,,0.000000,,,,0.00,,,
16087,,,,,,,,,,,,,,-2.780332,-9.139177,-2.574597,0.263690,-0.112653,0.076758,0.685303,0.609131,0.279785,-0.027759,-0.091408,-0.025736,,0.919034,-0.244879,-0.308886,-0.356406,-0.181500,-0.916533,0.168377,0.952414,-0.254081,,,0.000000,,,,0.00,,,
16088,,,,,,,,,,,,,,-2.820343,-9.125409,-2.586370,0.229164,-0.119432,0.079226,0.683105,0.608887,0.286621,-0.028162,-0.091270,-0.025854,99895.0000,0.919381,-0.242452,-0.309766,-0.356741,-0.182081,-0.916287,0.165753,0.952924,-0.253894,,,0.000000,,,,0.00,,,
16089,,,,,,,,,,,,,,-2.825780,-9.146353,-2.564202,0.244882,-0.092609,0.094249,0.685303,0.606934,0.286621,-0.028212,-0.091481,-0.025630,,0.919653,-0.240257,-0.310669,-0.357208,-0.182953,-0.915931,0.163221,0.953313,-0.254075,,,0.000000,,,,0.00,,,
16090,,,,,,,,,,,,,,-2.871928,-9.179054,-2.548873,0.225636,-0.062052,0.134422,0.687500,0.609131,0.286621,-0.028670,-0.091809,-0.025476,99886.0000,0.919883,-0.238202,-0.311570,-0.357666,-0.183577,-0.915628,0.160908,0.953708,-0.254066,,,0.000000,,,,0.00,,,
16091,,,,,,,,,,,,,,-2.850752,-9.185719,-2.542074,0.259896,-0.058497,0.131929,0.685547,0.604492,0.289062,-0.028454,-0.091878,-0.025406,,0.920085,-0.236019,-0.312632,-0.358295,-0.184479,-0.915201,0.158331,0.954077,-0.254301,,,0.000000,,,,0.00,,,
16092,,,,,,,,,,,,,,-2.819455,-9.223591,-2.544891,0.312206,-0.061080,0.157228,0.689941,0.606934,0.284424,-0.028138,-0.092259,-0.025428,99884.0000,0.920310,-0.233820,-0.313620,-0.358840,-0.185364,-0.914808,0.155767,0.954447,-0.254496,,,0.000000,,,,0.00,,,
16093,,,,,,,,,,,,,,-2.806936,-9.222143,-2.507492,0.342247,-0.025700,0.142036,0.689697,0.609131,0.281982,-0.028010,-0.092247,-0.025047,,0.920515,-0.231399,-0.314811,-0.359579,-0.186587,-0.914269,0.152821,0.954798,-0.254963,,,0.000000,,,,0.00,,,
16094,,,,,,,,,,,,,,-2.767956,-9.236406,-2.516733,0.393226,-0.037928,0.144754,0.694336,0.604736,0.282227,-0.027620,-0.092392,-0.025129,99890.0000,0.920787,-0.228939,-0.315813,-0.360121,-0.187846,-0.913798,0.149879,0.955144,-0.255412,,,0.000000,,,,0.00,,,
16095,,,,,,,,,,,,,,-2.692444,-9.255712,-2.464660,0.491783,0.004544,0.124622,0.696533,0.604736,0.280029,-0.026865,-0.092586,-0.024601,,0.920998,-0.226418,-0.317013,-0.360888,-0.189434,-0.913167,0.146705,0.955432,-0.256180,,,0.000000,,,,0.00,,,
16096,,,,,,,,,,,,,,-2.670826,-9.230850,-2.435298,0.518351,0.029356,0.086960,0.698975,0.602539,0.282227,-0.026653,-0.092338,-0.024302,99889.0000,0.921283,-0.223962,-0.317927,-0.361374,-0.190971,-0.912655,0.143685,0.955704,-0.256873,,,0.000000,,,,0.00,,,
16097,,,,,,,,,,,,,,-2.663846,-9.221729,-2.370913,0.544203,0.096563,0.059095,0.696777,0.602539,0.273193,-0.026588,-0.092246,-0.023653,,0.921519,-0.221461,-0.318995,-0.362035,-0.192785,-0.912011,0.140477,0.955923,-0.257832,,,0.000000,,,,0.00,,,
16098,,,,,,,,,,,,,,-2.679828,-9.251283,-2.268227,0.563481,0.212167,0.064054,0.700928,0.604736,0.277588,-0.026752,-0.092541,-0.022624,99892.0000,0.921877,-0.218958,-0.319688,-0.362299,-0.194490,-0.911544,0.137414,0.956154,-0.258624,,,0.000000,,,,0.00,,,
16099,,,,,,,,,,,,,,-2.706967,-9.279425,-2.186722,0.571479,0.311753,0.076365,0.698975,0.602539,0.275391,-0.027028,-0.092820,-0.021809,,0.922145,-0.216452,-0.320620,-0.362816,-0.196371,-0.910935,0.134213,0.956340,-0.259615,,,0.000000,,,,0.00,,,
16100,,,,,,,,,,,,,,-2.732841,-9.308162,-2.105159,0.574328,0.408905,0.089076,0.698975,0.593750,0.282471,-0.027292,-0.093105,-0.020994,99894.0000,0.922602,-0.213860,-0.321043,-0.362770,-0.198043,-0.910591,0.131159,0.956579,-0.260297,,,0.000000,,,,0.00,,,
16101,,,,,,,,,,,,,,-2.752729,-9.290178,-2.049803,0.565960,0.472571,0.063697,0.701172,0.600342,0.280029,-0.027497,-0.092923,-0.020445,,0.922936,-0.211250,-0.321813,-0.363078,-0.199896,-0.910063,0.127921,0.956773,-0.261192,,,0.000000,,,,0.00,,,
16102,,,,,,,,,,,,,,-2.784127,-9.270711,-2.014242,0.536815,0.516483,0.046302,0.703369,0.602539,0.280029,-0.027814,-0.092726,-0.020094,99889.0000,0.923438,-0.208724,-0.322020,-0.362806,-0.201431,-0.909834,0.125039,0.957006,-0.261736,,,0.000000,,,,0.00,,,
16103,,,,,,,,,,,,,,-2.854598,-9.263574,-1.983113,0.479839,0.568051,0.053535,0.703369,0.595947,0.277832,-0.028526,-0.092651,-0.019787,,0.923848,-0.205982,-0.322609,-0.362875,-0.203210,-0.909410,0.121765,0.957224,-0.262481,,,0.000000,,,,0.00,,,
16104,,,,,,,,,,,,,,-2.869169,-9.301614,-1.931689,0.485261,0.632204,0.079148,0.705811,0.591553,0.284668,-0.028674,-0.093030,-0.019278,99886.0000,0.924445,-0.203314,-0.322592,-0.362301,-0.204500,-0.909350,0.118914,0.957519,-0.262710,,,0.000000,,,,0.00,,,
16105,,,,,,,,,,,,,,-2.914852,-9.256572,-1.937402,0.431175,0.633744,0.053744,0.703369,0.598145,0.275635,-0.029131,-0.092579,-0.019339,,0.924864,-0.200494,-0.323153,-0.362292,-0.206141,-0.908983,0.115630,0.957762,-0.263290,,,0.000000,,,,0.00,,,
16106,,,,,,,,,,,,,,-2.943028,-9.239056,-1.897869,0.401069,0.675707,0.036477,0.701416,0.593750,0.277832,-0.029417,-0.092401,-0.018948,99890.0000,0.925453,-0.197921,-0.323055,-0.361628,-0.207206,-0.909006,0.112972,0.958067,-0.263333,,,0.000000,,,,0.00,,,
16107,,,,,,,,,,,,,,-2.968734,-9.203367,-1.914487,0.366216,0.663123,0.016186,0.705811,0.593750,0.268799,-0.029676,-0.092043,-0.019116,,0.925895,-0.195115,-0.323496,-0.361484,-0.208764,-0.908706,0.109767,0.958305,-0.263824,,,0.000000,,,,0.00,,,
16108,,,,,,,,,,,,,,-3.037403,-9.216967,-1.821923,0.314243,0.767958,0.026479,0.703369,0.600342,0.277832,-0.030366,-0.092178,-0.018193,99887.0000,0.926516,-0.192351,-0.323373,-0.360723,-0.209705,-0.908792,0.106994,0.958658,-0.263681,,,0.000000,,,,0.00,,,
16109,,,,,,,,,,,,,,-3.041041,-9.161399,-1.819186,0.293865,0.764006,-0.023993,0.703613,0.595947,0.270996,-0.030401,-0.091621,-0.018172,,0.926980,-0.189331,-0.323823,-0.360510,-0.211169,-0.908537,0.103634,0.958938,-0.264005,,,0.000000,,,,0.00,,,
16110,,,,,,,,,,,,,,-3.004366,-9.094388,-1.810055,0.299280,0.747728,-0.098691,0.701416,0.591553,0.271240,-0.030035,-0.090949,-0.018090,99888.0000,0.927648,-0.186410,-0.323607,-0.359568,-0.211693,-0.908789,0.100902,0.959394,-0.263404,,,0.000000,,,,0.00,,,
16111,,,,,,,,,,,,,,-3.002300,-9.045699,-1.837443,0.283037,0.711960,-0.136548,0.712402,0.595947,0.273438,-0.030014,-0.090461,-0.018371,,0.928140,-0.183172,-0.324045,-0.359250,-0.212894,-0.908634,0.097449,0.959752,-0.263399,,,0.000000,,,,0.00,,,
16112,,,,,,,,,,,,,,-2.951214,-8.962899,-1.861446,0.293055,0.654542,-0.221343,0.705811,0.595947,0.275635,-0.029507,-0.089630,-0.018620,99893.0000,0.928801,-0.180156,-0.323841,-0.358261,-0.213077,-0.908981,0.094755,0.960282,-0.262449,,,0.000000,,,,0.00,,,
16113,,,,,,,,,,,,,,-2.951471,-8.943941,-1.916506,0.281489,0.595987,-0.223953,0.710205,0.593750,0.264404,-0.029512,-0.089438,-0.019176,,0.929348,-0.176764,-0.324139,-0.357740,-0.214045,-0.908959,0.091291,0.960697,-0.262158,,,0.000000,,,,0.00,,,
16114,,,,,,,,,,,,,,-2.840122,-8.839614,-2.003721,0.332435,0.459672,-0.331223,0.710205,0.598145,0.268799,-0.028401,-0.088392,-0.020056,99884.0000,0.930071,-0.173667,-0.323741,-0.356513,-0.213901,-0.909475,0.088698,0.961294,-0.260857,,,0.000000,,,,0.00,,,
16115,,,,,,,,,,,,,,-2.821158,-8.693337,-2.023397,0.294747,0.402111,-0.465035,0.707764,0.600342,0.264160,-0.028219,-0.086926,-0.020257,,0.930691,-0.170296,-0.323748,-0.355688,-0.214586,-0.909637,0.085436,0.961744,-0.260286,,,0.000000,,,,0.00,,,
16116,,,,,,,,,,,,,,-2.753638,-8.595801,-2.079854,0.307050,0.302861,-0.560114,0.710205,0.598145,0.264160,-0.027550,-0.085948,-0.020822,99893.0000,0.931505,-0.167441,-0.322896,-0.354068,-0.214188,-0.910362,0.083271,0.962334,-0.258802,,,0.000000,,,,0.00,,,
16117,,,,,,,,,,,,,,-2.789511,-8.508036,-2.096961,0.236850,0.269036,-0.623737,0.709961,0.602539,0.257324,-0.027915,-0.085068,-0.020995,,0.932142,-0.164497,-0.322570,-0.353020,-0.214699,-0.910649,0.080543,0.962728,-0.258201,,,0.000000,,,,0.00,,,
16118,,,,,,,,,,,,,,-2.846960,-8.421964,-2.187459,0.132766,0.160196,-0.659746,0.710205,0.598145,0.266602,-0.028492,-0.084205,-0.021902,99888.0000,0.932992,-0.161734,-0.321510,-0.351226,-0.214248,-0.911448,0.078529,0.963296,-0.256697,,,0.000000,,,,0.00,,,
16119,,,,,,,,,,,,,,-2.909982,-8.432246,-2.225755,0.068783,0.130509,-0.620137,0.707764,0.602539,0.257324,-0.029124,-0.084307,-0.022286,,0.933682,-0.158678,-0.321029,-0.350005,-0.214783,-0.911792,0.075730,0.963685,-0.256077,,,0.000000,,,,0.00,,,
16120,,,,,,,,,,,,,,-3.004844,-8.432221,-2.269821,-0.037186,0.090560,-0.578299,0.707764,0.602539,0.257324,-0.030075,-0.084304,-0.022731,99890.0000,0.934499,-0.156294,-0.319819,-0.348164,-0.214235,-0.912626,0.074121,0.964197,-0.254618,,,0.000000,,,,0.00,,,
16121,,,,,,,,,,,,,,-3.135558,-8.450658,-2.350221,-0.165321,0.031170,-0.499226,0.709961,0.604736,0.259521,-0.031380,-0.084488,-0.023536,,0.935122,-0.153604,-0.319299,-0.346989,-0.214576,-0.912993,0.071725,0.964553,-0.253953,,,0.000000,,,,0.00,,,
16122,,,,,,,,,,,,,,-3.257557,-8.465682,-2.376455,-0.289831,0.014868,-0.440240,0.709961,0.602539,0.252686,-0.032599,-0.084638,-0.023798,99884.0000,0.935859,-0.151507,-0.318141,-0.345277,-0.213978,-0.913782,0.070369,0.965018,-0.252565,,,0.000000,,,,0.00,,,
16123,,,,,,,,,,,,,,-3.414198,-8.552751,-2.447095,-0.416497,-0.017585,-0.293192,0.707764,0.609131,0.254883,-0.034157,-0.085512,-0.024506,,0.936350,-0.149147,-0.317811,-0.344370,-0.214214,-0.914069,0.068251,0.965333,-0.251941,,,0.000000,,,,0.00,,,
16124,,,,,,,,,,,,,,-3.573896,-8.604472,-2.452797,-0.558095,-0.001201,-0.194246,0.707764,0.602539,0.252686,-0.035741,-0.086034,-0.024563,99892.0000,0.936861,-0.147216,-0.317206,-0.343246,-0.213616,-0.914631,0.066888,0.965762,-0.250660,,,0.000000,,,,0.00,,,
16125,,,,,,,,,,,,,,-3.711701,-8.688828,-2.448802,-0.658354,0.033609,-0.074385,0.712158,0.604980,0.248291,-0.037108,-0.086882,-0.024526,,0.937186,-0.144739,-0.317384,-0.342811,-0.213878,-0.914733,0.064516,0.966078,-0.250061,,,0.000000,,,,0.00,,,
16126,,,,,,,,,,,,,,-3.879977,-8.802206,-2.548006,-0.785074,-0.026806,0.107409,0.709961,0.602539,0.248291,-0.038771,-0.088022,-0.025522,99890.0000,0.937480,-0.142329,-0.317605,-0.342396,-0.213513,-0.914974,0.062414,0.966517,-0.248897,,,0.000000,,,,0.00,,,
16127,,,,,,,,,,,,,,-3.980061,-8.912214,-2.637180,-0.839473,-0.084522,0.262594,0.709961,0.609375,0.243652,-0.039749,-0.089131,-0.026418,,0.937648,-0.138995,-0.318586,-0.342548,-0.214013,-0.914800,0.058972,0.966891,-0.248281,,,0.000000,,,,0.00,,,
16128,,,,,,,,,,,,,,-4.058799,-9.005723,-2.742448,-0.878644,-0.170475,0.399894,0.714600,0.604980,0.236816,-0.040514,-0.090076,-0.027473,99890.0000,0.937780,-0.135420,-0.319733,-0.342776,-0.214061,-0.914703,0.055427,0.967388,-0.247161,,,0.000000,,,,0.00,,,
16129,,,,,,,,,,,,,,-4.074004,-9.124308,-2.869532,-0.842121,-0.276818,0.545830,0.709961,0.602539,0.245850,-0.040642,-0.091271,-0.028747,,0.937815,-0.130910,-0.321504,-0.343431,-0.214974,-0.914243,0.050568,0.967806,-0.246565,,,0.000000,,,,0.00,,,
16130,,,,,,,,,,,,,,-4.058727,-9.155284,-3.042880,-0.805383,-0.454768,0.613054,0.712158,0.604980,0.239014,-0.040468,-0.091590,-0.030476,99896.0000,0.937755,-0.126322,-0.323510,-0.344280,-0.215586,-0.913780,0.045686,0.968280,-0.245657,,,0.000000,,,,0.00,,,
16131,,,,,,,,,,,,,,-4.011435,-9.166121,-3.181841,-0.737208,-0.602425,0.643270,0.721191,0.602783,0.239258,-0.039978,-0.091708,-0.031856,,0.937689,-0.120802,-0.325800,-0.345219,-0.217202,-0.913043,0.039533,0.968623,-0.245371,,,0.000000,,,,0.00,,,
16132,,,,,,,,,,,,,,-3.978141,-9.143749,-3.312134,-0.690589,-0.747449,0.645243,0.718994,0.602783,0.229980,-0.039631,-0.091494,-0.033147,99895.0000,0.937556,-0.115305,-0.328167,-0.346227,-0.218766,-0.912287,0.033399,0.968941,-0.245027,,,0.000000,,,,0.00,,,
16133,,,,,,,,,,,,,,-3.885054,-9.086783,-3.427580,-0.593562,-0.886591,0.592750,0.714600,0.600586,0.234619,-0.038690,-0.090933,-0.034285,,0.937406,-0.109036,-0.330729,-0.347253,-0.221249,-0.911298,0.026191,0.969103,-0.245264,,,0.000000,,,,0.00,,,
16134,,,,,,,,,,,,,,-3.853723,-9.080284,-3.508095,-0.534057,-0.971659,0.597885,0.728027,0.598389,0.228027,-0.038371,-0.090875,-0.035077,99889.0000,0.937132,-0.103290,-0.333339,-0.348432,-0.223645,-0.910263,0.019471,0.969182,-0.245575,,,0.000000,,,,0.00,,,
16135,,,,,,,,,,,,,,-3.793134,-9.029365,-3.578195,-0.459429,-1.055576,0.550485,0.725830,0.596191,0.221191,-0.037760,-0.090371,-0.035769,,0.936805,-0.097282,-0.336054,-0.349634,-0.226453,-0.909107,0.012340,0.969152,-0.246155,,,0.000000,,,,0.00,,,
16136,,,,,,,,,,,,,,-3.711321,-9.006304,-3.608704,-0.352907,-1.094968,0.511388,0.730225,0.598389,0.230225,-0.036942,-0.090139,-0.036072,99885.0000,0.936302,-0.092120,-0.338900,-0.351145,-0.228952,-0.907898,0.006044,0.969069,-0.246716,,,0.000000,,,,0.00,,,
16137,,,,,,,,,,,,,,-3.669178,-8.946863,-3.665913,-0.297358,-1.164525,0.458801,0.732666,0.593994,0.221191,-0.036521,-0.089544,-0.036644,,0.935781,-0.087083,-0.341659,-0.352582,-0.231365,-0.906728,-0.000087,0.968962,-0.247210,,,0.000000,,,,0.00,,,
16138,,,,,,,,,,,,,,-3.581205,-8.896508,-3.666444,-0.196898,-1.178830,0.384723,0.728271,0.589600,0.221191,-0.035645,-0.089036,-0.036654,99892.0000,0.935131,-0.083220,-0.344390,-0.354266,-0.233432,-0.905541,-0.005032,0.968805,-0.247772,,,0.000000,,,,0.00,,,
16139,,,,,,,,,,,,,,-3.554062,-8.732927,-3.756870,-0.193142,-1.304835,0.250585,0.735107,0.587402,0.216797,-0.035377,-0.087397,-0.037566,,0.934443,-0.079385,-0.347151,-0.355977,-0.235116,-0.904434,-0.009823,0.968720,-0.247961,,,0.000000,,,,0.00,,,
16140,,,,,,,,,,,,,,-3.399592,-8.604449,-3.764808,-0.058752,-1.349713,0.083891,0.741699,0.587402,0.212402,-0.033836,-0.086107,-0.037649,99890.0000,0.933554,-0.076962,-0.350076,-0.358189,-0.236568,-0.903181,-0.013306,0.968562,-0.248416,,,0.000000,,,,0.00,,,
16141,,,,,,,,,,,,,,-3.309748,-8.400987,-3.769725,-0.014020,-1.408862,-0.129885,0.739502,0.587402,0.225830,-0.032944,-0.084070,-0.037697,,0.932663,-0.074733,-0.352923,-0.360375,-0.237515,-0.902062,-0.016411,0.968505,-0.248453,,,0.000000,,,,0.00,,,
16142,,,,,,,,,,,,,,-3.143842,-8.305559,-3.791170,0.138704,-1.457903,-0.268358,0.741699,0.587402,0.212402,-0.031291,-0.083112,-0.037910,99888.0000,0.931604,-0.074236,-0.355814,-0.363031,-0.238460,-0.900747,-0.017980,0.968311,-0.249100,,,0.000000,,,,0.00,,,
16143,,,,,,,,,,,,,,-3.018559,-8.164277,-3.769422,0.234109,-1.478589,-0.446014,0.741943,0.580811,0.212402,-0.030049,-0.081694,-0.037692,,0.930493,-0.074290,-0.358698,-0.365830,-0.238578,-0.899583,-0.018747,0.968278,-0.249172,,,0.000000,,,,0.00,,,
16144,,,,,,,,,,,,,,-2.902550,-8.085859,-3.652767,0.339518,-1.384709,-0.586862,0.748535,0.578613,0.217041,-0.028901,-0.080907,-0.036518,99885.0000,0.929250,-0.075988,-0.361552,-0.369005,-0.238978,-0.898179,-0.018153,0.968047,-0.250110,,,0.000000,,,,0.00,,,
16145,,,,,,,,,,,,,,-2.865498,-7.976605,-3.528664,0.356813,-1.289109,-0.729758,0.748535,0.578613,0.212402,-0.028544,-0.079817,-0.035261,,0.927952,-0.078643,-0.364308,-0.372337,-0.238714,-0.896873,-0.016433,0.967900,-0.250796,,,0.000000,,,,0.00,,,
16146,,,,,,,,,,,,,,-2.889697,-8.009368,-3.477674,0.369810,-1.213782,-0.703107,0.748535,0.574219,0.228516,-0.028794,-0.080153,-0.034726,99890.0000,0.926522,-0.082893,-0.366996,-0.375994,-0.239330,-0.895181,-0.013629,0.967393,-0.252912,,,0.000000,,,,0.00,,,
16147,,,,,,,,,,,,,,-2.956754,-7.988593,-3.351543,0.321265,-1.079738,-0.728428,0.750977,0.572021,0.226318,-0.029467,-0.079944,-0.033464,,0.925050,-0.087327,-0.369670,-0.379705,-0.238990,-0.893704,-0.010303,0.967087,-0.254236,,,0.000000,,,,0.00,,,
16148,,,,,,,,,,,,,,-2.969457,-7.907079,-3.006518,0.297741,-0.741740,-0.882972,0.753174,0.569824,0.221680,-0.029585,-0.079138,-0.029996,99893.0000,0.923462,-0.092934,-0.372266,-0.383638,-0.239722,-0.891827,-0.006359,0.966383,-0.257027,,,0.000000,,,,0.00,,,
16149,,,,,,,,,,,,,,-3.024262,-7.999329,-2.920748,0.308491,-0.614882,-0.801979,0.753418,0.565430,0.228760,-0.030124,-0.080069,-0.029122,,0.921741,-0.098106,-0.375192,-0.387797,-0.239872,-0.889986,-0.002685,0.965835,-0.259145,,,0.000000,,,,0.00,,,
16150,,,,,,,,,,,,,,-3.044299,-8.016139,-2.758315,0.325204,-0.425315,-0.821148,0.755615,0.556641,0.240234,-0.030308,-0.080242,-0.027497,99890.0000,0.919874,-0.103759,-0.378242,-0.392214,-0.240771,-0.887805,0.001048,0.965020,-0.262175,,,0.000000,,,,0.00,,,
16151,,,,,,,,,,,,,,-3.088670,-8.072001,-2.556878,0.339697,-0.194051,-0.808159,0.762207,0.561035,0.240234,-0.030733,-0.080808,-0.025477,,0.917827,-0.109122,-0.381689,-0.396954,-0.240905,-0.885659,0.004694,0.964395,-0.264426,,,0.000000,,,,0.00,,,
16152,,,,,,,,,,,,,,-3.123927,-8.172643,-2.471251,0.383883,-0.054477,-0.729318,0.762451,0.556641,0.238037,-0.031068,-0.081820,-0.024617,99894.0000,0.915630,-0.115163,-0.385175,-0.401932,-0.241874,-0.883146,0.008542,0.963449,-0.267755,,,0.000000,,,,0.00,,,
16153,,,,,,,,,,,,,,-3.154159,-8.249851,-2.388753,0.428470,0.066693,-0.673394,0.760498,0.547852,0.242676,-0.031356,-0.082597,-0.023792,,0.913311,-0.120329,-0.389082,-0.407093,-0.242057,-0.880729,0.011798,0.962772,-0.270058,,,0.000000,,,,0.00,,,
16154,,,,,,,,,,,,,,-3.156340,-8.339319,-2.302334,0.506383,0.198760,-0.619682,0.767334,0.539062,0.249756,-0.031364,-0.083494,-0.022928,99893.0000,0.910916,-0.125782,-0.392951,-0.412320,-0.242942,-0.878050,0.014979,0.961852,-0.273162,,,0.000000,,,,0.00,,,
16155,,,,,,,,,,,,,,-3.169363,-8.455750,-2.247190,0.589519,0.300276,-0.530633,0.773926,0.541260,0.251953,-0.031482,-0.084661,-0.022379,,0.908356,-0.130911,-0.397180,-0.417807,-0.242985,-0.875440,0.018096,0.961156,-0.275412,,,0.000000,,,,0.00,,,
16156,,,,,,,,,,,,,,-3.130067,-8.492057,-2.216209,0.689007,0.358575,-0.527194,0.769531,0.536865,0.254395,-0.031078,-0.085025,-0.022075,99892.0000,0.905635,-0.136773,-0.401395,-0.423505,-0.243416,-0.872578,0.021639,0.960230,-0.278370,,,0.000000,,,,0.00,,,
16157,,,,,,,,,,,,,,-3.103227,-8.551089,-2.181068,0.789511,0.418496,-0.500894,0.776367,0.532471,0.254395,-0.030799,-0.085615,-0.021732,,0.902831,-0.141857,-0.405922,-0.429284,-0.243084,-0.869842,0.024720,0.959576,-0.280361,,,0.000000,,,,0.00,,,
16158,,,,,,,,,,,,,,-3.029030,-8.558570,-2.199927,0.908805,0.411165,-0.524598,0.778564,0.528076,0.268066,-0.030052,-0.085687,-0.021930,99894.0000,0.900030,-0.147196,-0.410220,-0.434936,-0.243119,-0.867020,0.027890,0.958763,-0.282836,,,0.000000,,,,0.00,,,
16159,,,,,,,,,,,,,,-2.961907,-8.616128,-2.192485,1.046717,0.433195,-0.510320,0.779053,0.514893,0.263916,-0.029377,-0.086259,-0.021865,,0.897069,-0.152208,-0.414849,-0.440801,-0.242363,-0.864266,0.031004,0.958172,-0.284509,,,0.000000,,,,0.00,,,
16160,,,,,,,,,,,,,,-2.885570,-8.653091,-2.185673,1.181874,0.452288,-0.518708,0.785645,0.512695,0.268555,-0.028613,-0.086625,-0.021801,99890.0000,0.894080,-0.158083,-0.419083,-0.446553,-0.241889,-0.861441,0.034808,0.957340,-0.286860,,,0.000000,,,,0.00,,,
16161,,,,,,,,,,,,,,-2.806254,-8.718315,-2.155535,1.335159,0.491761,-0.511843,0.783447,0.510498,0.275391,-0.027818,-0.087273,-0.021508,,0.890967,-0.163545,-0.423592,-0.452434,-0.240698,-0.858701,0.038479,0.956722,-0.288448,,,0.000000,,,,0.00,,,
16162,,,,,,,,,,,,,,-2.709531,-8.736740,-2.093461,1.480760,0.549938,-0.562852,0.785889,0.503906,0.268799,-0.026852,-0.087451,-0.020897,99891.0000,0.887872,-0.169872,-0.427582,-0.458078,-0.239567,-0.856021,0.042980,0.955903,-0.290520,,,0.000000,,,,0.00,,,
16163,,,,,,,,,,,,,,-2.623258,-8.757488,-2.082312,1.617606,0.553610,-0.593807,0.792480,0.501709,0.275635,-0.025996,-0.087652,-0.020795,,0.884708,-0.175619,-0.431799,-0.463754,-0.237874,-0.853433,0.047166,0.955287,-0.291893,,,0.000000,,,,0.00,,,
16164,,,,,,,,,,,,,,-2.555930,-8.765557,-2.020095,1.727975,0.606775,-0.642394,0.790527,0.495117,0.280273,-0.025333,-0.087725,-0.020183,99890.0000,0.881739,-0.181785,-0.435304,-0.468873,-0.236193,-0.851100,0.051901,0.954551,-0.293495,,,0.000000,,,,0.00,,,
16165,,,,,,,,,,,,,,-2.521961,-8.792342,-2.026480,1.815686,0.599063,-0.641187,0.794922,0.492920,0.280273,-0.025003,-0.087987,-0.020257,,0.878674,-0.187572,-0.439032,-0.474074,-0.234075,-0.848801,0.056445,0.953953,-0.294598,,,0.000000,,,,0.00,,,
16166,,,,,,,,,,,,,,-2.482163,-8.789024,-1.964345,1.890498,0.648633,-0.687346,0.792969,0.488525,0.280273,-0.024614,-0.087947,-0.019649,99890.0000,0.875862,-0.193737,-0.441963,-0.478614,-0.231857,-0.846859,0.061596,0.953262,-0.295800,,,0.000000,,,,0.00,,,
16167,,,,,,,,,,,,,,-2.473258,-8.830417,-1.949022,1.959802,0.664482,-0.668867,0.797363,0.486328,0.287354,-0.024534,-0.088356,-0.019506,,0.872905,-0.199489,-0.445242,-0.483340,-0.229252,-0.844882,0.066472,0.952705,-0.296536,,,0.000000,,,,0.00,,,
16168,,,,,,,,,,,,,,-2.506746,-8.852275,-1.956614,1.972652,0.661730,-0.639601,0.799805,0.481934,0.289551,-0.024875,-0.088571,-0.019595,99885.0000,0.870270,-0.205411,-0.447702,-0.487309,-0.226475,-0.843350,0.071840,0.952111,-0.297193,,,0.000000,,,,0.00,,,
16169,,,,,,,,,,,,,,-2.574174,-8.938907,-1.956059,1.993783,0.684668,-0.543786,0.804199,0.484131,0.291992,-0.025552,-0.089436,-0.019595,,0.867349,-0.211026,-0.450748,-0.491726,-0.223439,-0.841594,0.076884,0.951600,-0.297567,,,0.000000,,,,0.00,,,
16170,,,,,,,,,,,,,,-2.614668,-8.950750,-1.892251,1.997944,0.744991,-0.539818,0.804443,0.475342,0.291992,-0.025958,-0.089553,-0.018968,99892.0000,0.864817,-0.216666,-0.452932,-0.495294,-0.220261,-0.840338,0.082309,0.951074,-0.297799,,,0.000000,,,,0.00,,,
16171,,,,,,,,,,,,,,-2.650826,-9.006127,-1.959910,2.025047,0.685897,-0.463514,0.808838,0.475342,0.294434,-0.026319,-0.090105,-0.019652,,0.861928,-0.221699,-0.455994,-0.499510,-0.216957,-0.838701,0.087008,0.950673,-0.297742,,,0.000000,,,,0.00,,,
16172,,,,,,,,,,,,,,-2.690567,-9.082663,-1.970246,2.055596,0.685126,-0.382906,0.804688,0.466553,0.294434,-0.026715,-0.090871,-0.019760,99893.0000,0.859464,-0.226574,-0.458243,-0.502867,-0.213564,-0.837565,0.091906,0.950292,-0.297488,,,0.000000,,,,0.00,,,
16173,,,,,,,,,,,,,,-2.722026,-9.197097,-2.024829,2.117927,0.647411,-0.263287,0.813477,0.466553,0.299072,-0.027023,-0.092015,-0.020309,,0.856635,-0.230734,-0.461453,-0.506946,-0.210314,-0.835927,0.095827,0.950016,-0.297132,,,0.000000,,,,0.00,,,
16174,,,,,,,,,,,,,,-2.781391,-9.262251,-2.019831,2.128931,0.660230,-0.187889,0.809082,0.462158,0.296875,-0.027611,-0.092669,-0.020261,99890.0000,0.854236,-0.234594,-0.463947,-0.510216,-0.206986,-0.834767,0.099801,0.949801,-0.296509,,,0.000000,,,,0.00,,,
16175,,,,,,,,,,,,,,-2.770225,-9.377805,-2.102014,2.228499,0.584448,-0.079862,0.811523,0.457764,0.301514,-0.027490,-0.093826,-0.021083,,0.851469,-0.237574,-0.467503,-0.514286,-0.204018,-0.832999,0.102520,0.949703,-0.295896,,,0.000000,,,,0.00,,,
16176,,,,,,,,,,,,,,-2.765531,-9.513898,-2.127403,2.329592,0.565832,0.033170,0.809326,0.455566,0.297119,-0.027436,-0.095188,-0.021340,99890.0000,0.849228,-0.240182,-0.470238,-0.517426,-0.200983,-0.831791,0.105272,0.949694,-0.294957,,,0.000000,,,,0.00,,,
16177,,,,,,,,,,,,,,-2.711733,-9.605975,-2.259697,2.450486,0.425356,0.114472,0.815918,0.453369,0.303955,-0.026893,-0.096108,-0.022662,,0.846551,-0.242204,-0.474013,-0.521439,-0.198292,-0.829929,0.107019,0.949746,-0.294159,,,0.000000,,,,0.00,,,
16178,,,,,,,,,,,,,,-2.635404,-9.644322,-2.273934,2.563022,0.378112,0.107839,0.816162,0.448975,0.294922,-0.026124,-0.096488,-0.022812,99885.0000,0.844443,-0.244030,-0.476828,-0.524419,-0.195351,-0.828748,0.109091,0.949888,-0.292937,,,0.000000,,,,0.00,,,
16179,,,,,,,,,,,,,,-2.589112,-9.758702,-2.347119,2.696223,0.296052,0.191675,0.820557,0.448975,0.297119,-0.025658,-0.097629,-0.023553,,0.841825,-0.245400,-0.480739,-0.528345,-0.192519,-0.826915,0.110373,0.950113,-0.291723,,,0.000000,,,,0.00,,,
16180,,,,,,,,,,,,,,-2.492565,-9.791753,-2.427272,2.813841,0.175463,0.189026,0.829590,0.444580,0.301758,-0.024693,-0.097954,-0.024361,99886.0000,0.839952,-0.246352,-0.483519,-0.531014,-0.189520,-0.825897,0.111825,0.950470,-0.290004,,,0.000000,,,,0.00,,,
16181,,,,,,,,,,,,,,-2.434473,-9.888415,-2.499693,2.946527,0.084186,0.250441,0.825195,0.442383,0.297363,-0.024115,-0.098917,-0.025088,,0.837509,-0.247110,-0.487356,-0.534683,-0.186715,-0.824167,0.112663,0.950828,-0.288501,,,0.000000,,,,0.00,,,
16182,,,,,,,,,,,,,,-2.396559,-9.941748,-2.547864,3.025316,0.010643,0.282886,0.825439,0.433594,0.297607,-0.023740,-0.099449,-0.025566,99885.0000,0.835831,-0.247911,-0.489824,-0.537005,-0.183806,-0.823311,0.114075,0.951186,-0.286760,,,0.000000,,,,0.00,,,
16183,,,,,,,,,,,,,,-2.413367,-10.004767,-2.479024,3.091494,0.067425,0.311699,0.823242,0.433594,0.299805,-0.023919,-0.100081,-0.024865,,0.833582,-0.248458,-0.493367,-0.540375,-0.181457,-0.821625,0.114614,0.951495,-0.285520,,,0.000000,,,,0.00,,,
16184,,,,,,,,,,,,,,-2.398754,-10.085388,-2.405874,3.176078,0.125367,0.343787,0.832031,0.431396,0.292969,-0.023792,-0.100887,-0.024116,99885.0000,0.832214,-0.249244,-0.495274,-0.542225,-0.179279,-0.820885,0.115808,0.951702,-0.284344,,,0.000000,,,,0.00,,,
16185,,,,,,,,,,,,,,-2.470973,-10.216765,-2.265398,3.236845,0.282619,0.437330,0.834473,0.424805,0.293213,-0.024533,-0.102198,-0.022707,,0.830385,-0.249639,-0.498138,-0.544956,-0.177551,-0.819450,0.116122,0.951922,-0.283478,,,0.000000,,,,0.00,,,
16186,,,,,,,,,,,,,,-2.580604,-10.324864,-2.153218,3.230576,0.417343,0.545294,0.832275,0.429199,0.292969,-0.025648,-0.103278,-0.021582,99891.0000,0.829611,-0.249796,-0.499347,-0.545986,-0.175840,-0.819134,0.116811,0.952199,-0.282264,,,0.000000,,,,0.00,,,
16187,,,,,,,,,,,,,,-2.820359,-10.525745,-2.073884,3.177682,0.571763,0.799667,0.832275,0.424805,0.293213,-0.028058,-0.105284,-0.020799,,0.828294,-0.249434,-0.501709,-0.548036,-0.174392,-0.818074,0.116561,0.952560,-0.281146,,,0.000000,,,,0.00,,,
16188,,,,,,,,,,,,,,-3.049269,-10.714245,-2.081289,3.095342,0.634138,1.070395,0.843506,0.422852,0.291016,-0.030352,-0.107167,-0.020891,99894.0000,0.828090,-0.248468,-0.502524,-0.548353,-0.172700,-0.818220,0.116515,0.953120,-0.279259,,,0.000000,,,,0.00,,,
16189,,,,,,,,,,,,,,-3.121791,-10.862642,-2.108773,3.137940,0.629240,1.230264,0.839111,0.424805,0.288574,-0.031072,-0.108649,-0.021185,,0.827099,-0.246788,-0.504978,-0.550098,-0.171091,-0.817386,0.115323,0.953847,-0.277267,,,0.000000,,,,0.00,,,
16190,,,,,,,,,,,,,,-3.150543,-10.957686,-2.174869,3.161225,0.562265,1.341562,0.845703,0.422852,0.288818,-0.031361,-0.109598,-0.021850,99890.0000,0.827206,-0.244642,-0.505847,-0.550134,-0.169354,-0.817723,0.114382,0.954709,-0.274677,,,0.000000,,,,0.00,,,
16191,,,,,,,,,,,,,,-3.123223,-11.199513,-2.168415,3.341202,0.578199,1.518138,0.843506,0.420654,0.286377,-0.031093,-0.112015,-0.021781,,0.826446,-0.242312,-0.508204,-0.551647,-0.168024,-0.816979,0.112573,0.955538,-0.272534,,,0.000000,,,,0.00,,,
16192,,,,,,,,,,,,,,-3.227296,-11.407703,-2.131655,3.372490,0.646941,1.732995,0.843750,0.411621,0.277588,-0.032145,-0.114096,-0.021411,99889.0000,0.826845,-0.239878,-0.508710,-0.551296,-0.166596,-0.817507,0.111353,0.956402,-0.269992,,,0.000000,,,,0.00,,,
16193,,,,,,,,,,,,,,-3.346894,-11.596761,-2.049412,3.405264,0.765176,1.922102,0.843750,0.416260,0.277588,-0.033375,-0.115981,-0.020573,,0.826680,-0.236701,-0.510464,-0.552088,-0.166082,-0.817078,0.108624,0.957282,-0.267976,,,0.000000,,,,0.00,,,
16194,,,,,,,,,,,,,,-3.495718,-11.770155,-2.031865,3.368256,0.827527,2.139514,0.848145,0.418457,0.275146,-0.034909,-0.117707,-0.020369,99882.0000,0.828032,-0.232700,-0.510111,-0.550649,-0.166183,-0.818027,0.105584,0.958245,-0.265741,,,0.000000,,,,0.00,,,
16195,,,,,,,,,,,,,,-3.587360,-11.850792,-1.964052,3.347050,0.920577,2.233794,0.848145,0.418457,0.266113,-0.035878,-0.118504,-0.019657,,0.829085,-0.227549,-0.510725,-0.550014,-0.167705,-0.818144,0.100517,0.959216,-0.264197,,,0.000000,,,,0.00,,,
16196,,,,,,,,,,,,,,-3.496766,-11.800737,-1.825636,3.376981,1.023276,2.119060,0.850342,0.418457,0.268311,-0.035024,-0.117995,-0.018232,99890.0000,0.831876,-0.220929,-0.509090,-0.546860,-0.170167,-0.819748,0.094475,0.960330,-0.262375,,,0.000000,,,,0.00,,,
16197,,,,,,,,,,,,,,-3.338071,-11.704855,-1.718338,3.451570,1.087619,1.934768,0.848145,0.418457,0.254639,-0.033495,-0.117026,-0.017117,,0.834265,-0.212934,-0.508587,-0.544593,-0.174126,-0.820426,0.086139,0.961426,-0.261229,,,0.000000,,,,0.00,,,
16198,,,,,,,,,,,,,,-3.046404,-11.507107,-1.577501,3.548086,1.144544,1.601495,0.845703,0.422852,0.256836,-0.030652,-0.115035,-0.015673,99886.0000,0.838497,-0.203448,-0.505501,-0.539433,-0.178771,-0.822832,0.077035,0.962626,-0.259646,,,0.000000,,,,0.00,,,
16199,,,,,,,,,,,,,,-2.736396,-11.291977,-1.500573,3.657249,1.147464,1.257809,0.847900,0.427246,0.250000,-0.027630,-0.112871,-0.014881,,0.842451,-0.192737,-0.503118,-0.534700,-0.184500,-0.824655,0.066116,0.963749,-0.258489,,,0.000000,,,,0.00,,,
16200,,,,,,,,,,,,,,-2.483449,-11.056539,-1.402042,3.670795,1.180312,0.934960,0.854492,0.433838,0.247559,-0.025190,-0.110501,-0.013890,99887.0000,0.848260,-0.181314,-0.497575,-0.526648,-0.190077,-0.828561,0.055652,0.964881,-0.256723,,,0.000000,,,,0.00,,,
16201,,,,,,,,,,,,,,-2.226487,-10.843511,-1.301046,3.708804,1.227689,0.626112,0.845459,0.442627,0.229248,-0.022706,-0.108358,-0.012889,,0.853696,-0.169390,-0.492453,-0.518875,-0.196048,-0.832066,0.044400,0.965853,-0.255258,,,0.000000,,,,0.00,,,
16202,,,,,,,,,,,,,,-2.063032,-10.659531,-1.249159,3.641179,1.242379,0.416656,0.840820,0.449219,0.229004,-0.021151,-0.106502,-0.012410,99892.0000,0.860799,-0.157974,-0.483808,-0.507723,-0.200709,-0.837814,0.035248,0.966830,-0.252977,,,0.000000,,,,0.00,,,
16203,,,,,,,,,,,,,,-1.969121,-10.491649,-1.221934,3.532407,1.243121,0.258103,0.838379,0.458008,0.229004,-0.020280,-0.104804,-0.012213,,0.867180,-0.147575,-0.475627,-0.497247,-0.204266,-0.843220,0.027283,0.967728,-0.250516,,,0.000000,,,,0.00,,,
16204,,,,,,,,,,,,,,-1.979012,-10.299486,-1.239363,3.284741,1.188758,0.153644,0.829102,0.471191,0.215088,-0.020442,-0.102857,-0.012477,99885.0000,0.874959,-0.139078,-0.463793,-0.483642,-0.205188,-0.850875,0.023173,0.968791,-0.246795,,,0.000000,,,,0.00,,,
16205,,,,,,,,,,,,,,-2.219406,-10.128789,-1.278340,2.856318,1.138052,0.172136,0.822021,0.486572,0.212402,-0.022900,-0.101108,-0.012955,,0.882008,-0.131531,-0.452505,-0.470804,-0.204952,-0.858102,0.020125,0.969894,-0.242695,,,0.000000,,,,0.00,,,
16206,,,,,,,,,,,,,,-2.689455,-9.904250,-1.321686,2.162690,1.080578,0.248481,0.808594,0.490967,0.209961,-0.027641,-0.098807,-0.013432,99888.0000,0.890357,-0.124699,-0.437853,-0.454862,-0.203282,-0.867050,0.019112,0.971147,-0.237715,,,0.000000,,,,0.00,,,
16207,,,,,,,,,,,,,,-3.124360,-9.721642,-1.390707,1.530382,0.999558,0.329421,0.801514,0.510742,0.202637,-0.032028,-0.096930,-0.014110,,0.897929,-0.117344,-0.424210,-0.439823,-0.202610,-0.874931,0.016719,0.972203,-0.233540,,,0.000000,,,,0.00,,,
16208,,,,,,,,,,,,,,-3.592014,-9.599279,-1.316563,0.863924,1.068127,0.428996,0.801270,0.521729,0.202393,-0.036742,-0.095657,-0.013327,99889.0000,0.906523,-0.109539,-0.407698,-0.421916,-0.202459,-0.883741,0.014262,0.973145,-0.229750,,,0.000000,,,,0.00,,,
16209,,,,,,,,,,,,,,-3.992482,-9.605584,-1.228133,0.321737,1.178424,0.590210,0.787354,0.539307,0.197510,-0.040787,-0.095678,-0.012387,,0.914337,-0.100090,-0.392389,-0.404856,-0.204725,-0.891167,0.008865,0.973689,-0.227709,,,0.000000,,,,0.00,,,
