// Start Time: Unknown
// Update Rate: 100.0Hz
// Filter Profile: human (46.1)
// Firmware Version: 4.6.0
PacketCounter,SampleTimeFine,Year,Month,Day,Second,UTC_Nano,UTC_Year,UTC_Month,UTC_Day,UTC_Hour,UTC_Minute,UTC_Second,UTC_Valid,Acc_X,Acc_Y,Acc_Z,FreeAcc_X,FreeAcc_Y,FreeAcc_Z,Mag_X,Mag_Y,Mag_Z,VelInc_X,VelInc_Y,VelInc_Z,Pressure,Mat[1][1],Mat[2][1],Mat[3][1],Mat[1][2],Mat[2][2],Mat[3][2],Mat[1][3],Mat[2][3],Mat[3][3],Latitude,Longitude,Altitude,Vel_X,Vel_Y,Vel_Z,Temperature,GyrTemp_X,GyrTemp_Y,GyrTemp_Z
40031,,,,,,,,,,,,,,-8.604193,1.588815,0.439963,0.000000,-0.000000,-1.052120,0.727295,-0.561768,0.035156,-0.086111,0.015717,0.003554,,-0.169513,0.071409,-0.982938,-0.969155,0.168968,0.179411,0.178897,0.983031,0.040564,,,0.000000,,,,0.00,,,
40032,,,,,,,,,,,,,,-9.010573,1.095071,0.480911,1.134025,0.368753,-0.801772,0.723145,-0.563965,0.026123,-0.090170,0.010733,0.004011,99871.0000,-0.239575,0.032651,-0.970329,-0.965821,0.093857,0.241620,0.098961,0.995050,0.009049,,,0.000000,,,,0.00,,,
40033,,,,,,,,,,,,,,-8.266907,1.051013,0.580861,1.037966,0.326243,-1.530312,0.712891,-0.570312,0.004150,-0.082746,0.010293,0.005023,,-0.242769,0.051958,-0.968692,-0.964613,0.092977,0.246734,0.102886,0.994312,0.027547,,,0.000000,,,,0.00,,,
40034,,,,,,,,,,,,,,-8.604265,1.258046,0.269962,0.923294,-0.155205,-1.163444,0.706787,-0.576660,-0.013672,-0.086112,0.012248,0.001822,99874.0000,-0.247527,0.073351,-0.966100,-0.962782,0.093085,0.253744,0.108542,0.992953,0.047580,,,0.000000,,,,0.00,,,
40035,,,,,,,,,,,,,,-9.555253,1.349410,0.052427,1.112457,-0.630039,-0.247772,0.694580,-0.591553,-0.020020,-0.095622,0.012973,-0.000497,,-0.255526,0.096105,-0.962014,-0.959608,0.095955,0.264472,0.117727,0.990735,0.067705,,,0.000000,,,,0.00,,,
40036,,,,,,,,,,,,,,-9.155102,2.045497,0.143678,0.387062,-0.606257,-0.458500,0.690430,-0.595703,-0.026611,-0.091650,0.020042,0.000701,99864.0000,-0.257714,0.113701,-0.959508,-0.957243,0.105013,0.269550,0.131409,0.987950,0.081777,,,0.000000,,,,0.00,,,
40037,,,,,,,,,,,,,,-9.914106,2.436732,1.429385,0.436474,0.487544,0.475214,0.683838,-0.591553,-0.033447,-0.099284,0.024065,0.013803,,-0.260928,0.125812,-0.957125,-0.954910,0.111839,0.275026,0.141646,0.985730,0.090957,,,0.000000,,,,0.00,,,
40038,,,,,,,,,,,,,,-10.847034,2.452797,2.956117,0.841013,1.824887,1.517599,0.688477,-0.599854,-0.037598,-0.108519,0.024491,0.029412,99879.0000,-0.254558,0.127703,-0.958589,-0.956171,0.115077,0.269246,0.144695,0.985114,0.092812,,,0.000000,,,,0.00,,,
40039,,,,,,,,,,,,,,-10.143931,1.757544,5.215642,1.619598,4.042063,0.875127,0.692627,-0.597900,-0.042236,-0.101413,0.017942,0.052082,,-0.252684,0.127168,-0.959155,-0.958101,0.105313,0.266369,0.134885,0.986275,0.095229,,,0.000000,,,,0.00,,,
40040,,,,,,,,,,,,,,-10.622900,0.083244,3.735138,2.926888,2.129776,0.850375,0.692627,-0.593506,-0.051025,-0.106199,0.001276,0.037424,99874.0000,-0.238701,0.145719,-0.960098,-0.964276,0.081374,0.252090,0.114861,0.985974,0.121089,,,0.000000,,,,0.00,,,
40041,,,,,,,,,,,,,,-10.845939,-0.579384,1.237381,3.276937,-0.374432,0.609512,0.689941,-0.583008,-0.057861,-0.108431,-0.005630,0.012692,,-0.238315,0.140781,-0.960930,-0.966394,0.063819,0.249019,0.096383,0.987982,0.120840,,,0.000000,,,,0.00,,,
40042,,,,,,,,,,,,,,-9.964091,-0.984315,-0.006581,3.021808,-1.627991,-0.406851,0.696289,-0.583008,-0.057861,-0.099644,-0.009808,0.000355,99879.0000,-0.207085,0.153303,-0.966237,-0.974653,0.053135,0.217319,0.084657,0.986750,0.138413,,,0.000000,,,,0.00,,,
40043,,,,,,,,,,,,,,-10.733905,-1.035624,-0.314128,3.212593,-1.981119,0.293846,0.696045,-0.578857,-0.049072,-0.107343,-0.010401,-0.002840,,-0.208388,0.147758,-0.966821,-0.974432,0.053544,0.218211,0.084010,0.987573,0.132823,,,0.000000,,,,0.00,,,
40044,,,,,,,,,,,,,,-10.942689,-0.063171,0.390515,1.933455,-1.230745,0.894597,0.698486,-0.580811,-0.049072,-0.109426,-0.000691,0.003925,99870.0000,-0.168658,0.147232,-0.974617,-0.982306,0.056572,0.178535,0.081422,0.987483,0.135085,,,0.000000,,,,0.00,,,
40045,,,,,,,,,,,,,,-9.895030,0.525767,1.364749,1.264507,-0.087618,0.109203,0.696289,-0.583008,-0.044678,-0.098962,0.005243,0.013567,,-0.168598,0.148916,-0.974371,-0.982165,0.058088,0.178824,0.083229,0.987142,0.136466,,,0.000000,,,,0.00,,,
40046,,,,,,,,,,,,,,-9.385418,0.696659,2.181045,0.743966,0.834192,-0.216907,0.692139,-0.583008,-0.051270,-0.093863,0.006959,0.021774,99876.0000,-0.134331,0.145414,-0.980209,-0.987797,0.059032,0.144128,0.078822,0.987608,0.135710,,,0.000000,,,,0.00,,,
40047,,,,,,,,,,,,,,-9.527812,0.644113,2.246986,0.820888,0.874540,-0.075935,0.692139,-0.587158,-0.051270,-0.095272,0.006441,0.022498,,-0.134494,0.144810,-0.980276,-0.987818,0.058548,0.144177,0.078271,0.987726,0.135172,,,0.000000,,,,0.00,,,
40048,,,,,,,,,,,,,,-9.702523,0.584114,1.698078,0.616842,0.292652,0.030963,0.690186,-0.587158,-0.044678,-0.097013,0.005842,0.017050,99876.0000,-0.110488,0.145399,-0.983184,-0.991186,0.056630,0.119762,0.073091,0.987751,0.137861,,,0.000000,,,,0.00,,,
40049,,,,,,,,,,,,,,-9.714313,0.639329,1.267943,0.532021,-0.118836,-0.010284,0.694092,-0.580811,-0.049072,-0.097136,0.006399,0.012729,,-0.110708,0.144278,-0.983325,-0.991311,0.054688,0.119631,0.071037,0.988025,0.136970,,,0.000000,,,,0.00,,,
40050,,,,,,,,,,,,,,-9.656879,0.664088,1.218176,0.326999,-0.170455,-0.063621,0.692139,-0.583008,-0.053467,-0.096567,0.006647,0.012196,99878.0000,-0.093639,0.145766,-0.984878,-0.993337,0.053079,0.102299,0.067188,0.987894,0.139825,,,0.000000,,,,0.00,,,
40051,,,,,,,,,,,,,,-9.782717,0.641220,1.364490,0.370300,-0.043669,0.078496,0.692139,-0.587158,-0.046875,-0.097826,0.006417,0.013648,,-0.093853,0.145580,-0.984885,-0.993461,0.050911,0.102195,0.065019,0.988036,0.139850,,,0.000000,,,,0.00,,,
40052,,,,,,,,,,,,,,-9.815978,0.596462,1.457275,0.301996,0.038648,0.124120,0.689697,-0.576660,-0.053711,-0.098158,0.005969,0.014586,99876.0000,-0.082219,0.145541,-0.985930,-0.994786,0.047918,0.090031,0.060347,0.988191,0.140843,,,0.000000,,,,0.00,,,
40053,,,,,,,,,,,,,,-9.848028,0.590763,1.490039,0.312355,0.070340,0.159793,0.692139,-0.587158,-0.049072,-0.098476,0.005905,0.014929,,-0.082501,0.144904,-0.986000,-0.994839,0.046671,0.090099,0.059074,0.988344,0.140306,,,0.000000,,,,0.00,,,
40054,,,,,,,,,,,,,,-9.766240,0.682093,1.568648,0.146209,0.163787,0.099787,0.685791,-0.583008,-0.055664,-0.097659,0.006815,0.015712,99877.0000,-0.075275,0.144966,-0.986569,-0.995482,0.046496,0.082787,0.057873,0.988344,0.140811,,,0.000000,,,,0.00,,,
40055,,,,,,,,,,,,,,-9.726267,0.769222,1.644168,0.061985,0.252854,0.078091,0.689941,-0.585205,-0.049072,-0.097259,0.007689,0.016462,,-0.075537,0.144483,-0.986620,-0.995520,0.045502,0.082882,0.056868,0.988461,0.140399,,,0.000000,,,,0.00,,,
40056,,,,,,,,,,,,,,-9.741940,0.785871,1.629175,-0.006895,0.234281,0.092981,0.696533,-0.587158,-0.051270,-0.097415,0.007860,0.016320,99876.0000,-0.070784,0.144402,-0.986984,-0.996085,0.042293,0.077624,0.052951,0.988615,0.140843,,,0.000000,,,,0.00,,,
40057,,,,,,,,,,,,,,-9.750842,0.844357,1.495637,-0.072476,0.110437,0.087380,0.687744,-0.583008,-0.060303,-0.097501,0.008453,0.014997,,-0.070925,0.143419,-0.987117,-0.996178,0.040396,0.077445,0.050983,0.988837,0.140006,,,0.000000,,,,0.00,,,
40058,,,,,,,,,,,,,,-9.782265,0.866911,1.336192,-0.158060,-0.050878,0.097009,0.692139,-0.583008,-0.053467,-0.097816,0.008678,0.013401,99878.0000,-0.066483,0.142702,-0.987530,-0.996935,0.031402,0.071654,0.041236,0.989267,0.140177,,,0.000000,,,,0.00,,,
40059,,,,,,,,,,,,,,-9.781637,0.904338,1.270663,-0.199346,-0.105777,0.089933,0.692139,-0.585205,-0.051270,-0.097810,0.009050,0.012753,,-0.066638,0.141607,-0.987677,-0.997002,0.029556,0.071505,0.039318,0.989482,0.139213,,,0.000000,,,,0.00,,,
40060,,,,,,,,,,,,,,-9.756104,0.923948,1.253854,-0.242290,-0.122890,0.063221,0.696533,-0.585205,-0.053467,-0.097552,0.009244,0.012602,99878.0000,-0.063400,0.142686,-0.987735,-0.996838,0.038448,0.069538,0.047899,0.989021,0.139798,,,0.000000,,,,0.00,,,
40061,,,,,,,,,,,,,,-9.747540,0.921766,1.282520,-0.239085,-0.080962,0.058752,0.698242,-0.578857,-0.051270,-0.097468,0.009217,0.012885,,-0.063694,0.141338,-0.987910,-0.996898,0.036858,0.069546,0.046242,0.989275,0.138552,,,0.000000,,,,0.00,,,
40062,,,,,,,,,,,,,,-9.712114,0.947949,1.438163,-0.287668,0.081035,0.046458,0.694336,-0.585205,-0.053467,-0.097113,0.009483,0.014431,99883.0000,-0.061044,0.141142,-0.988106,-0.997126,0.035878,0.066726,0.044869,0.989339,0.138546,,,0.000000,,,,0.00,,,
40063,,,,,,,,,,,,,,-9.646960,0.932293,1.483959,-0.274686,0.144864,-0.012754,0.694092,-0.578857,-0.049072,-0.096462,0.009330,0.014887,,-0.061281,0.139961,-0.988259,-0.997209,0.033712,0.066611,0.042639,0.989583,0.137504,,,0.000000,,,,0.00,,,
40064,,,,,,,,,,,,,,-9.651518,0.957781,1.345913,-0.308508,0.009694,-0.025688,0.698486,-0.580811,-0.051270,-0.096508,0.009586,0.013505,99879.0000,-0.060200,0.140364,-0.988268,-0.997027,0.039259,0.066309,0.048105,0.989321,0.137583,,,0.000000,,,,0.00,,,
40065,,,,,,,,,,,,,,-9.707516,0.982230,1.162643,-0.339088,-0.169270,0.006108,0.694092,-0.578857,-0.046875,-0.097069,0.009825,0.011671,,-0.060486,0.139216,-0.988413,-0.997126,0.036831,0.066207,0.045621,0.989577,0.136588,,,0.000000,,,,0.00,,,
40066,,,,,,,,,,,,,,-9.706071,1.022180,1.097426,-0.389246,-0.233855,-0.001938,0.698486,-0.580811,-0.049072,-0.097056,0.010217,0.011017,99882.0000,-0.060265,0.139043,-0.988451,-0.997306,0.033111,0.065463,0.041831,0.989733,0.136673,,,0.000000,,,,0.00,,,
40067,,,,,,,,,,,,,,-9.671576,0.995539,1.047871,-0.365268,-0.268677,-0.044223,0.687500,-0.576660,-0.049316,-0.096710,0.009949,0.010539,,-0.060636,0.137658,-0.988622,-0.997352,0.031486,0.065556,0.040152,0.989979,0.135385,,,0.000000,,,,0.00,,,
40068,,,,,,,,,,,,,,-9.686228,1.059816,1.099093,-0.413502,-0.206869,-0.017769,0.696289,-0.580811,-0.055664,-0.096854,0.010590,0.011069,99871.0000,-0.061688,0.136603,-0.988703,-0.997182,0.033945,0.066907,0.042701,0.990044,0.134124,,,0.000000,,,,0.00,,,
40069,,,,,,,,,,,,,,-9.640671,1.170948,1.078643,-0.526106,-0.201066,-0.057694,0.698486,-0.580811,-0.049072,-0.096398,0.011705,0.010868,,-0.061999,0.134778,-0.988934,-0.997218,0.032706,0.066976,0.041371,0.990336,0.132375,,,0.000000,,,,0.00,,,
40070,,,,,,,,,,,,,,-9.659942,1.148977,1.107680,-0.489352,-0.155413,-0.035268,0.694092,-0.578857,-0.051270,-0.096590,0.011481,0.011166,99879.0000,-0.064878,0.131114,-0.989242,-0.997499,0.019327,0.067981,0.028032,0.991179,0.129532,,,0.000000,,,,0.00,,,
40071,,,,,,,,,,,,,,-9.735430,1.065651,1.173076,-0.397712,-0.083171,0.042524,0.691895,-0.578857,-0.046875,-0.097343,0.010651,0.011830,,-0.065172,0.128993,-0.989502,-0.997511,0.018320,0.068088,0.026910,0.991476,0.127478,,,0.000000,,,,0.00,,,
40072,,,,,,,,,,,,,,-9.690377,0.982031,1.180313,-0.296526,-0.043014,-0.005999,0.698242,-0.578857,-0.044678,-0.096892,0.009816,0.011902,99876.0000,-0.065784,0.127236,-0.989689,-0.997077,0.030252,0.070165,0.038868,0.991411,0.124874,,,0.000000,,,,0.00,,,
40073,,,,,,,,,,,,,,-9.530949,1.087829,1.158876,-0.410904,-0.020535,-0.158877,0.696289,-0.580811,-0.044678,-0.095298,0.010864,0.011692,,-0.066122,0.125131,-0.989934,-0.997049,0.030503,0.070453,0.039012,0.991671,0.122745,,,0.000000,,,,0.00,,,
40074,,,,,,,,,,,,,,-9.504298,1.131312,1.104424,-0.444231,-0.045853,-0.188145,0.696045,-0.576660,-0.042480,-0.095031,0.011300,0.011157,99876.0000,-0.069028,0.121120,-0.990235,-0.997258,0.018147,0.071738,0.026659,0.992472,0.119535,,,0.000000,,,,0.00,,,
40075,,,,,,,,,,,,,,-9.553291,1.189613,1.183239,-0.494164,0.049719,-0.125898,0.698486,-0.583008,-0.040283,-0.095521,0.011886,0.011941,,-0.069245,0.118915,-0.990487,-0.997237,0.018512,0.071940,0.026891,0.992732,0.117305,,,0.000000,,,,0.00,,,
40076,,,,,,,,,,,,,,-9.564421,1.164698,1.252112,-0.446273,0.140613,-0.107869,0.696045,-0.576660,-0.042480,-0.095635,0.011646,0.012595,99876.0000,-0.070561,0.117374,-0.990578,-0.996989,0.023703,0.073826,0.032145,0.992805,0.115348,,,0.000000,,,,0.00,,,
40077,,,,,,,,,,,,,,-9.485828,1.251346,1.330949,-0.536390,0.240731,-0.170460,0.696045,-0.574463,-0.040283,-0.094853,0.012523,0.013340,,-0.070615,0.116519,-0.990675,-0.997040,0.022022,0.073659,0.030399,0.992944,0.114619,,,0.000000,,,,0.00,,,
40078,,,,,,,,,,,,,,-9.445228,1.115877,1.106334,-0.399172,0.023845,-0.245997,0.696289,-0.580811,-0.046875,-0.094449,0.011175,0.011075,99874.0000,-0.072987,0.115079,-0.990671,-0.997127,0.011763,0.074829,0.020264,0.993287,0.113890,,,0.000000,,,,0.00,,,
40079,,,,,,,,,,,,,,-9.405899,1.051160,1.063242,-0.341412,-0.013918,-0.294831,0.698242,-0.578857,-0.044678,-0.094058,0.010525,0.010632,,-0.073070,0.114723,-0.990707,-0.997181,0.008586,0.074541,0.017058,0.993360,0.113772,,,0.000000,,,,0.00,,,
40080,,,,,,,,,,,,,,-9.529542,1.056930,1.018767,-0.325706,-0.070171,-0.176498,0.700439,-0.578857,-0.042480,-0.095294,0.010587,0.010185,99871.0000,-0.074032,0.114877,-0.990617,-0.997048,0.011772,0.075878,0.020378,0.993310,0.113667,,,0.000000,,,,0.00,,,
40081,,,,,,,,,,,,,,-9.662692,0.991129,0.982665,-0.254062,-0.119603,-0.053757,0.698486,-0.580811,-0.042480,-0.096623,0.009924,0.009853,,-0.074223,0.113899,-0.990716,-0.997113,0.007477,0.075562,0.016014,0.993464,0.113016,,,0.000000,,,,0.00,,,
40082,,,,,,,,,,,,,,-9.761406,1.162935,1.053838,-0.401687,-0.049644,0.065785,0.698242,-0.578857,-0.046875,-0.097608,0.011635,0.010587,99875.0000,-0.077711,0.110672,-0.990814,-0.996975,-0.010058,0.077070,-0.001437,0.993806,0.111119,,,0.000000,,,,0.00,,,
40083,,,,,,,,,,,,,,-9.721831,1.296903,0.973811,-0.538303,-0.115699,0.028100,0.694092,-0.578857,-0.051270,-0.097214,0.012963,0.009793,,-0.078339,0.108865,-0.990965,-0.996904,-0.015197,0.077139,-0.006662,0.993940,0.109719,,,0.000000,,,,0.00,,,
40084,,,,,,,,,,,,,,-9.665342,1.229864,1.000843,-0.458733,-0.063249,-0.029097,0.700439,-0.580811,-0.044678,-0.096647,0.012292,0.010077,99877.0000,-0.079984,0.107002,-0.991036,-0.996782,-0.013918,0.078945,-0.005346,0.994161,0.107771,,,0.000000,,,,0.00,,,
40085,,,,,,,,,,,,,,-9.753774,0.975655,0.850331,-0.196915,-0.204494,0.022477,0.700439,-0.578857,-0.049072,-0.097531,0.009756,0.008577,,-0.080353,0.105069,-0.991213,-0.996719,-0.018177,0.078873,-0.009731,0.994299,0.106184,,,0.000000,,,,0.00,,,
40086,,,,,,,,,,,,,,-9.830952,0.768980,0.889742,0.035978,-0.147621,0.087185,0.700195,-0.572510,-0.044922,-0.098304,0.007692,0.008960,99866.0000,-0.083999,0.101543,-0.991279,-0.996091,-0.035850,0.080735,-0.027340,0.994185,0.104158,,,0.000000,,,,0.00,,,
40087,,,,,,,,,,,,,,-9.726457,0.797030,1.018423,-0.005016,0.001427,-0.000635,0.691650,-0.574463,-0.051514,-0.097259,0.007971,0.010236,,-0.084148,0.100321,-0.991390,-0.996019,-0.037844,0.080711,-0.029421,0.994235,0.103106,,,0.000000,,,,0.00,,,
40088,,,,,,,,,,,,,,-9.676825,0.914239,1.085338,-0.112922,0.088307,-0.033415,0.696045,-0.578857,-0.049072,-0.096765,0.009152,0.010876,99876.0000,-0.082495,0.101317,-0.991428,-0.996591,-0.009399,0.081964,-0.001014,0.994810,0.101747,,,0.000000,,,,0.00,,,
40089,,,,,,,,,,,,,,-9.559753,0.899993,1.262466,-0.112203,0.276661,-0.132628,0.697998,-0.572510,-0.049316,-0.095598,0.009026,0.012603,,-0.082230,0.101564,-0.991425,-0.996608,-0.011592,0.081473,-0.003218,0.994761,0.102173,,,0.000000,,,,0.00,,,
40090,,,,,,,,,,,,,,-8.588567,3.346029,6.934505,-2.885580,5.854300,-0.302350,0.693848,-0.574463,-0.073730,-0.086072,0.033744,0.068975,99874.0000,-0.085913,0.103531,-0.990909,-0.995243,-0.054778,0.080565,-0.045939,0.993117,0.107745,,,0.000000,,,,0.00,,,
40091,,,,,,,,,,,,,,-8.323036,11.207152,9.376451,-11.177510,7.271998,0.426087,0.692627,-0.547119,-0.118652,-0.084325,0.115509,0.088386,,-0.093323,0.119377,-0.988453,-0.987677,-0.136378,0.076780,-0.125638,0.983438,0.130633,,,0.000000,,,,0.00,,,
40092,,,,,,,,,,,,,,-8.516543,-4.906456,-10.033710,5.994908,-10.735819,-3.025053,0.705078,-0.540771,-0.114258,-0.086119,-0.049993,-0.099051,99874.0000,-0.071822,0.118072,-0.990404,-0.995665,-0.067323,0.064178,-0.059100,0.990720,0.122395,,,0.000000,,,,0.00,,,
40093,,,,,,,,,,,,,,-9.958822,-3.665521,-4.121882,4.571528,-4.989937,-0.658191,0.704834,-0.534424,-0.112061,-0.099842,-0.036283,-0.040933,,-0.063716,0.113210,-0.991526,-0.996147,-0.067211,0.056339,-0.060264,0.991295,0.117057,,,0.000000,,,,0.00,,,
40094,,,,,,,,,,,,,,-11.324169,1.344260,-2.310429,0.514937,-3.685188,1.211651,0.700684,-0.536621,-0.114258,-0.113231,0.013319,-0.023228,99870.0000,-0.089695,0.094659,-0.991461,-0.937750,-0.343389,0.052051,-0.335529,0.934411,0.119567,,,0.000000,,,,0.00,,,
40095,,,,,,,,,,,,,,-11.921707,2.469272,1.455612,-1.723916,-0.658490,2.309074,0.700439,-0.528076,-0.123291,-0.119260,0.024737,0.014125,,-0.091794,0.099667,-0.990778,-0.934844,-0.351336,0.051269,-0.342986,0.930929,0.125424,,,0.000000,,,,0.00,,,
40096,,,,,,,,,,,,,,-10.191506,-1.742243,2.808061,2.075207,1.942651,0.517213,0.702393,-0.525879,-0.123291,-0.101913,-0.017218,0.028212,99874.0000,-0.075083,0.106207,-0.991505,-0.985398,-0.160280,0.057452,-0.152817,0.981341,0.116691,,,0.000000,,,,0.00,,,
40097,,,,,,,,,,,,,,-10.015921,-2.116377,1.399028,2.617811,0.664303,0.160309,0.704834,-0.530273,-0.118896,-0.100143,-0.021131,0.014156,,-0.072823,0.101857,-0.992130,-0.986480,-0.153788,0.056620,-0.146811,0.982840,0.111679,,,0.000000,,,,0.00,,,
40098,,,,,,,,,,,,,,-9.999453,-0.194881,-0.019578,0.907487,-0.972125,0.099868,0.711670,-0.540771,-0.100830,-0.099996,-0.001903,-0.000031,99872.0000,-0.070503,0.096746,-0.992809,-0.986557,-0.153863,0.055066,-0.147429,0.983345,0.106293,,,0.000000,,,,0.00,,,
40099,,,,,,,,,,,,,,-9.980838,0.873450,-0.202099,-0.136936,-1.278535,0.125487,0.704834,-0.534424,-0.089844,-0.099807,0.008791,-0.001807,,-0.069493,0.094618,-0.993085,-0.989762,-0.130949,0.056784,-0.124670,0.986864,0.102749,,,0.000000,,,,0.00,,,
40100,,,,,,,,,,,,,,-10.176921,1.546377,1.168609,-0.963264,0.016453,0.502271,0.703125,-0.544922,-0.085205,-0.101759,0.015391,0.011870,99878.0000,-0.068819,0.092879,-0.993296,-0.991870,-0.113202,0.058135,-0.107043,0.989221,0.099914,,,0.000000,,,,0.00,,,
40101,,,,,,,,,,,,,,-9.915480,2.060713,2.470457,-1.621942,1.293602,0.403100,0.700928,-0.540771,-0.083252,-0.099155,0.020562,0.024740,,-0.068150,0.093586,-0.993276,-0.992598,-0.106669,0.058053,-0.100519,0.989880,0.100163,,,0.000000,,,,0.00,,,
40102,,,,,,,,,,,,,,-9.361356,1.748150,2.485777,-1.351005,1.399977,-0.164635,0.711670,-0.544922,-0.083008,-0.093596,0.017581,0.024852,99871.0000,-0.067354,0.092966,-0.993389,-0.992364,-0.109361,0.057050,-0.103334,0.989645,0.099622,,,0.000000,,,,0.00,,,
40103,,,,,,,,,,,,,,-9.327381,1.195530,1.374208,-0.711459,0.361635,-0.342694,0.713379,-0.534424,-0.087646,-0.093258,0.012067,0.013748,,-0.065753,0.092204,-0.993567,-0.991807,-0.115331,0.054933,-0.109524,0.989038,0.099032,,,0.000000,,,,0.00,,,
40104,,,,,,,,,,,,,,-9.508967,0.729607,0.598321,-0.164527,-0.369675,-0.265593,0.715820,-0.538574,-0.089844,-0.095083,0.007382,0.005976,99869.0000,-0.065087,0.091950,-0.993634,-0.991198,-0.120992,0.053731,-0.115281,0.988386,0.099015,,,0.000000,,,,0.00,,,
40105,,,,,,,,,,,,,,-9.794730,0.498195,0.355894,0.095426,-0.611139,-0.018354,0.710938,-0.528076,-0.085449,-0.097944,0.005056,0.003547,,-0.063718,0.092123,-0.993707,-0.990787,-0.125074,0.051936,-0.119502,0.987861,0.099244,,,0.000000,,,,0.00,,,
40106,,,,,,,,,,,,,,-9.892173,0.820254,0.311346,-0.219070,-0.705333,0.090814,0.713379,-0.534424,-0.089844,-0.098916,0.008271,0.003107,99871.0000,-0.063136,0.091907,-0.993764,-0.990459,-0.127988,0.051089,-0.122494,0.987508,0.099111,,,0.000000,,,,0.00,,,
40107,,,,,,,,,,,,,,-9.728180,1.252871,0.171214,-0.654066,-0.883659,-0.064466,0.711426,-0.534424,-0.092041,-0.097274,0.012590,0.001737,,-0.061818,0.091141,-0.993917,-0.990130,-0.131100,0.049561,-0.125785,0.987171,0.098346,,,0.000000,,,,0.00,,,
40108,,,,,,,,,,,,,,-9.684939,1.319836,0.555913,-0.775689,-0.502726,-0.066169,0.719482,-0.528076,-0.098877,-0.096842,0.013250,0.005566,99881.0000,-0.061612,0.090288,-0.994008,-0.989771,-0.133917,0.049185,-0.128673,0.986871,0.097615,,,0.000000,,,,0.00,,,
40109,,,,,,,,,,,,,,-9.709393,1.209804,0.670727,-0.688939,-0.376115,-0.036712,0.717285,-0.525879,-0.090088,-0.097089,0.012131,0.006718,,-0.060960,0.089990,-0.994075,-0.989641,-0.135138,0.048454,-0.129977,0.986732,0.097296,,,0.000000,,,,0.00,,,
40110,,,,,,,,,,,,,,-9.729213,1.033572,0.620847,-0.504620,-0.394701,-0.030005,0.721680,-0.525879,-0.096680,-0.097288,0.010357,0.006242,99871.0000,-0.061302,0.088787,-0.994162,-0.989531,-0.135784,0.048890,-0.130650,0.986752,0.096181,,,0.000000,,,,0.00,,,
40111,,,,,,,,,,,,,,-9.831947,1.014057,0.543819,-0.474110,-0.470448,0.063806,0.715332,-0.528076,-0.092285,-0.098315,0.010159,0.005477,,-0.060830,0.088003,-0.994261,-0.989489,-0.136239,0.048480,-0.131190,0.986760,0.095365,,,0.000000,,,,0.00,,,
40112,,,,,,,,,,,,,,-10.003341,0.734871,0.693841,-0.203940,-0.288608,0.235367,0.717285,-0.525879,-0.090088,-0.100030,0.007378,0.006959,99868.0000,-0.061086,0.087076,-0.994327,-0.989412,-0.136678,0.048815,-0.131652,0.986781,0.094503,,,0.000000,,,,0.00,,,
40113,,,,,,,,,,,,,,-9.909833,0.542066,0.924118,-0.057690,-0.022093,0.154699,0.713379,-0.530273,-0.096680,-0.099092,0.005467,0.009277,,-0.060082,0.086449,-0.994443,-0.989421,-0.136950,0.047873,-0.132050,0.986799,0.093762,,,0.000000,,,,0.00,,,
40114,,,,,,,,,,,,,,-9.835846,0.772963,1.004947,-0.303467,0.047617,0.099774,0.721680,-0.528076,-0.090088,-0.098348,0.007769,0.010125,99874.0000,-0.059921,0.084469,-0.994623,-0.989350,-0.137438,0.047932,-0.132650,0.986902,0.091804,,,0.000000,,,,0.00,,,
40115,,,,,,,,,,,,,,-9.966776,0.621524,0.987111,-0.154445,0.053929,0.220783,0.717529,-0.528076,-0.098877,-0.099657,0.006263,0.009948,,-0.058828,0.082994,-0.994812,-0.989278,-0.138288,0.046964,-0.133673,0.986909,0.090239,,,0.000000,,,,0.00,,,
40116,,,,,,,,,,,,,,-9.941505,0.447743,1.078805,0.000006,0.189349,0.195406,0.718994,-0.517578,-0.090088,-0.099404,0.004522,0.010867,99880.0000,-0.058457,0.081127,-0.994988,-0.989341,-0.137860,0.046884,-0.133366,0.987124,0.088321,,,0.000000,,,,0.00,,,
40117,,,,,,,,,,,,,,-9.880190,0.499045,1.077304,-0.064616,0.200108,0.136360,0.717041,-0.519531,-0.090088,-0.098792,0.005028,0.010849,,-0.057377,0.079779,-0.995160,-0.989529,-0.136780,0.046087,-0.132441,0.987384,0.086791,,,0.000000,,,,0.00,,,
40118,,,,,,,,,,,,,,-9.845836,0.492421,0.848219,-0.033300,-0.003423,0.081821,0.717285,-0.523926,-0.083496,-0.098449,0.004964,0.008572,99878.0000,-0.056920,0.077767,-0.995345,-0.989639,-0.136025,0.045966,-0.131817,0.987648,0.084704,,,0.000000,,,,0.00,,,
40119,,,,,,,,,,,,,,-10.015450,0.323124,0.564668,0.169239,-0.253928,0.219228,0.717285,-0.523926,-0.083496,-0.100146,0.003282,0.005766,,-0.055549,0.075561,-0.995593,-0.989787,-0.135279,0.044958,-0.131286,0.987922,0.082303,,,0.000000,,,,0.00,,,
40120,,,,,,,,,,,,,,-9.967563,0.210688,0.156582,0.322900,-0.610257,0.134396,0.723633,-0.521729,-0.076660,-0.099672,0.002167,0.001708,99873.0000,-0.054566,0.072570,-0.995870,-0.989921,-0.134471,0.044441,-0.130690,0.988257,0.079176,,,0.000000,,,,0.00,,,
40121,,,,,,,,,,,,,,-10.004815,0.242401,0.140011,0.278441,-0.602881,0.173981,0.723633,-0.521729,-0.081299,-0.100044,0.002492,0.001585,,-0.052696,0.069110,-0.996216,-0.990102,-0.133567,0.043107,-0.130082,0.988627,0.075465,,,0.000000,,,,0.00,,,
40122,,,,,,,,,,,,,,-10.083249,0.186309,0.076862,0.332138,-0.620588,0.247974,0.727539,-0.515381,-0.074707,-0.100829,0.001932,0.000988,99877.0000,-0.051244,0.064539,-0.996599,-0.990094,-0.133899,0.042239,-0.130717,0.988891,0.070761,,,0.000000,,,,0.00,,,
40123,,,,,,,,,,,,,,-10.277277,0.025409,-0.082177,0.502609,-0.721794,0.427233,0.729736,-0.517334,-0.074707,-0.102774,0.000315,-0.000549,,-0.049339,0.059437,-0.997012,-0.990042,-0.134683,0.040965,-0.131845,0.989105,0.065490,,,0.000000,,,,0.00,,,
40124,,,,,,,,,,,,,,-9.886732,-0.099374,-0.004165,0.581465,-0.540385,0.042609,0.727539,-0.515381,-0.065674,-0.098867,-0.000950,0.000297,99874.0000,-0.047895,0.052276,-0.997483,-0.989843,-0.136306,0.040385,-0.133852,0.989287,0.058274,,,0.000000,,,,0.00,,,
40125,,,,,,,,,,,,,,-9.904651,-0.110698,0.079408,0.564482,-0.379619,0.069480,0.729736,-0.519531,-0.056885,-0.099042,-0.001079,0.001248,,-0.046096,0.043292,-0.997998,-0.989748,-0.137180,0.039764,-0.135184,0.989600,0.049171,,,0.000000,,,,0.00,,,
40126,,,,,,,,,,,,,,-9.982004,-0.050431,0.037552,0.498568,-0.331736,0.151491,0.738281,-0.519531,-0.052246,-0.099816,-0.000488,0.000891,99871.0000,-0.044570,0.032557,-0.998476,-0.989633,-0.138030,0.039675,-0.136528,0.989893,0.038371,,,0.000000,,,,0.00,,,
40127,,,,,,,,,,,,,,-10.004723,-0.320036,-0.088234,0.767340,-0.316580,0.163019,0.742188,-0.509033,-0.045898,-0.100050,-0.003199,-0.000354,,-0.043073,0.022107,-0.998827,-0.989561,-0.138563,0.039606,-0.137525,0.990107,0.027844,,,0.000000,,,,0.00,,,
40128,,,,,,,,,,,,,,-9.769886,-0.329308,-0.131800,0.760558,-0.239760,-0.068996,0.740234,-0.513184,-0.036865,-0.097703,-0.003319,-0.000760,99874.0000,-0.042067,0.010229,-0.999062,-0.989225,-0.140774,0.040212,-0.140231,0.989989,0.016041,,,0.000000,,,,0.00,,,
40129,,,,,,,,,,,,,,-9.474893,-0.604218,-0.537532,1.066133,-0.479438,-0.375542,0.740479,-0.517334,-0.025635,-0.094781,-0.006077,-0.004728,,-0.040673,-0.003166,-0.999167,-0.988709,-0.144213,0.040704,-0.144222,0.989542,0.002736,,,0.000000,,,,0.00,,,
40130,,,,,,,,,,,,,,-9.171151,-0.727381,-0.741492,1.193690,-0.518368,-0.675217,0.751221,-0.519531,-0.012207,-0.091764,-0.007333,-0.006654,99878.0000,-0.039154,-0.019939,-0.999034,-0.988016,-0.148618,0.041688,-0.149306,0.988694,-0.013881,,,0.000000,,,,0.00,,,
40131,,,,,,,,,,,,,,-9.007996,-0.702334,-0.916615,1.178695,-0.536048,-0.823901,0.740234,-0.513184,0.003174,-0.090156,-0.007102,-0.008307,,-0.037615,-0.038654,-0.998544,-0.987332,-0.152698,0.043104,-0.154142,0.987517,-0.032420,,,0.000000,,,,0.00,,,
40132,,,,,,,,,,,,,,-8.854599,-0.479101,-0.786064,0.921184,-0.263704,-0.962239,0.746582,-0.515137,0.016602,-0.088615,-0.004891,-0.006950,99878.0000,-0.035907,-0.059509,-0.997582,-0.986342,-0.158455,0.044955,-0.160747,0.985571,-0.053006,,,0.000000,,,,0.00,,,
40133,,,,,,,,,,,,,,-9.078541,-0.017020,-0.879466,0.482160,-0.222073,-0.707282,0.744873,-0.521484,0.027832,-0.090875,-0.000311,-0.007790,,-0.034688,-0.081663,-0.996056,-0.985125,-0.165047,0.047839,-0.168302,0.982899,-0.074724,,,0.000000,,,,0.00,,,
40134,,,,,,,,,,,,,,-9.484578,0.639482,-1.115777,-0.122852,-0.311391,-0.247390,0.755371,-0.519531,0.043213,-0.094974,0.006278,-0.010058,99871.0000,-0.031782,-0.105745,-0.993885,-0.983679,-0.172891,0.049851,-0.177106,0.979248,-0.098524,,,0.000000,,,,0.00,,,
40135,,,,,,,,,,,,,,-10.052138,0.936598,-1.266912,-0.380295,-0.221889,0.352414,0.751221,-0.523682,0.067871,-0.100674,0.009192,-0.011514,,-0.030128,-0.129252,-0.991154,-0.982394,-0.179079,0.053215,-0.184373,0.975308,-0.121581,,,0.000000,,,,0.00,,,
40136,,,,,,,,,,,,,,-10.633305,1.646710,-1.291130,-1.055404,-0.059175,0.972675,0.753418,-0.525635,0.078857,-0.106501,0.016195,-0.011803,99871.0000,-0.030179,-0.151656,-0.987973,-0.981246,-0.183771,0.058183,-0.190385,0.971200,-0.143266,,,0.000000,,,,0.00,,,
40137,,,,,,,,,,,,,,-10.967653,1.768849,-1.689041,-1.072059,-0.192767,1.371257,0.751221,-0.525879,0.094482,-0.109878,0.017381,-0.015854,,-0.031000,-0.171722,-0.984658,-0.980002,-0.188504,0.063728,-0.196556,0.966942,-0.162444,,,0.000000,,,,0.00,,,
40138,,,,,,,,,,,,,,-11.631830,1.760383,-1.998299,-0.958352,-0.146129,2.080477,0.747559,-0.538330,0.114746,-0.116550,0.017247,-0.018907,99876.0000,-0.032756,-0.191478,-0.980950,-0.979335,-0.189835,0.069757,-0.199576,0.962963,-0.181303,,,0.000000,,,,0.00,,,
40139,,,,,,,,,,,,,,-12.020484,2.134169,-1.929524,-1.294598,0.150129,2.478244,0.749756,-0.538330,0.121338,-0.120431,0.020967,-0.018254,,-0.035507,-0.209189,-0.977230,-0.979262,-0.187883,0.075800,-0.199462,0.959656,-0.198179,,,0.000000,,,,0.00,,,
40140,,,,,,,,,,,,,,-11.643195,2.209711,-1.932249,-1.342506,0.268559,2.116379,0.745605,-0.542725,0.134766,-0.116649,0.021701,-0.018434,99879.0000,-0.039612,-0.225149,-0.973519,-0.979439,-0.184129,0.082437,-0.197814,0.956768,-0.213226,,,0.000000,,,,0.00,,,
40141,,,,,,,,,,,,,,-10.900241,1.057657,-2.556945,-0.065051,-0.114381,1.432419,0.735352,-0.551025,0.143799,-0.109190,0.010118,-0.024943,,-0.045655,-0.237641,-0.970279,-0.979163,-0.181751,0.090588,-0.197877,0.954198,-0.224392,,,0.000000,,,,0.00,,,
40142,,,,,,,,,,,,,,-10.201092,0.156727,-3.098996,0.943892,-0.527212,0.794877,0.742188,-0.563721,0.152832,-0.102156,0.001168,-0.030524,99877.0000,-0.058552,-0.246720,-0.967316,-0.983384,-0.152538,0.098431,-0.171838,0.957006,-0.233689,,,0.000000,,,,0.00,,,
40143,,,,,,,,,,,,,,-9.793650,1.868360,-2.113239,-0.884610,0.173946,0.339053,0.733643,-0.559570,0.161621,-0.098111,0.018426,-0.020539,,-0.062855,-0.258333,-0.964009,-0.983862,-0.146096,0.103300,-0.167524,0.954945,-0.244982,,,0.000000,,,,0.00,,,
40144,,,,,,,,,,,,,,-9.704254,1.675837,-2.924110,-0.549806,-0.438472,0.435965,0.733887,-0.565918,0.172852,-0.097282,0.016580,-0.028535,99883.0000,-0.071367,-0.271096,-0.959903,-0.987034,-0.119521,0.107139,-0.143774,0.955103,-0.259051,,,0.000000,,,,0.00,,,
40145,,,,,,,,,,,,,,-9.285920,1.245488,-3.048317,-0.124767,-0.477048,0.027394,0.731689,-0.565918,0.192871,-0.093073,0.012344,-0.029868,,-0.073939,-0.283443,-0.956134,-0.987599,-0.112337,0.109674,-0.138495,0.952387,-0.271622,,,0.000000,,,,0.00,,,
40146,,,,,,,,,,,,,,-8.945508,0.882949,-3.006492,0.197369,-0.371870,-0.343661,0.727539,-0.568115,0.197510,-0.089630,0.008807,-0.029545,99878.0000,-0.080289,-0.293219,-0.952668,-0.989938,-0.088265,0.110597,-0.116517,0.951962,-0.283182,,,0.000000,,,,0.00,,,
40147,,,,,,,,,,,,,,-8.651498,0.619350,-3.217475,0.443329,-0.532817,-0.587564,0.729492,-0.563721,0.217285,-0.086678,0.006284,-0.031713,,-0.079393,-0.302951,-0.949693,-0.990655,-0.082012,0.108979,-0.110902,0.949471,-0.293609,,,0.000000,,,,0.00,,,
40148,,,,,,,,,,,,,,-8.344634,0.540494,-3.264882,0.461415,-0.574518,-0.866140,0.727539,-0.568115,0.224121,-0.083602,0.005580,-0.032216,99878.0000,-0.081276,-0.311534,-0.946753,-0.992470,-0.062036,0.105614,-0.091635,0.948208,-0.304147,,,0.000000,,,,0.00,,,
40149,,,,,,,,,,,,,,-8.192232,0.480776,-3.328579,0.468398,-0.591407,-0.989237,0.729492,-0.561768,0.235107,-0.082075,0.005037,-0.032873,,-0.077628,-0.320507,-0.944060,-0.993310,-0.056337,0.100804,-0.085494,0.945569,-0.313990,,,0.000000,,,,0.00,,,
40150,,,,,,,,,,,,,,-8.185202,0.422781,-3.267031,0.463468,-0.452209,-1.013271,0.733643,-0.561768,0.246094,-0.081988,0.004478,-0.032293,99877.0000,-0.077118,-0.328273,-0.941429,-0.994619,-0.040188,0.095489,-0.069181,0.943728,-0.323407,,,0.000000,,,,0.00,,,
40151,,,,,,,,,,,,,,-8.284447,0.463410,-3.259644,0.378356,-0.340525,-0.912555,0.735352,-0.553223,0.254883,-0.082962,0.004872,-0.032259,,-0.073084,-0.335507,-0.939198,-0.995266,-0.035956,0.090292,-0.064064,0.941351,-0.331291,,,0.000000,,,,0.00,,,
40152,,,,,,,,,,,,,,-8.436996,0.586058,-3.461242,0.229843,-0.417035,-0.686935,0.737061,-0.544678,0.265869,-0.084471,0.006071,-0.034328,99879.0000,-0.072333,-0.341285,-0.937172,-0.996004,-0.024638,0.085846,-0.052388,0.939637,-0.338139,,,0.000000,,,,0.00,,,
40153,,,,,,,,,,,,,,-8.643393,0.736797,-3.632620,0.063640,-0.457045,-0.419403,0.730957,-0.546875,0.270264,-0.086517,0.007543,-0.036090,,-0.069509,-0.346069,-0.935631,-0.996367,-0.022180,0.082225,-0.049208,0.937947,-0.343270,,,0.000000,,,,0.00,,,
40154,,,,,,,,,,,,,,-8.853264,0.660537,-3.665697,0.119698,-0.363791,-0.215447,0.735107,-0.549072,0.272705,-0.088607,0.006753,-0.036449,99866.0000,-0.069877,-0.350130,-0.934091,-0.996779,-0.012423,0.079223,-0.039343,0.936619,-0.348134,,,0.000000,,,,0.00,,,
40155,,,,,,,,,,,,,,-8.815721,0.754276,-3.780747,-0.000155,-0.443319,-0.201070,0.730957,-0.549072,0.274902,-0.088229,0.007671,-0.037613,,-0.067861,-0.354033,-0.932768,-0.997004,-0.010721,0.076603,-0.037120,0.935172,-0.352245,,,0.000000,,,,0.00,,,
40156,,,,,,,,,,,,,,-8.615323,0.829603,-3.903488,-0.112719,-0.582548,-0.336561,0.734863,-0.540527,0.276855,-0.086233,0.008418,-0.038831,99878.0000,-0.067570,-0.358348,-0.931139,-0.997241,-0.004495,0.074097,-0.030738,0.933577,-0.357056,,,0.000000,,,,0.00,,,
40157,,,,,,,,,,,,,,-8.611634,1.406984,-3.641605,-0.716105,-0.302030,-0.389472,0.737305,-0.546875,0.285889,-0.086177,0.014137,-0.036246,,-0.067567,-0.361441,-0.929944,-0.997350,-0.000742,0.072753,-0.026986,0.932395,-0.360432,,,0.000000,,,,0.00,,,
40158,,,,,,,,,,,,,,-8.493293,1.271494,-3.903011,-0.592471,-0.550410,-0.414167,0.735107,-0.546875,0.285889,-0.084987,0.012740,-0.038904,99871.0000,-0.069660,-0.363953,-0.928809,-0.997353,0.005940,0.072473,-0.020860,0.931399,-0.363403,,,0.000000,,,,0.00,,,
40159,,,,,,,,,,,,,,-8.170561,1.083160,-4.070144,-0.425068,-0.799499,-0.665149,0.732910,-0.546875,0.294922,-0.081757,0.010821,-0.040600,,-0.071119,-0.365940,-0.927917,-0.997297,0.008891,0.072931,-0.018438,0.930596,-0.365583,,,0.000000,,,,0.00,,,
40160,,,,,,,,,,,,,,-8.072925,0.879357,-4.279295,-0.222754,-1.005372,-0.691430,0.735107,-0.549072,0.297119,-0.080778,0.008766,-0.042707,99884.0000,-0.073783,-0.368003,-0.926893,-0.997172,0.013878,0.073867,-0.014319,0.929721,-0.367986,,,0.000000,,,,0.00,,,
40161,,,,,,,,,,,,,,-8.051024,0.670489,-4.403447,-0.008150,-1.112619,-0.679185,0.735107,-0.549072,0.292725,-0.080557,0.006673,-0.043953,,-0.075359,-0.369749,-0.926071,-0.997073,0.015923,0.074780,-0.012904,0.928995,-0.369866,,,0.000000,,,,0.00,,,
40162,,,,,,,,,,,,,,-8.141746,0.492737,-4.374334,0.181455,-1.030986,-0.616507,0.732910,-0.546875,0.292480,-0.081465,0.004899,-0.043658,99874.0000,-0.077372,-0.372014,-0.924997,-0.996948,0.019155,0.075687,-0.010438,0.928030,-0.372360,,,0.000000,,,,0.00,,,
40163,,,,,,,,,,,,,,-8.159634,0.517413,-4.308086,0.162388,-0.941588,-0.620629,0.730957,-0.549072,0.301514,-0.081649,0.005158,-0.042983,,-0.078605,-0.374131,-0.924038,-0.996866,0.021186,0.076223,-0.008941,0.927134,-0.374624,,,0.000000,,,,0.00,,,
40164,,,,,,,,,,,,,,-8.109581,0.407663,-4.366393,0.272013,-0.987788,-0.650422,0.728760,-0.549072,0.301514,-0.081155,0.004069,-0.043555,99881.0000,-0.079683,-0.377083,-0.922745,-0.996791,0.023103,0.076636,-0.007580,0.925891,-0.377714,,,0.000000,,,,0.00,,,
40165,,,,,,,,,,,,,,-8.192069,0.453784,-4.482008,0.234609,-1.036343,-0.524243,0.729004,-0.551025,0.303711,-0.081988,0.004540,-0.044697,,-0.080313,-0.379790,-0.921580,-0.996749,0.024602,0.076725,-0.006467,0.924746,-0.380531,,,0.000000,,,,0.00,,,
40166,,,,,,,,,,,,,,-8.246868,0.510470,-4.518233,0.182111,-1.011331,-0.451609,0.727051,-0.555420,0.310547,-0.082546,0.005123,-0.045039,99875.0000,-0.080420,-0.383547,-0.920013,-0.996744,0.025577,0.076464,-0.005797,0.923167,-0.384355,,,0.000000,,,,0.00,,,
40167,,,,,,,,,,,,,,-8.059485,0.473005,-4.609212,0.200489,-1.133949,-0.587845,0.724609,-0.549072,0.312500,-0.080682,0.004765,-0.045936,,-0.080001,-0.387092,-0.918564,-0.996781,0.026234,0.075758,-0.005228,0.921668,-0.387944,,,0.000000,,,,0.00,,,
40168,,,,,,,,,,,,,,-7.844800,0.460654,-4.763729,0.187632,-1.316952,-0.720025,0.730957,-0.549072,0.314941,-0.078543,0.004665,-0.047475,99878.0000,-0.079218,-0.391479,-0.916771,-0.996848,0.027225,0.074512,-0.004211,0.919784,-0.392401,,,0.000000,,,,0.00,,,
40169,,,,,,,,,,,,,,-7.675214,0.500026,-4.863796,0.122904,-1.435765,-0.827212,0.730957,-0.546875,0.312500,-0.076853,0.005079,-0.048470,,-0.077476,-0.395516,-0.915186,-0.996986,0.027057,0.072708,-0.003995,0.918061,-0.396420,,,0.000000,,,,0.00,,,
40170,,,,,,,,,,,,,,-7.543156,0.574790,-4.894941,0.026045,-1.468159,-0.922597,0.722412,-0.546875,0.321533,-0.075535,0.005839,-0.048778,99881.0000,-0.074388,-0.400567,-0.913243,-0.997211,0.024334,0.070555,-0.006039,0.915945,-0.401259,,,0.000000,,,,0.00,,,
40171,,,,,,,,,,,,,,-7.404262,0.622672,-4.837243,-0.050098,-1.431018,-1.062872,0.734863,-0.540527,0.323486,-0.074138,0.006325,-0.048214,,-0.071852,-0.404539,-0.911694,-0.997397,0.023538,0.068162,-0.006114,0.914218,-0.405177,,,0.000000,,,,0.00,,,
40172,,,,,,,,,,,,,,-7.355974,0.664234,-4.893048,-0.111916,-1.458274,-1.074594,0.732666,-0.540527,0.332520,-0.073645,0.006745,-0.048787,99876.0000,-0.068668,-0.408958,-0.909966,-0.997613,0.021480,0.065629,-0.007293,0.912301,-0.409456,,,0.000000,,,,0.00,,,
40173,,,,,,,,,,,,,,-7.445251,0.844525,-5.024289,-0.305335,-1.505382,-0.922865,0.723877,-0.536377,0.330078,-0.074528,0.008557,-0.050111,,-0.065918,-0.412203,-0.908704,-0.997800,0.020756,0.062965,-0.007093,0.910856,-0.412664,,,0.000000,,,,0.00,,,
40174,,,,,,,,,,,,,,-7.578908,1.044338,-5.103200,-0.517653,-1.481246,-0.751177,0.732422,-0.534180,0.339111,-0.075852,0.010566,-0.050913,99877.0000,-0.063222,-0.415790,-0.907261,-0.997978,0.020388,0.060200,-0.006533,0.909232,-0.416238,,,0.000000,,,,0.00,,,
40175,,,,,,,,,,,,,,-7.651296,1.234531,-5.145953,-0.727055,-1.460942,-0.653857,0.732422,-0.532227,0.334473,-0.076560,0.012472,-0.051358,,-0.060733,-0.418069,-0.906383,-0.998139,0.020499,0.057425,-0.005428,0.908184,-0.418536,,,0.000000,,,,0.00,,,
40176,,,,,,,,,,,,,,-7.622317,1.288363,-5.203929,-0.805410,-1.497084,-0.650240,0.734375,-0.530029,0.341064,-0.076253,0.013011,-0.051963,99881.0000,-0.058168,-0.420554,-0.905401,-0.998296,0.020210,0.054749,-0.004726,0.907042,-0.421013,,,0.000000,,,,0.00,,,
40177,,,,,,,,,,,,,,-7.395618,1.153041,-5.432900,-0.708179,-1.789407,-0.766278,0.729980,-0.530029,0.345703,-0.073969,0.011661,-0.054284,,-0.056229,-0.421403,-0.905129,-0.998415,0.021389,0.052066,-0.002581,0.906621,-0.421938,,,0.000000,,,,0.00,,,
40178,,,,,,,,,,,,,,-7.420197,0.935927,-5.762408,-0.516917,-2.065899,-0.614568,0.736572,-0.530029,0.336670,-0.074202,0.009517,-0.057598,99884.0000,-0.054626,-0.422580,-0.904678,-0.998507,0.023688,0.049226,0.000628,0.906016,-0.423243,,,0.000000,,,,0.00,,,
40179,,,,,,,,,,,,,,-7.548418,0.806054,-5.999649,-0.415522,-2.226679,-0.405603,0.738281,-0.523682,0.341064,-0.075467,0.008252,-0.059992,,-0.052995,-0.422324,-0.904895,-0.998582,0.026962,0.045899,0.005014,0.906044,-0.423154,,,0.000000,,,,0.00,,,
40180,,,,,,,,,,,,,,-7.700186,0.813665,-6.096656,-0.446086,-2.244396,-0.226881,0.738525,-0.527832,0.347900,-0.076965,0.008344,-0.060985,99878.0000,-0.050063,-0.422582,-0.904941,-0.998724,0.027143,0.042577,0.006570,0.905918,-0.423401,,,0.000000,,,,0.00,,,
40181,,,,,,,,,,,,,,-7.764650,0.790004,-6.000283,-0.459148,-2.139376,-0.214281,0.736328,-0.523682,0.349854,-0.077589,0.008092,-0.060051,,-0.048868,-0.421047,-0.905722,-0.998739,0.031076,0.039440,0.011541,0.906507,-0.422034,,,0.000000,,,,0.00,,,
40182,,,,,,,,,,,,,,-7.862122,0.708894,-5.870869,-0.405534,-1.989359,-0.186658,0.735840,-0.517334,0.345459,-0.078545,0.007258,-0.058790,99874.0000,-0.047678,-0.419883,-0.906325,-0.998745,0.033963,0.036805,0.015328,0.906943,-0.420975,,,0.000000,,,,0.00,,,
40183,,,,,,,,,,,,,,-7.920671,0.610217,-5.784034,-0.335726,-1.913187,-0.179863,0.742432,-0.519287,0.349854,-0.079112,0.006249,-0.057955,,-0.047074,-0.416982,-0.907695,-0.998695,0.037678,0.034485,0.019820,0.908133,-0.418212,,,0.000000,,,,0.00,,,
40184,,,,,,,,,,,,,,-8.010973,0.455529,-5.663335,-0.197811,-1.791363,-0.158243,0.738281,-0.521484,0.345459,-0.080003,0.004674,-0.056775,99877.0000,-0.046302,-0.414727,-0.908767,-0.998677,0.039580,0.032820,0.022357,0.909085,-0.416011,,,0.000000,,,,0.00,,,
40185,,,,,,,,,,,,,,-8.217235,0.369952,-5.518384,-0.121380,-1.613594,-0.040594,0.735840,-0.513184,0.345215,-0.082057,0.003781,-0.055349,,-0.046800,-0.410892,-0.910482,-0.998555,0.043349,0.031764,0.026417,0.910653,-0.412327,,,0.000000,,,,0.00,,,
40186,,,,,,,,,,,,,,-8.540240,0.124588,-5.365620,0.131592,-1.379576,0.178329,0.738281,-0.519531,0.338867,-0.085293,0.001293,-0.053829,99875.0000,-0.047454,-0.408266,-0.911629,-0.998455,0.045813,0.031457,0.028922,0.911713,-0.409809,,,0.000000,,,,0.00,,,
40187,,,,,,,,,,,,,,-8.875307,-0.141225,-5.114779,0.410413,-1.064926,0.368145,0.742432,-0.517334,0.343262,-0.088658,-0.001383,-0.051312,,-0.048928,-0.404874,-0.913062,-0.998256,0.050045,0.031302,0.033021,0.913002,-0.406617,,,0.000000,,,,0.00,,,
40188,,,,,,,,,,,,,,-9.347970,-0.291641,-4.891566,0.586235,-0.698076,0.702346,0.738281,-0.519531,0.338867,-0.093403,-0.002884,-0.049063,99878.0000,-0.049638,-0.403273,-0.913732,-0.998140,0.052461,0.031070,0.035406,0.913575,-0.405127,,,0.000000,,,,0.00,,,
40189,,,,,,,,,,,,,,-9.694940,-0.427402,-4.766090,0.734924,-0.481303,0.963133,0.736084,-0.519531,0.334229,-0.096886,-0.004240,-0.047793,,-0.051521,-0.400913,-0.914666,-0.997829,0.058279,0.030661,0.041013,0.914261,-0.403045,,,0.000000,,,,0.00,,,
