// Start Time: Unknown
// Update Rate: 100.0Hz
// Filter Profile: human (46.1)
// Firmware Version: 4.6.0
PacketCounter,SampleTimeFine,Year,Month,Day,Second,UTC_Nano,UTC_Year,UTC_Month,UTC_Day,UTC_Hour,UTC_Minute,UTC_Second,UTC_Valid,Acc_X,Acc_Y,Acc_Z,FreeAcc_X,FreeAcc_Y,FreeAcc_Z,Mag_X,Mag_Y,Mag_Z,VelInc_X,VelInc_Y,VelInc_Z,Pressure,Mat[1][1],Mat[2][1],Mat[3][1],Mat[1][2],Mat[2][2],Mat[3][2],Mat[1][3],Mat[2][3],Mat[3][3],Latitude,Longitude,Altitude,Vel_X,Vel_Y,Vel_Z,Temperature,GyrTemp_X,GyrTemp_Y,GyrTemp_Z
34893,,,,,,,,,,,,,,9.631538,-1.663248,0.968095,0.017715,0.015281,0.009205,-0.995605,0.209473,0.252686,0.096315,-0.016630,0.009686,,-0.081145,-0.175998,0.981040,0.096549,-0.981045,-0.168013,0.992015,0.081085,0.096600,,,0.000000,,,,0.00,,,
34894,,,,,,,,,,,,,,9.618307,-1.715065,0.979909,0.026723,0.069033,0.006071,-0.999756,0.207275,0.248291,0.096183,-0.017148,0.009806,99926.0000,-0.081057,-0.176009,0.981046,0.096244,-0.981067,-0.168061,0.992052,0.080797,0.096462,,,0.000000,,,,0.00,,,
34895,,,,,,,,,,,,,,9.643756,-1.685478,0.940610,-0.009659,0.031204,0.022278,-0.997559,0.205322,0.250488,0.096437,-0.016849,0.009417,,-0.080911,-0.176118,0.981038,0.095803,-0.981082,-0.168225,0.992106,0.080376,0.096253,,,0.000000,,,,0.00,,,
34896,,,,,,,,,,,,,,9.631611,-1.665327,0.963784,0.017744,0.014762,0.009206,-0.997559,0.203125,0.252930,0.096316,-0.016651,0.009642,99938.0000,-0.080864,-0.176146,0.981037,0.095591,-0.981094,-0.168277,0.992131,0.080171,0.096174,,,0.000000,,,,0.00,,,
34897,,,,,,,,,,,,,,9.631293,-1.689686,0.958870,0.011621,0.038822,0.012517,-0.995605,0.209473,0.250488,0.096312,-0.016897,0.009595,,-0.080743,-0.176065,0.981062,0.095532,-0.981111,-0.168211,0.992146,0.080141,0.096038,,,0.000000,,,,0.00,,,
34898,,,,,,,,,,,,,,9.631771,-1.665708,0.961517,0.017752,0.015423,0.009205,-0.993408,0.207520,0.252686,0.096317,-0.016656,0.009621,99932.0000,-0.080612,-0.176081,0.981069,0.095555,-0.981104,-0.168236,0.992155,0.080184,0.095914,,,0.000000,,,,0.00,,,
34899,,,,,,,,,,,,,,9.631097,-1.714095,0.952617,0.005459,0.061551,0.015833,-0.997803,0.207275,0.254883,0.096311,-0.017140,0.009531,,-0.080496,-0.176158,0.981065,0.095618,-0.981085,-0.168316,0.992158,0.080259,0.095818,,,0.000000,,,,0.00,,,
34900,,,,,,,,,,,,,,9.623114,-1.684565,0.922507,-0.019976,0.031633,0.000146,-0.999756,0.205322,0.248291,0.096231,-0.016846,0.009230,99931.0000,-0.080403,-0.176143,0.981075,0.095617,-0.981086,-0.168309,0.992166,0.080275,0.095725,,,0.000000,,,,0.00,,,
34901,,,,,,,,,,,,,,9.619175,-1.693072,0.975257,0.032859,0.045192,0.002761,-0.999756,0.207275,0.250488,0.096191,-0.016931,0.009758,,-0.080298,-0.176109,0.981090,0.095580,-0.981093,-0.168287,0.992178,0.080259,0.095612,,,0.000000,,,,0.00,,,
34902,,,,,,,,,,,,,,9.636598,-1.633102,0.907435,-0.028986,-0.022037,0.003277,-1.000000,0.209473,0.256836,0.096366,-0.016330,0.009080,99935.0000,-0.080209,-0.176098,0.981099,0.095420,-0.981107,-0.168299,0.992200,0.080117,0.095497,,,0.000000,,,,0.00,,,
34903,,,,,,,,,,,,,,9.670520,-1.608352,0.901772,-0.033841,-0.053189,0.031853,-0.995605,0.207275,0.257080,0.096705,-0.016082,0.009023,,-0.080137,-0.176132,0.981099,0.095175,-0.981120,-0.168362,0.992230,0.079884,0.095387,,,0.000000,,,,0.00,,,
34904,,,,,,,,,,,,,,9.634185,-1.545804,0.974759,0.048366,-0.102513,-0.007365,-0.997559,0.205322,0.250488,0.096342,-0.015457,0.009751,99932.0000,-0.080093,-0.176140,0.981101,0.094998,-0.981132,-0.168390,0.992250,0.079716,0.095315,,,0.000000,,,,0.00,,,
34905,,,,,,,,,,,,,,9.638287,-1.537341,0.920074,-0.004489,-0.115884,-0.009980,-0.995605,0.205322,0.259277,0.096382,-0.015373,0.009207,,-0.079988,-0.176121,0.981113,0.094914,-0.981141,-0.168387,0.992267,0.079652,0.095195,,,0.000000,,,,0.00,,,
34906,,,,,,,,,,,,,,9.592085,-1.565513,0.943730,0.021623,-0.078136,-0.048314,-0.997559,0.205322,0.257080,0.095920,-0.015655,0.009448,99931.0000,-0.079784,-0.176105,0.981133,0.094860,-0.981145,-0.168393,0.992288,0.079635,0.094985,,,0.000000,,,,0.00,,,
34907,,,,,,,,,,,,,,9.645575,-1.639445,0.933586,0.002532,-0.015194,0.015651,-0.995605,0.205322,0.252686,0.096455,-0.016393,0.009348,,-0.079531,-0.176053,0.981163,0.094851,-0.981151,-0.168363,0.992309,0.079674,0.094731,,,0.000000,,,,0.00,,,
34908,,,,,,,,,,,,,,9.653125,-1.717523,0.952170,0.015704,0.061521,0.037963,-0.993408,0.209473,0.248291,0.096530,-0.017174,0.009536,99936.0000,-0.079248,-0.176053,0.981186,0.094728,-0.981157,-0.168397,0.992344,0.079600,0.094431,,,0.000000,,,,0.00,,,
34909,,,,,,,,,,,,,,9.666240,-1.690632,0.932144,0.000430,0.030944,0.044410,-0.993408,0.207520,0.252686,0.096661,-0.016904,0.009339,,-0.078948,-0.176069,0.981207,0.094496,-0.981169,-0.168459,0.992390,0.079420,0.094099,,,0.000000,,,,0.00,,,
34910,,,,,,,,,,,,,,9.654413,-1.670018,0.953506,0.027832,0.014502,0.031338,-0.993408,0.205322,0.250488,0.096543,-0.016699,0.009551,99927.0000,-0.078674,-0.176040,0.981234,0.094205,-0.981193,-0.168480,0.992439,0.079182,0.093778,,,0.000000,,,,0.00,,,
34911,,,,,,,,,,,,,,9.624798,-1.686437,0.901267,-0.020243,0.031724,0.000145,-0.997803,0.207275,0.257080,0.096247,-0.016864,0.009027,,-0.078423,-0.176018,0.981258,0.093956,-0.981213,-0.168500,0.992483,0.078981,0.093488,,,0.000000,,,,0.00,,,
34912,,,,,,,,,,,,,,9.625422,-1.662401,0.902553,-0.014111,0.008326,-0.003168,-0.997803,0.207275,0.257080,0.096253,-0.016624,0.009037,99935.0000,-0.078231,-0.175977,0.981281,0.093688,-0.981239,-0.168500,0.992523,0.078752,0.093250,,,0.000000,,,,0.00,,,
34913,,,,,,,,,,,,,,9.608604,-1.651058,0.834537,-0.076857,-0.004796,-0.027915,-0.997559,0.205322,0.252686,0.096085,-0.016513,0.008354,,-0.078051,-0.175900,0.981309,0.093507,-0.981264,-0.168454,0.992554,0.078611,0.093037,,,0.000000,,,,0.00,,,
34914,,,,,,,,,,,,,,9.605342,-1.635082,0.890249,-0.017888,-0.014716,-0.028614,-0.991211,0.205322,0.254883,0.096052,-0.016354,0.008914,99932.0000,-0.077827,-0.175816,0.981342,0.093497,-0.981276,-0.168389,0.992573,0.078648,0.092808,,,0.000000,,,,0.00,,,
34915,,,,,,,,,,,,,,9.621956,-1.693667,0.946357,0.032780,0.045244,0.002761,-0.993408,0.207520,0.254883,0.096218,-0.016940,0.009472,,-0.077627,-0.175740,0.981371,0.093738,-0.981268,-0.168307,0.992566,0.078927,0.092647,,,0.000000,,,,0.00,,,
34916,,,,,,,,,,,,,,9.643273,-1.695405,0.956421,0.043076,0.044808,0.024893,-0.997803,0.209473,0.250488,0.096431,-0.016957,0.009577,99927.0000,-0.077348,-0.175675,0.981405,0.093833,-0.981267,-0.168255,0.992579,0.079074,0.092383,,,0.000000,,,,0.00,,,
34917,,,,,,,,,,,,,,9.652171,-1.700663,0.986485,0.074280,0.050721,0.037273,-0.997559,0.203125,0.250732,0.096520,-0.017007,0.009881,,-0.077052,-0.175706,0.981423,0.093820,-0.981259,-0.168311,0.992603,0.079109,0.092093,,,0.000000,,,,0.00,,,
34918,,,,,,,,,,,,,,9.664179,-1.745784,0.954221,0.040743,0.090558,0.053659,-0.997559,0.205322,0.259277,0.096640,-0.017457,0.009562,99933.0000,-0.076679,-0.175682,0.981456,0.093603,-0.981275,-0.168337,0.992652,0.078960,0.091688,,,0.000000,,,,0.00,,,
34919,,,,,,,,,,,,,,9.630563,-1.700035,0.821890,-0.079573,0.041260,0.000840,-0.999756,0.205322,0.257080,0.096304,-0.016997,0.008242,,-0.076322,-0.175648,0.981490,0.093006,-0.981324,-0.168386,0.992736,0.078433,0.091233,,,0.000000,,,,0.00,,,
34920,,,,,,,,,,,,,,9.632418,-1.604152,0.833261,-0.055044,-0.052331,-0.012416,-0.997803,0.207275,0.257080,0.096323,-0.016040,0.008354,99939.0000,-0.075978,-0.175608,0.981524,0.092479,-0.981367,-0.168421,0.992812,0.077974,0.090803,,,0.000000,,,,0.00,,,
34921,,,,,,,,,,,,,,9.665407,-1.651471,0.812792,-0.078069,-0.013115,0.026104,-0.991455,0.207520,0.252686,0.096652,-0.016516,0.008147,,-0.075608,-0.175555,0.981562,0.092297,-0.981386,-0.168414,0.992857,0.077862,0.090403,,,0.000000,,,,0.00,,,
34922,,,,,,,,,,,,,,9.618784,-1.727371,0.826659,-0.064221,0.071430,-0.005600,-0.991211,0.205322,0.254883,0.096186,-0.017277,0.008284,99932.0000,-0.075277,-0.175455,0.981605,0.092175,-0.981408,-0.168351,0.992893,0.077807,0.090050,,,0.000000,,,,0.00,,,
34923,,,,,,,,,,,,,,9.603812,-1.690562,0.905765,0.021771,0.044475,-0.019365,-0.995605,0.205322,0.254883,0.096036,-0.016909,0.009074,,-0.074999,-0.175412,0.981634,0.092105,-0.981417,-0.168336,0.992921,0.077788,0.089761,,,0.000000,,,,0.00,,,
34924,,,,,,,,,,,,,,9.625679,-1.667943,0.918832,0.038196,0.020639,-0.000547,-0.993652,0.211670,0.259033,0.096254,-0.016685,0.009203,99930.0000,-0.074701,-0.175284,0.981680,0.092148,-0.981432,-0.168228,0.992939,0.077893,0.089466,,,0.000000,,,,0.00,,,
34925,,,,,,,,,,,,,,9.601402,-1.673203,0.957472,0.080857,0.033646,-0.020057,-0.991455,0.207520,0.259277,0.096011,-0.016739,0.009590,,-0.074373,-0.175225,0.981715,0.092247,-0.981430,-0.168186,0.992955,0.078052,0.089156,,,0.000000,,,,0.00,,,
34926,,,,,,,,,,,,,,9.622211,-1.722505,0.958405,0.078883,0.079997,0.008712,-0.993408,0.205322,0.257080,0.096219,-0.017231,0.009602,99932.0000,-0.074037,-0.175073,0.981768,0.092104,-0.981462,-0.168073,0.992993,0.077981,0.088790,,,0.000000,,,,0.00,,,
34927,,,,,,,,,,,,,,9.617388,-1.731136,0.864107,-0.011663,0.082722,-0.002964,-0.989258,0.205322,0.261475,0.096171,-0.017317,0.008659,,-0.073742,-0.174975,0.981807,0.091721,-0.981505,-0.168032,0.993051,0.077661,0.088427,,,0.000000,,,,0.00,,,
34928,,,,,,,,,,,,,,9.639757,-1.684022,0.880592,0.010898,0.035483,0.012530,-0.991211,0.203125,0.259521,0.096395,-0.016848,0.008824,99934.0000,-0.073456,-0.174763,0.981867,0.091324,-0.981569,-0.167878,0.993108,0.077337,0.088062,,,0.000000,,,,0.00,,,
34929,,,,,,,,,,,,,,9.682426,-1.687261,0.901481,0.031735,0.034148,0.056797,-0.995605,0.203125,0.259277,0.096822,-0.016879,0.009031,,-0.073212,-0.174603,0.981913,0.090791,-0.981634,-0.167784,0.993175,0.076865,0.087720,,,0.000000,,,,0.00,,,
34930,,,,,,,,,,,,,,9.679013,-1.718575,0.947874,0.078441,0.071020,0.062740,-0.993408,0.203125,0.261475,0.096787,-0.017195,0.009496,99928.0000,-0.072972,-0.174336,0.981979,0.090218,-0.981721,-0.167586,0.993245,0.076364,0.087366,,,0.000000,,,,0.00,,,
34931,,,,,,,,,,,,,,9.646262,-1.717775,0.953042,0.089335,0.078021,0.030855,-0.995605,0.207275,0.263672,0.096459,-0.017186,0.009548,,-0.072737,-0.174143,0.982030,0.089652,-0.981794,-0.167461,0.993314,0.075860,0.087025,,,0.000000,,,,0.00,,,
34932,,,,,,,,,,,,,,9.583338,-1.733298,0.908920,0.052319,0.102747,-0.032221,-0.999756,0.201172,0.261475,0.095830,-0.017340,0.009109,99932.0000,-0.072440,-0.173919,0.982092,0.089099,-0.981870,-0.167308,0.993385,0.075384,0.086623,,,0.000000,,,,0.00,,,
34933,,,,,,,,,,,,,,9.620983,-1.721770,0.842529,-0.011464,0.081034,-0.002949,-0.993408,0.201172,0.261719,0.096207,-0.017226,0.008445,,-0.072106,-0.173768,0.982143,0.088757,-0.981918,-0.167212,0.993440,0.075115,0.086225,,,0.000000,,,,0.00,,,
34934,,,,,,,,,,,,,,9.609040,-1.747318,0.854692,0.003679,0.111391,-0.009380,-0.993164,0.198975,0.261719,0.096086,-0.017483,0.008573,99932.0000,-0.071632,-0.173510,0.982224,0.088471,-0.981977,-0.167015,0.993500,0.074934,0.085691,,,0.000000,,,,0.00,,,
34935,,,,,,,,,,,,,,9.684749,-1.797062,0.856611,0.000694,0.149468,0.073426,-0.997803,0.203125,0.268066,0.096843,-0.017982,0.008594,,-0.071176,-0.173249,0.982303,0.088123,-0.982042,-0.166818,0.993564,0.074690,0.085165,,,0.000000,,,,0.00,,,
34936,,,,,,,,,,,,,,9.664987,-1.768142,0.842764,-0.003463,0.126523,0.047969,-0.995361,0.201172,0.263916,0.096645,-0.017695,0.008458,99939.0000,-0.070637,-0.172906,0.982402,0.087788,-0.982118,-0.166544,0.993632,0.074478,0.084553,,,0.000000,,,,0.00,,,
34937,,,,,,,,,,,,,,9.657921,-1.711198,0.812328,-0.022484,0.072125,0.028949,-0.989014,0.198975,0.266113,0.096574,-0.017130,0.008150,,-0.070173,-0.172584,0.982492,0.087333,-0.982201,-0.166295,0.993705,0.074135,0.083996,,,0.000000,,,,0.00,,,
34938,,,,,,,,,,,,,,9.571479,-1.683049,0.817102,-0.004686,0.064006,-0.060283,-0.993408,0.201172,0.263916,0.095709,-0.016851,0.008193,99934.0000,-0.069814,-0.172118,0.982599,0.087015,-0.982299,-0.165883,0.993758,0.073920,0.083555,,,0.000000,,,,0.00,,,
34939,,,,,,,,,,,,,,9.564103,-1.648780,0.784101,-0.030183,0.033088,-0.075986,-0.991211,0.198975,0.272705,0.095635,-0.016513,0.007861,,-0.069440,-0.171676,0.982703,0.086975,-0.982372,-0.165472,0.993787,0.073980,0.083148,,,0.000000,,,,0.00,,,
34940,,,,,,,,,,,,,,9.542359,-1.785821,0.742856,-0.077245,0.173925,-0.078141,-0.989258,0.201172,0.266113,0.095417,-0.017884,0.007455,99939.0000,-0.068930,-0.171110,0.982838,0.086953,-0.982462,-0.164946,0.993825,0.074091,0.082600,,,0.000000,,,,0.00,,,
34941,,,,,,,,,,,,,,9.605552,-1.908443,0.752403,-0.076234,0.288285,0.004948,-0.989014,0.198975,0.270508,0.096049,-0.019105,0.007559,,-0.068212,-0.170741,0.982952,0.086718,-0.982533,-0.164650,0.993895,0.074009,0.081827,,,0.000000,,,,0.00,,,
34942,,,,,,,,,,,,,,9.665240,-1.848717,0.702719,-0.117466,0.220159,0.049673,-0.999756,0.200928,0.270264,0.096646,-0.018503,0.007066,99928.0000,-0.067486,-0.170341,0.983071,0.086513,-0.982606,-0.164321,0.993962,0.073959,0.081049,,,0.000000,,,,0.00,,,
34943,,,,,,,,,,,,,,9.696760,-1.829814,0.743422,-0.068661,0.200951,0.080894,-0.997559,0.201172,0.265869,0.096962,-0.018310,0.007478,,-0.066562,-0.170202,0.983159,0.086275,-0.982635,-0.164270,0.994045,0.073888,0.080090,,,0.000000,,,,0.00,,,
34944,,,,,,,,,,,,,,9.737565,-1.792849,0.820857,0.017066,0.166712,0.121103,-0.995361,0.194824,0.274902,0.097370,-0.017942,0.008249,99937.0000,-0.065792,-0.169862,0.983269,0.086088,-0.982696,-0.164003,0.994113,0.073857,0.079277,,,0.000000,,,,0.00,,,
34945,,,,,,,,,,,,,,9.727055,-1.745812,0.842172,0.051006,0.124985,0.104695,-0.989014,0.194824,0.272705,0.097266,-0.017468,0.008459,,-0.065048,-0.169774,0.983334,0.085826,-0.982721,-0.163991,0.994184,0.073728,0.078495,,,0.000000,,,,0.00,,,
34946,,,,,,,,,,,,,,9.665089,-1.688503,0.807938,0.032395,0.079598,0.031619,-0.991211,0.198975,0.270508,0.096646,-0.016898,0.008108,99937.0000,-0.064496,-0.169455,0.983425,0.085707,-0.982776,-0.163722,0.994231,0.073727,0.077909,,,0.000000,,,,0.00,,,
34947,,,,,,,,,,,,,,9.521700,-1.597243,0.876506,0.122365,0.020944,-0.119040,-0.993408,0.196777,0.277100,0.095213,-0.015989,0.008783,,-0.064121,-0.169261,0.983483,0.085695,-0.982805,-0.163557,0.994256,0.073792,0.077523,,,0.000000,,,,0.00,,,
34948,,,,,,,,,,,,,,9.481016,-1.516857,0.862127,0.120179,-0.048292,-0.173341,-0.993164,0.192627,0.272949,0.094806,-0.015188,0.008632,99939.0000,-0.063895,-0.168850,0.983569,0.085861,-0.982858,-0.163151,0.994256,0.074026,0.077298,,,0.000000,,,,0.00,,,
34949,,,,,,,,,,,,,,9.448520,-1.513939,0.869308,0.131644,-0.042046,-0.205235,-0.995605,0.201172,0.270264,0.094481,-0.015161,0.008700,,-0.063678,-0.168543,0.983635,0.086115,-0.982887,-0.162840,0.994248,0.074336,0.077103,,,0.000000,,,,0.00,,,
34950,,,,,,,,,,,,,,9.482364,-1.532845,0.854594,0.114601,-0.026070,-0.170003,-0.989014,0.194824,0.270508,0.094820,-0.015347,0.008555,99929.0000,-0.063456,-0.168168,0.983714,0.086478,-0.982919,-0.162454,0.994231,0.074761,0.076915,,,0.000000,,,,0.00,,,
34951,,,,,,,,,,,,,,9.557576,-1.653043,0.846885,0.092979,0.080576,-0.077089,-0.989258,0.198975,0.274902,0.095572,-0.016546,0.008481,,-0.063239,-0.168046,0.983749,0.086774,-0.982914,-0.162326,0.994219,0.075099,0.076741,,,0.000000,,,,0.00,,,
34952,,,,,,,,,,,,,,9.641831,-1.779910,0.871281,0.103616,0.195652,0.028202,-0.991211,0.194824,0.272705,0.096415,-0.017807,0.008729,99932.0000,-0.062898,-0.167855,0.983803,0.086844,-0.982936,-0.162155,0.994234,0.075238,0.076402,,,0.000000,,,,0.00,,,
34953,,,,,,,,,,,,,,9.732153,-1.866039,0.791459,0.014525,0.258612,0.124929,-0.991211,0.196777,0.274902,0.097320,-0.018661,0.007935,,-0.062572,-0.167961,0.983806,0.086500,-0.982941,-0.162311,0.994285,0.074943,0.076033,,,0.000000,,,,0.00,,,
34954,,,,,,,,,,,,,,9.732157,-1.890522,0.783348,0.008459,0.282017,0.128287,-0.993164,0.190430,0.277344,0.097321,-0.018900,0.007854,99935.0000,-0.062238,-0.168001,0.983820,0.086020,-0.982966,-0.162413,0.994348,0.074520,0.075629,,,0.000000,,,,0.00,,,
34955,,,,,,,,,,,,,,9.759851,-1.827653,0.691835,-0.074604,0.206387,0.138468,-0.991211,0.194824,0.277100,0.097598,-0.018269,0.006939,,-0.061927,-0.168222,0.983802,0.085369,-0.982974,-0.162707,0.994423,0.073910,0.075234,,,0.000000,,,,0.00,,,
34956,,,,,,,,,,,,,,9.715292,-1.761051,0.730772,-0.023938,0.150638,0.086755,-0.986816,0.196777,0.270508,0.097152,-0.017608,0.007321,99934.0000,-0.061706,-0.168226,0.983815,0.085042,-0.982995,-0.162752,0.994465,0.073623,0.074963,,,0.000000,,,,0.00,,,
34957,,,,,,,,,,,,,,9.592429,-1.675170,0.814472,0.075673,0.091177,-0.041801,-0.989014,0.194824,0.277100,0.095923,-0.016755,0.008150,,-0.061697,-0.168341,0.983796,0.084743,-0.982998,-0.162890,0.994491,0.073320,0.074913,,,0.000000,,,,0.00,,,
34958,,,,,,,,,,,,,,9.562863,-1.617881,0.776905,0.046100,0.038422,-0.083049,-0.989014,0.196777,0.274902,0.095627,-0.016187,0.007775,99929.0000,-0.061662,-0.168121,0.983836,0.084217,-0.983073,-0.162713,0.994538,0.072822,0.074777,,,0.000000,,,,0.00,,,
34959,,,,,,,,,,,,,,9.588895,-1.464175,0.759190,0.040296,-0.117963,-0.083785,-0.986572,0.188477,0.277344,0.095887,-0.014657,0.007592,,-0.061751,-0.167989,0.983853,0.083808,-0.983126,-0.162605,0.994567,0.072414,0.074788,,,0.000000,,,,0.00,,,
34960,,,,,,,,,,,,,,9.599231,-1.394403,0.804499,0.090289,-0.181664,-0.081518,-0.997559,0.194824,0.274902,0.095990,-0.013962,0.008044,99931.0000,-0.061768,-0.167638,0.983912,0.083941,-0.983174,-0.162243,0.994555,0.072569,0.074800,,,0.000000,,,,0.00,,,
34961,,,,,,,,,,,,,,9.617441,-1.474225,0.857488,0.134825,-0.099508,-0.046638,-0.995361,0.192627,0.274902,0.096171,-0.014763,0.008578,,-0.061744,-0.167327,0.983966,0.084079,-0.983215,-0.161924,0.994544,0.072733,0.074776,,,0.000000,,,,0.00,,,
34962,,,,,,,,,,,,,,9.640919,-1.608251,0.789562,0.055677,0.026951,-0.006905,-0.986816,0.196777,0.270508,0.096406,-0.016096,0.007906,99940.0000,-0.061545,-0.167036,0.984028,0.084095,-0.983259,-0.161646,0.994555,0.072803,0.074562,,,0.000000,,,,0.00,,,
34963,,,,,,,,,,,,,,9.710097,-1.690707,0.698518,-0.044614,0.090402,0.067710,-0.986816,0.192627,0.277344,0.097099,-0.016914,0.007002,,-0.061382,-0.167024,0.984040,0.083794,-0.983281,-0.161668,0.994591,0.072534,0.074351,,,0.000000,,,,0.00,,,
34964,,,,,,,,,,,,,,9.736441,-1.794069,0.578168,-0.170498,0.180039,0.101432,-0.984863,0.194824,0.270752,0.097363,-0.017941,0.005806,99933.0000,-0.060969,-0.166955,0.984078,0.083301,-0.983323,-0.161666,0.994658,0.072118,0.073860,,,0.000000,,,,0.00,,,
34965,,,,,,,,,,,,,,9.802185,-1.912258,0.533657,-0.223377,0.280488,0.182100,-0.993164,0.192627,0.274902,0.098021,-0.019118,0.005368,,-0.060510,-0.167133,0.984076,0.082548,-0.983343,-0.161933,0.994748,0.071435,0.073298,,,0.000000,,,,0.00,,,
34966,,,,,,,,,,,,,,9.751255,-1.831264,0.482300,-0.257139,0.204885,0.115304,-0.989014,0.194824,0.279297,0.097512,-0.018304,0.004866,99931.0000,-0.059814,-0.167214,0.984104,0.081540,-0.983393,-0.162138,0.994874,0.070546,0.072456,,,0.000000,,,,0.00,,,
34967,,,,,,,,,,,,,,9.806844,-1.737010,0.494018,-0.233238,0.101368,0.155802,-0.991211,0.192627,0.281494,0.098067,-0.017369,0.004974,,-0.059274,-0.167343,0.984115,0.080587,-0.983433,-0.162373,0.994984,0.069683,0.071777,,,0.000000,,,,0.00,,,
34968,,,,,,,,,,,,,,9.763123,-1.620906,0.538792,-0.170364,-0.001146,0.097266,-0.989014,0.194824,0.279297,0.097628,-0.016217,0.005417,99939.0000,-0.058838,-0.167098,0.984183,0.079656,-0.983533,-0.162225,0.995084,0.068851,0.071180,,,0.000000,,,,0.00,,,
34969,,,,,,,,,,,,,,9.683032,-1.431342,0.462413,-0.220705,-0.178162,-0.017626,-0.986816,0.188477,0.279541,0.096826,-0.014333,0.004646,,-0.058492,-0.166817,0.984251,0.078523,-0.983653,-0.162050,0.995195,0.067808,0.070635,,,0.000000,,,,0.00,,,
34970,,,,,,,,,,,,,,9.654984,-1.225913,0.448557,-0.213644,-0.371229,-0.079275,-0.991211,0.194824,0.277100,0.096545,-0.012289,0.004497,99934.0000,-0.058370,-0.166167,0.984369,0.077876,-0.983803,-0.161453,0.995253,0.067235,0.070365,,,0.000000,,,,0.00,,,
34971,,,,,,,,,,,,,,9.594390,-1.102977,0.630430,-0.017341,-0.464639,-0.145727,-0.990967,0.190430,0.283936,0.095939,-0.011063,0.006315,,-0.058161,-0.165602,0.984476,0.077865,-0.983894,-0.160904,0.995266,0.067298,0.070119,,,0.000000,,,,0.00,,,
34972,,,,,,,,,,,,,,9.591650,-1.249973,0.655881,-0.001029,-0.310867,-0.122707,-0.986816,0.190674,0.281738,0.095911,-0.012534,0.006575,99937.0000,-0.057834,-0.164896,0.984614,0.078088,-0.983990,-0.160205,0.995268,0.067622,0.069785,,,0.000000,,,,0.00,,,
34973,,,,,,,,,,,,,,9.643565,-1.422115,0.678176,0.009957,-0.142288,-0.042307,-0.986572,0.188477,0.277344,0.096429,-0.014252,0.006807,,-0.057219,-0.164292,0.984751,0.077930,-0.984092,-0.159654,0.995315,0.067606,0.069112,,,0.000000,,,,0.00,,,
34974,,,,,,,,,,,,,,9.719697,-1.563986,0.661279,-0.016924,-0.010466,0.054199,-0.990967,0.190430,0.283936,0.097191,-0.015663,0.006644,99934.0000,-0.056711,-0.163746,0.984871,0.077310,-0.984217,-0.159185,0.995393,0.067113,0.068475,,,0.000000,,,,0.00,,,
34975,,,,,,,,,,,,,,9.774355,-1.728871,0.627734,-0.059691,0.144637,0.131988,-0.982422,0.186279,0.286133,0.097738,-0.017307,0.006308,,-0.056269,-0.163343,0.984963,0.076115,-0.984357,-0.158894,0.995510,0.066029,0.067821,,,0.000000,,,,0.00,,,
34976,,,,,,,,,,,,,,9.744246,-1.789675,0.564254,-0.119779,0.208902,0.107678,-0.990967,0.188477,0.281738,0.097438,-0.017910,0.005674,99934.0000,-0.055933,-0.162956,0.985047,0.074556,-0.984518,-0.158635,0.995647,0.064568,0.067216,,,0.000000,,,,0.00,,,
34977,,,,,,,,,,,,,,9.681251,-1.756352,0.527837,-0.143221,0.186521,0.037932,-0.990723,0.184326,0.283936,0.096809,-0.017576,0.005303,,-0.055638,-0.162647,0.985114,0.072687,-0.984685,-0.158470,0.995802,0.062788,0.066608,,,0.000000,,,,0.00,,,
34978,,,,,,,,,,,,,,9.651640,-1.673197,0.492137,-0.166695,0.110425,-0.006773,-0.992920,0.184326,0.281738,0.096513,-0.016748,0.004941,99934.0000,-0.055530,-0.162232,0.985189,0.071064,-0.984851,-0.158171,0.995925,0.061228,0.066217,,,0.000000,,,,0.00,,,
34979,,,,,,,,,,,,,,9.619396,-1.623196,0.507066,-0.143028,0.070680,-0.045436,-0.986572,0.182129,0.281982,0.096190,-0.016251,0.005083,,-0.055452,-0.161817,0.985262,0.069890,-0.984988,-0.157839,0.996012,0.060107,0.065929,,,0.000000,,,,0.00,,,
34980,,,,,,,,,,,,,,9.586736,-1.692576,0.500814,-0.150251,0.148353,-0.067096,-0.986572,0.186279,0.281738,0.095863,-0.016949,0.005018,99931.0000,-0.055361,-0.161316,0.985349,0.069372,-0.985099,-0.157377,0.996054,0.059643,0.065727,,,0.000000,,,,0.00,,,
34981,,,,,,,,,,,,,,9.620805,-1.710355,0.484856,-0.166752,0.163287,-0.031797,-0.988770,0.184326,0.286133,0.096203,-0.017127,0.004861,,-0.055137,-0.160907,0.985428,0.069002,-0.985184,-0.157006,0.996092,0.059340,0.065423,,,0.000000,,,,0.00,,,
34982,,,,,,,,,,,,,,9.643036,-1.732045,0.488681,-0.162429,0.186141,-0.006266,-0.990723,0.182129,0.286377,0.096425,-0.017343,0.004908,99936.0000,-0.054768,-0.160418,0.985529,0.068692,-0.985277,-0.156559,0.996133,0.059124,0.064981,,,0.000000,,,,0.00,,,
34983,,,,,,,,,,,,,,9.729446,-1.688707,0.539821,-0.107337,0.136166,0.075447,-0.986572,0.179932,0.286377,0.097290,-0.016907,0.005422,,-0.054178,-0.160073,0.985617,0.068457,-0.985340,-0.156265,0.996182,0.059006,0.064342,,,0.000000,,,,0.00,,,
34984,,,,,,,,,,,,,,9.706882,-1.596495,0.594497,-0.040295,0.056508,0.042309,-0.990723,0.182129,0.286377,0.097064,-0.015984,0.005973,99934.0000,-0.053633,-0.159644,0.985717,0.068366,-0.985408,-0.155874,0.996218,0.059029,0.063765,,,0.000000,,,,0.00,,,
34985,,,,,,,,,,,,,,9.736393,-1.562831,0.695998,0.068055,0.028247,0.072593,-0.986572,0.184326,0.284180,0.097359,-0.015649,0.006986,,-0.053045,-0.159258,0.985811,0.068026,-0.985484,-0.155545,0.996272,0.058810,0.063108,,,0.000000,,,,0.00,,,
34986,,,,,,,,,,,,,,9.773046,-1.498858,0.636922,0.016553,-0.039434,0.095029,-0.988770,0.184326,0.286133,0.097725,-0.015011,0.006394,99933.0000,-0.052636,-0.158746,0.985915,0.067468,-0.985593,-0.155092,0.996332,0.058354,0.062587,,,0.000000,,,,0.00,,,
34987,,,,,,,,,,,,,,9.752838,-1.395846,0.638455,0.031313,-0.134578,0.059231,-0.988525,0.177979,0.288574,0.097523,-0.013984,0.006407,,-0.052236,-0.158371,0.985997,0.066726,-0.985692,-0.154787,0.996403,0.057707,0.062056,,,0.000000,,,,0.00,,,
34988,,,,,,,,,,,,,,9.699405,-1.365742,0.636248,0.038154,-0.149943,0.001822,-0.990479,0.175781,0.282227,0.096988,-0.013688,0.006384,99932.0000,-0.051903,-0.157691,0.986124,0.066128,-0.985830,-0.154164,0.996460,0.057209,0.061595,,,0.000000,,,,0.00,,,
34989,,,,,,,,,,,,,,9.679215,-1.333102,0.625004,0.033995,-0.172781,-0.023715,-0.986328,0.175781,0.288818,0.096786,-0.013365,0.006270,,-0.051634,-0.156937,0.986258,0.065383,-0.985988,-0.153471,0.996523,0.056560,0.061172,,,0.000000,,,,0.00,,,
34990,,,,,,,,,,,,,,9.595001,-1.365425,0.565358,-0.019358,-0.123825,-0.105353,-0.990723,0.175781,0.292969,0.095944,-0.013690,0.005675,99939.0000,-0.051321,-0.156151,0.986399,0.064665,-0.986147,-0.152747,0.996586,0.055947,0.060707,,,0.000000,,,,0.00,,,
34991,,,,,,,,,,,,,,9.629640,-1.452325,0.532764,-0.053041,-0.037622,-0.059799,-0.994873,0.175781,0.290771,0.096289,-0.014560,0.005356,,-0.050742,-0.155314,0.986561,0.063799,-0.986320,-0.151994,0.996672,0.055229,0.059957,,,0.000000,,,,0.00,,,
34992,,,,,,,,,,,,,,9.626937,-1.561541,0.615357,0.028465,0.082698,-0.040925,-0.990479,0.171631,0.293213,0.096262,-0.015650,0.006188,99933.0000,-0.050192,-0.154521,0.986714,0.062949,-0.986484,-0.151283,0.996754,0.054519,0.059241,,,0.000000,,,,0.00,,,
34993,,,,,,,,,,,,,,9.695093,-1.646845,0.570851,-0.016512,0.161443,0.036498,-0.984131,0.171631,0.288818,0.096943,-0.016502,0.005747,,-0.049469,-0.153734,0.986873,0.062048,-0.986647,-0.150588,0.996846,0.053784,0.058347,,,0.000000,,,,0.00,,,
34994,,,,,,,,,,,,,,9.739771,-1.716349,0.571915,-0.013977,0.230541,0.090985,-0.988281,0.171631,0.291016,0.097389,-0.017197,0.005763,99935.0000,-0.048756,-0.152961,0.987029,0.061125,-0.986809,-0.149908,0.996939,0.053023,0.057463,,,0.000000,,,,0.00,,,
34995,,,,,,,,,,,,,,9.753372,-1.753564,0.532812,-0.046970,0.270221,0.107591,-0.994385,0.167480,0.291016,0.097525,-0.017568,0.005372,,-0.048065,-0.152214,0.987178,0.059887,-0.986982,-0.149268,0.997047,0.051944,0.056555,,,0.000000,,,,0.00,,,
34996,,,,,,,,,,,,,,9.726059,-1.751843,0.421484,-0.147716,0.274399,0.073955,-0.992676,0.173584,0.291016,0.097252,-0.017554,0.004261,99942.0000,-0.047367,-0.151395,0.987338,0.058643,-0.987164,-0.148555,0.997155,0.050864,0.055637,,,0.000000,,,,0.00,,,
34997,,,,,,,,,,,,,,9.727543,-1.696470,0.421429,-0.135815,0.226979,0.067127,-0.990479,0.171631,0.291016,0.097267,-0.017003,0.004262,,-0.046702,-0.150577,0.987495,0.057225,-0.987353,-0.147849,0.997268,0.049604,0.054728,,,0.000000,,,,0.00,,,
34998,,,,,,,,,,,,,,9.730953,-1.629876,0.368071,-0.176407,0.166841,0.057695,-0.990234,0.167480,0.291260,0.097301,-0.016342,0.003725,99937.0000,-0.046023,-0.149628,0.987671,0.056010,-0.987550,-0.147000,0.997369,0.048554,0.053831,,,0.000000,,,,0.00,,,
34999,,,,,,,,,,,,,,9.634457,-1.497154,0.357740,-0.166555,0.057703,-0.057631,-0.986084,0.167480,0.293457,0.096336,-0.015016,0.003625,,-0.045292,-0.148779,0.987833,0.055040,-0.987717,-0.146238,0.997456,0.047747,0.052924,,,0.000000,,,,0.00,,,
35000,,,,,,,,,,,,,,9.620624,-1.465730,0.486313,-0.027295,0.044586,-0.069047,-0.986084,0.165283,0.300049,0.096197,-0.014704,0.004906,99927.0000,-0.044494,-0.147758,0.988022,0.054721,-0.987877,-0.145272,0.997510,0.047602,0.052040,,,0.000000,,,,0.00,,,
35001,,,,,,,,,,,,,,9.574584,-1.507972,0.610217,0.105716,0.108178,-0.102069,-0.990234,0.165283,0.302246,0.095735,-0.015128,0.006149,,-0.043439,-0.146818,0.988209,0.054708,-0.988008,-0.144383,0.997557,0.047792,0.050950,,,0.000000,,,,0.00,,,
35002,,,,,,,,,,,,,,9.621053,-1.646229,0.594293,0.090024,0.247452,-0.037281,-0.996582,0.167236,0.295410,0.096199,-0.016510,0.005997,99934.0000,-0.042366,-0.145790,0.988408,0.054653,-0.988153,-0.143410,0.997606,0.047943,0.049832,,,0.000000,,,,0.00,,,
35003,,,,,,,,,,,,,,9.669986,-1.667766,0.488944,-0.006717,0.264867,0.008663,-0.992432,0.165283,0.297852,0.096689,-0.016721,0.004951,,-0.041183,-0.144971,0.988578,0.054110,-0.988290,-0.142674,0.997685,0.047616,0.048546,,,0.000000,,,,0.00,,,
35004,,,,,,,,,,,,,,9.718456,-1.665704,0.386766,-0.097773,0.260452,0.051142,-0.988037,0.158936,0.300293,0.097174,-0.016700,0.003937,99939.0000,-0.039981,-0.143994,0.988771,0.053017,-0.988474,-0.141807,0.997793,0.046752,0.047154,,,0.000000,,,,0.00,,,
35005,,,,,,,,,,,,,,9.755867,-1.585163,0.265136,-0.202424,0.178341,0.070995,-0.988037,0.158936,0.302246,0.097549,-0.015897,0.002727,,-0.038788,-0.143083,0.988950,0.051217,-0.988679,-0.141035,0.997934,0.045181,0.045677,,,0.000000,,,,0.00,,,
35006,,,,,,,,,,,,,,9.780637,-1.436091,0.178876,-0.267393,0.034118,0.070760,-0.983643,0.154785,0.304688,0.097797,-0.014413,0.001861,99932.0000,-0.037590,-0.141936,0.989162,0.049547,-0.988909,-0.140016,0.998064,0.043747,0.044206,,,0.000000,,,,0.00,,,
35007,,,,,,,,,,,,,,9.714261,-1.369267,0.252756,-0.173629,-0.008010,-0.000685,-0.985596,0.152588,0.304688,0.097133,-0.013749,0.002594,,-0.036374,-0.140741,0.989378,0.048272,-0.989125,-0.138930,0.998172,0.042706,0.042772,,,0.000000,,,,0.00,,,
35008,,,,,,,,,,,,,,9.668743,-1.338894,0.387841,-0.023451,-0.013657,-0.044018,-0.992188,0.154785,0.309082,0.096677,-0.013448,0.003938,99934.0000,-0.035290,-0.139455,0.989599,0.047488,-0.989332,-0.137724,0.998248,0.042134,0.041536,,,0.000000,,,,0.00,,,
35009,,,,,,,,,,,,,,9.605997,-1.403798,0.381195,-0.018999,0.071410,-0.097460,-0.983643,0.156982,0.306885,0.096049,-0.014098,0.003869,,-0.034203,-0.138163,0.989819,0.046646,-0.989540,-0.136512,0.998326,0.041502,0.040290,,,0.000000,,,,0.00,,,
35010,,,,,,,,,,,,,,9.605680,-1.390180,0.481413,0.092902,0.074691,-0.095732,-0.985596,0.150635,0.309326,0.096045,-0.013961,0.004873,99934.0000,-0.033099,-0.136874,0.990035,0.046054,-0.989735,-0.135292,0.998390,0.041117,0.039063,,,0.000000,,,,0.00,,,
35011,,,,,,,,,,,,,,9.597894,-1.454616,0.476018,0.096655,0.150515,-0.095175,-0.981445,0.152588,0.309082,0.095967,-0.014606,0.004817,,-0.032001,-0.135699,0.990233,0.045314,-0.989919,-0.134192,0.998460,0.040577,0.037828,,,0.000000,,,,0.00,,,
35012,,,,,,,,,,,,,,9.646661,-1.554849,0.408184,0.034224,0.253065,-0.036339,-0.983398,0.144287,0.311523,0.096454,-0.015609,0.004143,99934.0000,-0.030939,-0.134378,0.990447,0.044370,-0.990129,-0.132949,0.998536,0.039833,0.036596,,,0.000000,,,,0.00,,,
35013,,,,,,,,,,,,,,9.737626,-1.645879,0.420324,0.052003,0.343789,0.065876,-0.987305,0.142090,0.311768,0.097363,-0.016521,0.004266,,-0.029903,-0.133074,0.990655,0.042815,-0.990359,-0.131742,0.998635,0.038476,0.035313,,,0.000000,,,,0.00,,,
35014,,,,,,,,,,,,,,9.796556,-1.669013,0.345626,-0.013502,0.369211,0.124166,-0.983154,0.142090,0.313965,0.097953,-0.016753,0.003516,99938.0000,-0.029018,-0.131698,0.990865,0.041085,-0.990602,-0.130460,0.998734,0.036924,0.034156,,,0.000000,,,,0.00,,,
35015,,,,,,,,,,,,,,9.811041,-1.640032,0.259308,-0.087283,0.349289,0.131347,-0.979004,0.142090,0.316162,0.098098,-0.016466,0.002651,,-0.028173,-0.130255,0.991080,0.039183,-0.990856,-0.129112,0.998835,0.035196,0.033020,,,0.000000,,,,0.00,,,
35016,,,,,,,,,,,,,,9.735978,-1.614227,0.294327,-0.038011,0.347905,0.054385,-0.983154,0.140137,0.313965,0.097348,-0.016202,0.003001,99929.0000,-0.027304,-0.128960,0.991274,0.037515,-0.991077,-0.127901,0.998923,0.033695,0.031898,,,0.000000,,,,0.00,,,
35017,,,,,,,,,,,,,,9.704855,-1.581501,0.297940,-0.020273,0.331065,0.019102,-0.980957,0.137939,0.316162,0.097037,-0.015874,0.003039,,-0.026363,-0.127766,0.991454,0.035562,-0.991291,-0.126799,0.999020,0.031915,0.030677,,,0.000000,,,,0.00,,,
35018,,,,,,,,,,,,,,9.760536,-1.556657,0.345547,0.038155,0.312910,0.072213,-0.983154,0.137939,0.316162,0.097594,-0.015622,0.003513,99929.0000,-0.025516,-0.126534,0.991634,0.033615,-0.991505,-0.125653,0.999109,0.030127,0.029553,,,0.000000,,,,0.00,,,
35019,,,,,,,,,,,,,,9.773171,-1.516758,0.318291,0.023078,0.281310,0.078574,-0.982910,0.131592,0.316406,0.097721,-0.015223,0.003238,,-0.024771,-0.125436,0.991792,0.031267,-0.991709,-0.124644,0.999204,0.027923,0.028487,,,0.000000,,,,0.00,,,
35020,,,,,,,,,,,,,,9.773701,-1.422262,0.270244,-0.011602,0.197880,0.065662,-0.985107,0.133789,0.320801,0.097727,-0.014279,0.002753,99930.0000,-0.024101,-0.124205,0.991964,0.028882,-0.991924,-0.123499,0.999292,0.025674,0.027493,,,0.000000,,,,0.00,,,
35021,,,,,,,,,,,,,,9.752530,-1.361366,0.260083,-0.009860,0.150925,0.036674,-0.987061,0.127441,0.322998,0.097516,-0.013672,0.002649,,-0.023520,-0.123014,0.992126,0.026175,-0.992136,-0.122395,0.999381,0.023090,0.026555,,,0.000000,,,,0.00,,,
35022,,,,,,,,,,,,,,9.730204,-1.288892,0.309306,0.050879,0.094639,0.006794,-0.982666,0.125244,0.318848,0.097293,-0.012944,0.003138,99933.0000,-0.022960,-0.121787,0.992291,0.023602,-0.992342,-0.121247,0.999458,0.020636,0.025658,,,0.000000,,,,0.00,,,
35023,,,,,,,,,,,,,,9.720424,-1.247348,0.273423,0.025295,0.065011,-0.008995,-0.980713,0.127441,0.321045,0.097196,-0.012525,0.002782,,-0.022401,-0.120613,0.992447,0.020416,-0.992544,-0.120165,0.999541,0.017570,0.024696,,,0.000000,,,,0.00,,,
35024,,,,,,,,,,,,,,9.720928,-1.164701,0.168135,-0.068363,-0.008222,-0.021034,-0.978271,0.125244,0.316650,0.097202,-0.011698,0.001733,99937.0000,-0.021718,-0.119489,0.992598,0.017281,-0.992729,-0.119126,0.999615,0.014566,0.023625,,,0.000000,,,,0.00,,,
35025,,,,,,,,,,,,,,9.762991,-1.050686,0.148925,-0.077447,-0.117779,0.006795,-0.984619,0.118896,0.332031,0.097624,-0.010557,0.001539,,-0.021174,-0.118553,0.992722,0.013894,-0.992884,-0.118276,0.999679,0.011288,0.022671,,,0.000000,,,,0.00,,,
35026,,,,,,,,,,,,,,9.809685,-1.065569,0.042747,-0.174567,-0.098564,0.052756,-0.984619,0.118896,0.327637,0.098090,-0.010714,0.000480,99935.0000,-0.020472,-0.117340,0.992881,0.010510,-0.993059,-0.117144,0.999735,0.008037,0.021563,,,0.000000,,,,0.00,,,
35027,,,,,,,,,,,,,,9.889993,-1.098388,-0.079929,-0.286783,-0.063480,0.134096,-0.986572,0.118896,0.325439,0.098893,-0.011052,-0.000746,,-0.019625,-0.115984,0.993057,0.006773,-0.993241,-0.115872,0.999784,0.004452,0.020277,,,0.000000,,,,0.00,,,
35028,,,,,,,,,,,,,,9.925117,-1.116752,-0.053475,-0.250770,-0.034253,0.171993,-0.975830,0.112793,0.319336,0.099243,-0.011246,-0.000484,99935.0000,-0.018995,-0.114415,0.993251,0.003279,-0.993432,-0.114373,0.999814,0.001085,0.019246,,,0.000000,,,,0.00,,,
35029,,,,,,,,,,,,,,9.874125,-1.149373,-0.075642,-0.263548,0.019917,0.124880,-0.980225,0.114746,0.327881,0.098731,-0.011581,-0.000708,,-0.018578,-0.112762,0.993448,-0.000342,-0.993619,-0.112788,0.999827,-0.002435,0.018421,,,0.000000,,,,0.00,,,
35030,,,,,,,,,,,,,,9.797894,-1.084187,-0.083989,-0.261202,-0.018074,0.041888,-0.982178,0.110596,0.323730,0.097969,-0.010934,-0.000796,99934.0000,-0.018042,-0.110906,0.993667,-0.003724,-0.993814,-0.110991,0.999830,-0.005702,0.017518,,,0.000000,,,,0.00,,,
35031,,,,,,,,,,,,,,9.759401,-1.159790,-0.026982,-0.194655,0.078197,0.013182,-0.979736,0.104248,0.326172,0.097583,-0.011693,-0.000224,,-0.017569,-0.109152,0.993870,-0.007326,-0.993982,-0.109294,0.999819,-0.009201,0.016664,,,0.000000,,,,0.00,,,
35032,,,,,,,,,,,,,,9.642933,-1.188693,0.030678,-0.125239,0.138077,-0.098507,-0.981689,0.097900,0.330566,0.096418,-0.011980,0.000354,99939.0000,-0.017006,-0.107211,0.994091,-0.010877,-0.994156,-0.107404,0.999796,-0.012639,0.015741,,,0.000000,,,,0.00,,,
35033,,,,,,,,,,,,,,9.624150,-1.177551,-0.048676,-0.194546,0.149372,-0.119749,-0.981445,0.093750,0.326416,0.096230,-0.011870,-0.000437,,-0.016435,-0.105222,0.994313,-0.014778,-0.994313,-0.105466,0.999756,-0.016427,0.014787,,,0.000000,,,,0.00,,,
35034,,,,,,,,,,,,,,9.649712,-1.198219,-0.001451,-0.137278,0.185489,-0.091608,-0.981445,0.091553,0.322266,0.096485,-0.012076,0.000035,99929.0000,-0.015815,-0.103276,0.994527,-0.018265,-0.994456,-0.103559,0.999708,-0.019803,0.013841,,,0.000000,,,,0.00,,,
35035,,,,,,,,,,,,,,9.621656,-1.230806,-0.013537,-0.140582,0.241037,-0.116635,-0.981445,0.091553,0.326416,0.096205,-0.012402,-0.000088,,-0.015496,-0.101221,0.994743,-0.021911,-0.994589,-0.101547,0.999640,-0.023369,0.013195,,,0.000000,,,,0.00,,,
35036,,,,,,,,,,,,,,9.646345,-1.228742,0.040345,-0.077334,0.253752,-0.091937,-0.981445,0.087402,0.331055,0.096452,-0.012378,0.000450,99931.0000,-0.014892,-0.099339,0.994942,-0.025143,-0.994701,-0.099691,0.999573,-0.026501,0.012315,,,0.000000,,,,0.00,,,
35037,,,,,,,,,,,,,,9.725080,-1.209893,0.041919,-0.068722,0.245031,-0.015852,-0.979004,0.081055,0.333496,0.097239,-0.012188,0.000466,,-0.014438,-0.097507,0.995130,-0.028647,-0.994785,-0.097889,0.999485,-0.029921,0.011569,,,0.000000,,,,0.00,,,
35038,,,,,,,,,,,,,,9.751194,-1.225750,-0.022680,-0.123316,0.278237,0.010556,-0.985352,0.078857,0.331299,0.097501,-0.012348,-0.000179,99931.0000,-0.013822,-0.095660,0.995318,-0.031934,-0.994863,-0.096060,0.999394,-0.033112,0.010696,,,0.000000,,,,0.00,,,
35039,,,,,,,,,,,,,,9.817275,-1.174796,-0.046385,-0.139511,0.241113,0.070812,-0.980957,0.074707,0.333740,0.098162,-0.011837,-0.000414,,-0.013185,-0.093756,0.995508,-0.035363,-0.994928,-0.094170,0.999288,-0.036446,0.009803,,,0.000000,,,,0.00,,,
35040,,,,,,,,,,,,,,9.842608,-1.182237,-0.052337,-0.135194,0.264105,0.096364,-0.982910,0.076904,0.329102,0.098416,-0.011911,-0.000476,99935.0000,-0.012521,-0.091979,0.995682,-0.038396,-0.994982,-0.092398,0.999184,-0.039387,0.008926,,,0.000000,,,,0.00,,,
35041,,,,,,,,,,,,,,9.864521,-1.127385,-0.096585,-0.173054,0.227527,0.112399,-0.978760,0.076904,0.329346,0.098635,-0.011364,-0.000920,,-0.012046,-0.090145,0.995856,-0.041811,-0.995012,-0.090575,0.999053,-0.042729,0.008217,,,0.000000,,,,0.00,,,
35042,,,,,,,,,,,,,,9.909035,-1.089184,-0.077147,-0.146466,0.203090,0.153180,-0.978516,0.068359,0.333984,0.099080,-0.010986,-0.000731,99929.0000,-0.011512,-0.088276,0.996030,-0.045045,-0.995039,-0.088709,0.998919,-0.045888,0.007478,,,0.000000,,,,0.00,,,
35043,,,,,,,,,,,,,,9.860702,-0.965779,-0.018303,-0.085633,0.099858,0.094338,-0.980713,0.070557,0.329346,0.098598,-0.009751,-0.000148,,-0.011192,-0.086466,0.996192,-0.048571,-0.995031,-0.086911,0.998757,-0.049358,0.006937,,,0.000000,,,,0.00,,,
35044,,,,,,,,,,,,,,9.866468,-0.839572,0.041995,-0.024198,-0.010773,0.089490,-0.982422,0.060059,0.334229,0.098657,-0.008487,0.000451,99935.0000,-0.010777,-0.084602,0.996357,-0.051980,-0.995020,-0.085051,0.998590,-0.052708,0.006325,,,0.000000,,,,0.00,,,
35045,,,,,,,,,,,,,,9.806814,-0.724875,0.124448,0.057212,-0.106589,0.020921,-0.980225,0.060059,0.332031,0.098061,-0.007335,0.001269,,-0.010651,-0.082806,0.996509,-0.055544,-0.994978,-0.083273,0.998399,-0.056237,0.005998,,,0.000000,,,,0.00,,,
35046,,,,,,,,,,,,,,9.726369,-0.632899,0.190315,0.124279,-0.178223,-0.066314,-0.984375,0.055664,0.334229,0.097258,-0.006412,0.001926,99931.0000,-0.010313,-0.081038,0.996658,-0.058849,-0.994934,-0.081507,0.998214,-0.059493,0.005492,,,0.000000,,,,0.00,,,
35047,,,,,,,,,,,,,,9.719688,-0.663069,0.251518,0.190645,-0.134134,-0.069952,-0.975830,0.055908,0.332275,0.097191,-0.006715,0.002536,,-0.010216,-0.079155,0.996810,-0.062500,-0.994862,-0.079641,0.997993,-0.063114,0.005217,,,0.000000,,,,0.00,,,
35048,,,,,,,,,,,,,,9.723054,-0.679579,0.351371,0.296401,-0.107709,-0.064683,-0.977783,0.047363,0.334717,0.097224,-0.006877,0.003535,99929.0000,-0.009922,-0.077355,0.996954,-0.065894,-0.994786,-0.077843,0.997777,-0.066466,0.004773,,,0.000000,,,,0.00,,,
35049,,,,,,,,,,,,,,9.706815,-0.724568,0.373872,0.325677,-0.046365,-0.077247,-0.979736,0.047363,0.334473,0.097061,-0.007327,0.003758,,-0.009835,-0.075458,0.997100,-0.069834,-0.994662,-0.075962,0.997510,-0.070378,0.004513,,,0.000000,,,,0.00,,,
35050,,,,,,,,,,,,,,9.670501,-0.790952,0.378447,0.340007,0.038494,-0.108549,-0.981934,0.045166,0.330322,0.096698,-0.007992,0.003802,99934.0000,-0.009648,-0.073598,0.997241,-0.073534,-0.994535,-0.074110,0.997246,-0.074047,0.004183,,,0.000000,,,,0.00,,,
35051,,,,,,,,,,,,,,9.658849,-0.888099,0.326184,0.297368,0.156901,-0.113440,-0.985840,0.038818,0.336914,0.096580,-0.008965,0.003280,,-0.009784,-0.071657,0.997381,-0.077641,-0.994364,-0.072201,0.996933,-0.078144,0.004165,,,0.000000,,,,0.00,,,
35052,,,,,,,,,,,,,,9.617073,-0.873484,0.242554,0.217724,0.168806,-0.156913,-0.981689,0.039062,0.332764,0.096163,-0.008819,0.002441,99931.0000,-0.009701,-0.069777,0.997515,-0.081673,-0.994174,-0.070338,0.996612,-0.082153,0.003946,,,0.000000,,,,0.00,,,
35053,,,,,,,,,,,,,,9.632175,-0.888951,0.263235,0.241396,0.199377,-0.141065,-0.981445,0.032715,0.330811,0.096313,-0.008977,0.002643,,-0.009937,-0.067734,0.997654,-0.086010,-0.993948,-0.068339,0.996245,-0.086487,0.004051,,,0.000000,,,,0.00,,,
