// Start Time: Unknown
// Update Rate: 100.0Hz
// Filter Profile: human (46.1)
// Firmware Version: 4.6.0
PacketCounter,SampleTimeFine,Year,Month,Day,Second,UTC_Nano,UTC_Year,UTC_Month,UTC_Day,UTC_Hour,UTC_Minute,UTC_Second,UTC_Valid,Acc_X,Acc_Y,Acc_Z,FreeAcc_X,FreeAcc_Y,FreeAcc_Z,Mag_X,Mag_Y,Mag_Z,VelInc_X,VelInc_Y,VelInc_Z,Pressure,Mat[1][1],Mat[2][1],Mat[3][1],Mat[1][2],Mat[2][2],Mat[3][2],Mat[1][3],Mat[2][3],Mat[3][3],Latitude,Longitude,Altitude,Vel_X,Vel_Y,Vel_Z,Temperature,GyrTemp_X,GyrTemp_Y,GyrTemp_Z
34893,,,,,,,,,,,,,,0.204130,-9.675846,1.512973,0.060157,-0.046370,-0.017434,0.366455,0.909424,-0.309326,0.002050,-0.096761,0.015112,,0.932873,0.359817,0.016725,-0.042616,0.156355,-0.986781,-0.357676,0.919829,0.161193,,,0.000000,,,,0.00,,,
34894,,,,,,,,,,,,,,0.232501,-9.705312,1.474485,0.104490,-0.079047,0.005870,0.368652,0.909424,-0.311523,0.002332,-0.097056,0.014726,99887.0000,0.932953,0.359617,0.016571,-0.042863,0.156664,-0.986721,-0.357438,0.919854,0.161575,,,0.000000,,,,0.00,,,
34895,,,,,,,,,,,,,,0.229751,-9.680758,1.474026,0.103568,-0.080172,-0.018533,0.364014,0.913818,-0.309326,0.002304,-0.096810,0.014724,,0.933055,0.359356,0.016462,-0.043061,0.157005,-0.986659,-0.357146,0.919898,0.161969,,,0.000000,,,,0.00,,,
34896,,,,,,,,,,,,,,0.182160,-9.687461,1.448759,0.070618,-0.123665,-0.016836,0.368652,0.909424,-0.311523,0.001827,-0.096876,0.014476,99882.0000,0.933167,0.359070,0.016346,-0.043202,0.157188,-0.986623,-0.356836,0.919979,0.162196,,,0.000000,,,,0.00,,,
34897,,,,,,,,,,,,,,0.183886,-9.735379,1.458082,0.072259,-0.123690,0.031951,0.366455,0.909424,-0.313965,0.001842,-0.097354,0.014578,,0.933261,0.358830,0.016304,-0.043245,0.157300,-0.986604,-0.356588,0.920053,0.162320,,,0.000000,,,,0.00,,,
34898,,,,,,,,,,,,,,0.172916,-9.787403,1.446505,0.069473,-0.147070,0.081203,0.364258,0.905029,-0.306885,0.001734,-0.097875,0.014459,99887.0000,0.933348,0.358606,0.016208,-0.043340,0.157392,-0.986585,-0.356346,0.920125,0.162444,,,0.000000,,,,0.00,,,
34899,,,,,,,,,,,,,,0.152157,-9.810292,1.464676,0.046223,-0.143061,0.106367,0.370850,0.907227,-0.306885,0.001530,-0.098104,0.014639,,0.933412,0.358447,0.016075,-0.043518,0.157568,-0.986549,-0.356158,0.920157,0.162675,,,0.000000,,,,0.00,,,
34900,,,,,,,,,,,,,,0.188962,-9.763952,1.432733,0.092495,-0.152659,0.056018,0.364258,0.905029,-0.306885,0.001903,-0.097640,0.014320,99887.0000,0.933497,0.358235,0.015808,-0.043783,0.157625,-0.986528,-0.355901,0.920229,0.162827,,,0.000000,,,,0.00,,,
34901,,,,,,,,,,,,,,0.197778,-9.735701,1.450616,0.095961,-0.128604,0.031171,0.366455,0.907227,-0.309326,0.001992,-0.097358,0.014500,,0.933579,0.358035,0.015529,-0.044040,0.157622,-0.986517,-0.355655,0.920308,0.162920,,,0.000000,,,,0.00,,,
34902,,,,,,,,,,,,,,0.229891,-9.756650,1.463073,0.125274,-0.108797,0.054334,0.364258,0.907227,-0.309326,0.002312,-0.097567,0.014629,99887.0000,0.933648,0.357867,0.015256,-0.044277,0.157572,-0.986514,-0.355444,0.920382,0.162962,,,0.000000,,,,0.00,,,
34903,,,,,,,,,,,,,,0.212126,-9.712608,1.434845,0.118777,-0.133633,0.005997,0.366455,0.907227,-0.309326,0.002132,-0.097126,0.014350,,0.933685,0.357778,0.015065,-0.044433,0.157495,-0.986520,-0.355328,0.920429,0.162948,,,0.000000,,,,0.00,,,
34904,,,,,,,,,,,,,,0.183816,-9.754854,1.487868,0.076982,-0.100040,0.055888,0.373291,0.900635,-0.306885,0.001848,-0.097547,0.014886,99887.0000,0.933739,0.357646,0.014873,-0.044531,0.157289,-0.986548,-0.355174,0.920516,0.162793,,,0.000000,,,,0.00,,,
34905,,,,,,,,,,,,,,0.193188,-9.727090,1.502529,0.080163,-0.075937,0.031042,0.370850,0.909668,-0.311523,0.001944,-0.097269,0.015036,,0.933738,0.357656,0.014660,-0.044633,0.156963,-0.986595,-0.355163,0.920567,0.162526,,,0.000000,,,,0.00,,,
34906,,,,,,,,,,,,,,0.175979,-9.741516,1.570505,0.041999,-0.018654,0.056075,0.371094,0.902832,-0.306885,0.001772,-0.097413,0.015718,99885.0000,0.933710,0.357739,0.014409,-0.044781,0.156618,-0.986644,-0.355218,0.920594,0.162255,,,0.000000,,,,0.00,,,
34907,,,,,,,,,,,,,,0.187488,-9.762051,1.592186,0.046777,0.005942,0.080018,0.371094,0.902832,-0.318359,0.001887,-0.097618,0.015935,,0.933638,0.357938,0.014195,-0.044896,0.156235,-0.986699,-0.355395,0.920582,0.161937,,,0.000000,,,,0.00,,,
34908,,,,,,,,,,,,,,0.173574,-9.790566,1.573174,0.043142,-0.017746,0.104873,0.366455,0.902832,-0.309082,0.001747,-0.097904,0.015743,99887.0000,0.933546,0.358186,0.013968,-0.045061,0.155922,-0.986741,-0.355615,0.920538,0.161701,,,0.000000,,,,0.00,,,
34909,,,,,,,,,,,,,,0.152961,-9.732718,1.630123,0.001789,0.037600,0.056714,0.364258,0.909424,-0.311523,0.001540,-0.097326,0.016306,,0.933407,0.358551,0.013862,-0.045213,0.155850,-0.986745,-0.355959,0.920409,0.161683,,,0.000000,,,,0.00,,,
34910,,,,,,,,,,,,,,0.159165,-9.737875,1.596186,0.021297,0.009114,0.056397,0.370850,0.905029,-0.304688,0.001599,-0.097378,0.015965,99888.0000,0.933340,0.358731,0.013703,-0.045369,0.155732,-0.986757,-0.356114,0.920358,0.161626,,,0.000000,,,,0.00,,,
34911,,,,,,,,,,,,,,0.208894,-9.769018,1.541300,0.088973,-0.027947,0.078938,0.366455,0.907227,-0.311523,0.002091,-0.097691,0.015410,,0.933365,0.358666,0.013713,-0.045358,0.155761,-0.986753,-0.356051,0.920379,0.161650,,,0.000000,,,,0.00,,,
34912,,,,,,,,,,,,,,0.185724,-9.719831,1.546430,0.063305,-0.024068,0.030913,0.368652,0.909424,-0.304688,0.001854,-0.097198,0.015465,99876.0000,0.933487,0.358347,0.013770,-0.045244,0.155776,-0.986756,-0.355746,0.920500,0.161628,,,0.000000,,,,0.00,,,
34913,,,,,,,,,,,,,,0.147807,-9.731896,1.484380,0.049127,-0.095891,0.032282,0.368408,0.911621,-0.307129,0.001477,-0.097318,0.014851,,0.933621,0.357995,0.013853,-0.045043,0.155654,-0.986784,-0.355420,0.920658,0.161447,,,0.000000,,,,0.00,,,
34914,,,,,,,,,,,,,,0.094510,-9.758119,1.492033,-0.002481,-0.110603,0.058672,0.373047,0.905029,-0.295654,0.000948,-0.097580,0.014928,99888.0000,0.933749,0.357664,0.013783,-0.045000,0.155510,-0.986809,-0.355089,0.920811,0.161302,,,0.000000,,,,0.00,,,
34915,,,,,,,,,,,,,,0.128350,-9.779394,1.502576,0.026130,-0.089053,0.081864,0.366455,0.905029,-0.311523,0.001290,-0.097793,0.015029,,0.933831,0.357454,0.013662,-0.044987,0.155245,-0.986851,-0.354875,0.920937,0.161053,,,0.000000,,,,0.00,,,
34916,,,,,,,,,,,,,,0.155453,-9.680331,1.493686,0.051242,-0.070786,-0.016952,0.368652,0.902832,-0.306885,0.001564,-0.096802,0.014943,99887.0000,0.933880,0.357332,0.013472,-0.045100,0.155073,-0.986873,-0.354730,0.921014,0.160936,,,0.000000,,,,0.00,,,
34917,,,,,,,,,,,,,,0.175771,-9.705775,1.482706,0.075294,-0.075006,0.006685,0.370850,0.905029,-0.309082,0.001765,-0.097055,0.014843,,0.933898,0.357288,0.013391,-0.045044,0.154730,-0.986929,-0.354690,0.921089,0.160596,,,0.000000,,,,0.00,,,
34918,,,,,,,,,,,,,,0.168818,-9.749456,1.520462,0.057456,-0.045903,0.055787,0.366455,0.905029,-0.306885,0.001694,-0.097492,0.015222,99887.0000,0.933941,0.357182,0.013271,-0.045013,0.154368,-0.986987,-0.354582,0.921190,0.160249,,,0.000000,,,,0.00,,,
34919,,,,,,,,,,,,,,0.193003,-9.742053,1.558295,0.065554,0.002409,0.054877,0.370850,0.907227,-0.311523,0.001937,-0.097418,0.015596,,0.933970,0.357107,0.013195,-0.044951,0.154034,-0.987043,-0.354512,0.921275,0.159915,,,0.000000,,,,0.00,,,
34920,,,,,,,,,,,,,,0.228729,-9.706592,1.613137,0.078144,0.074086,0.029104,0.370850,0.909424,-0.302490,0.002293,-0.097064,0.016144,99888.0000,0.934057,0.356885,0.013079,-0.044927,0.153761,-0.987086,-0.354287,0.921407,0.159656,,,0.000000,,,,0.00,,,
34921,,,,,,,,,,,,,,0.224492,-9.740013,1.560704,0.093193,0.022393,0.053663,0.364258,0.900635,-0.302246,0.002247,-0.097398,0.015621,,0.934154,0.356629,0.013101,-0.044736,0.153445,-0.987144,-0.354054,0.921559,0.159296,,,0.000000,,,,0.00,,,
34922,,,,,,,,,,,,,,0.190664,-9.743377,1.550284,0.064734,0.002881,0.054882,0.371094,0.902832,-0.306885,0.001908,-0.097432,0.015516,99886.0000,0.934270,0.356327,0.013078,-0.044612,0.153201,-0.987187,-0.353765,0.921716,0.159028,,,0.000000,,,,0.00,,,
34923,,,,,,,,,,,,,,0.189198,-9.719655,1.544223,0.062524,0.002828,0.030493,0.368652,0.902832,-0.300049,0.001893,-0.097195,0.015451,,0.934311,0.356214,0.013169,-0.044419,0.153004,-0.987227,-0.353679,0.921792,0.158776,,,0.000000,,,,0.00,,,
34924,,,,,,,,,,,,,,0.178166,-9.666853,1.568010,0.041355,0.030682,-0.018006,0.375244,0.909668,-0.302490,0.001786,-0.096667,0.015688,99892.0000,0.934306,0.356231,0.013090,-0.044436,0.152822,-0.987254,-0.353691,0.921816,0.158612,,,0.000000,,,,0.00,,,
34925,,,,,,,,,,,,,,0.199149,-9.692233,1.557405,0.065144,0.027528,0.005640,0.373047,0.905029,-0.304688,0.001998,-0.096921,0.015583,,0.934243,0.356399,0.013021,-0.044412,0.152490,-0.987307,-0.353861,0.921806,0.158291,,,0.000000,,,,0.00,,,
34926,,,,,,,,,,,,,,0.192251,-9.677375,1.497578,0.079361,-0.025264,-0.018589,0.373047,0.907471,-0.304688,0.001927,-0.096772,0.014989,99896.0000,0.934153,0.356637,0.012938,-0.044428,0.152190,-0.987352,-0.354095,0.921764,0.158013,,,0.000000,,,,0.00,,,
34927,,,,,,,,,,,,,,0.159836,-9.728871,1.494895,0.051693,-0.043714,0.031428,0.370850,0.905029,-0.306885,0.001607,-0.097287,0.014962,,0.934033,0.356956,0.012828,-0.044461,0.151823,-0.987407,-0.354408,0.921701,0.157678,,,0.000000,,,,0.00,,,
34928,,,,,,,,,,,,,,0.183603,-9.721396,1.533908,0.060641,0.004280,0.030504,0.368652,0.902832,-0.300049,0.001844,-0.097213,0.015345,99884.0000,0.933926,0.357241,0.012659,-0.044620,0.151637,-0.987429,-0.354670,0.921621,0.157558,,,0.000000,,,,0.00,,,
34929,,,,,,,,,,,,,,0.160877,-9.720667,1.545120,0.035226,0.009085,0.031261,0.373047,0.905273,-0.306885,0.001620,-0.097205,0.015461,,0.933860,0.357418,0.012559,-0.044642,0.151338,-0.987473,-0.354841,0.921601,0.157284,,,0.000000,,,,0.00,,,
34930,,,,,,,,,,,,,,0.148336,-9.773115,1.530035,0.032397,-0.014277,0.080519,0.370850,0.905029,-0.304688,0.001494,-0.097729,0.015314,99892.0000,0.933813,0.357549,0.012344,-0.044763,0.151000,-0.987520,-0.354951,0.921606,0.157010,,,0.000000,,,,0.00,,,
34931,,,,,,,,,,,,,,0.155212,-9.802596,1.497604,0.051648,-0.042373,0.104638,0.366455,0.907227,-0.297852,0.001565,-0.098023,0.014993,,0.933752,0.357712,0.012187,-0.044796,0.150578,-0.987583,-0.355106,0.921612,0.156626,,,0.000000,,,,0.00,,,
34932,,,,,,,,,,,,,,0.165200,-9.799318,1.514508,0.056124,-0.018377,0.104176,0.368652,0.909424,-0.309326,0.001667,-0.097990,0.015164,99887.0000,0.933699,0.357860,0.011887,-0.044960,0.150114,-0.987646,-0.355224,0.921630,0.156251,,,0.000000,,,,0.00,,,
34933,,,,,,,,,,,,,,0.168938,-9.780764,1.473499,0.072706,-0.046937,0.079511,0.368896,0.900635,-0.297852,0.001706,-0.097804,0.014756,,0.933600,0.358124,0.011750,-0.044942,0.149566,-0.987730,-0.355487,0.921617,0.155729,,,0.000000,,,,0.00,,,
34934,,,,,,,,,,,,,,0.213010,-9.798983,1.500611,0.106444,-0.003110,0.102247,0.373047,0.907471,-0.304688,0.002148,-0.097985,0.015033,99889.0000,0.933510,0.358370,0.011398,-0.045108,0.148918,-0.987820,-0.355702,0.921626,0.155181,,,0.000000,,,,0.00,,,
34935,,,,,,,,,,,,,,0.198118,-9.827798,1.478491,0.101280,-0.026279,0.127124,0.375488,0.902832,-0.297852,0.001996,-0.098274,0.014812,,0.933401,0.358659,0.011216,-0.045088,0.148235,-0.987924,-0.355990,0.921624,0.154534,,,0.000000,,,,0.00,,,
34936,,,,,,,,,,,,,,0.231468,-9.769141,1.526392,0.113068,0.045073,0.076941,0.375244,0.905273,-0.302246,0.002326,-0.097686,0.015296,99879.0000,0.933317,0.358886,0.010982,-0.045109,0.147543,-0.988026,-0.356209,0.921646,0.153893,,,0.000000,,,,0.00,,,
34937,,,,,,,,,,,,,,0.229167,-9.770211,1.519878,0.112018,0.045753,0.076950,0.370850,0.905029,-0.295654,0.002303,-0.097697,0.015232,,0.933281,0.358984,0.010825,-0.044990,0.146760,-0.988149,-0.356318,0.921733,0.153119,,,0.000000,,,,0.00,,,
34938,,,,,,,,,,,,,,0.193354,-9.773986,1.506014,0.083566,0.026239,0.078146,0.368652,0.905029,-0.300049,0.001945,-0.097735,0.015089,99887.0000,0.933298,0.358948,0.010598,-0.044984,0.146139,-0.988241,-0.356275,0.921846,0.152538,,,0.000000,,,,0.00,,,
34939,,,,,,,,,,,,,,0.210666,-9.751737,1.484307,0.104559,0.021869,0.053037,0.373291,0.900635,-0.286377,0.002119,-0.097514,0.014866,,0.933338,0.358845,0.010543,-0.044805,0.145573,-0.988332,-0.356193,0.921976,0.151947,,,0.000000,,,,0.00,,,
34940,,,,,,,,,,,,,,0.228626,-9.753508,1.466901,0.128547,0.017391,0.052309,0.375244,0.907471,-0.291016,0.002302,-0.097531,0.014692,99884.0000,0.933389,0.358721,0.010218,-0.044916,0.145026,-0.988408,-0.356044,0.922110,0.151478,,,0.000000,,,,0.00,,,
34941,,,,,,,,,,,,,,0.225334,-9.754226,1.462628,0.126712,0.019045,0.052330,0.375244,0.905273,-0.297852,0.002270,-0.097539,0.014646,,0.933458,0.358549,0.009987,-0.044877,0.144369,-0.988506,-0.355870,0.922280,0.150852,,,0.000000,,,,0.00,,,
34942,,,,,,,,,,,,,,0.216979,-9.763272,1.405474,0.141754,-0.033411,0.052540,0.375244,0.905273,-0.302246,0.002189,-0.097630,0.014069,99886.0000,0.933432,0.358627,0.009604,-0.045135,0.143951,-0.988555,-0.355905,0.922315,0.150555,,,0.000000,,,,0.00,,,
34943,,,,,,,,,,,,,,0.215905,-9.707082,1.449173,0.123485,0.018348,0.003553,0.373047,0.909668,-0.302490,0.002177,-0.097069,0.014504,,0.933353,0.358836,0.009401,-0.045249,0.143597,-0.988601,-0.356095,0.922289,0.150264,,,0.000000,,,,0.00,,,
34944,,,,,,,,,,,,,,0.245786,-9.704881,1.454210,0.151946,0.037878,0.002369,0.375244,0.905273,-0.293213,0.002477,-0.097046,0.014557,99889.0000,0.933291,0.359008,0.009014,-0.045526,0.143173,-0.988650,-0.356224,0.922288,0.149966,,,0.000000,,,,0.00,,,
34945,,,,,,,,,,,,,,0.250933,-9.734305,1.421268,0.169890,0.009853,0.026556,0.373291,0.900635,-0.295410,0.002529,-0.097340,0.014232,,0.933199,0.359252,0.008825,-0.045564,0.142646,-0.988724,-0.356460,0.922275,0.149486,,,0.000000,,,,0.00,,,
34946,,,,,,,,,,,,,,0.242079,-9.743412,1.363202,0.184938,-0.042607,0.026773,0.373047,0.902832,-0.288574,0.002441,-0.097430,0.013656,99891.0000,0.933140,0.359415,0.008413,-0.045790,0.142030,-0.988803,-0.356586,0.922306,0.148991,,,0.000000,,,,0.00,,,
34947,,,,,,,,,,,,,,0.257832,-9.780495,1.439365,0.173582,0.035088,0.074929,0.370850,0.902832,-0.297852,0.002598,-0.097800,0.014423,,0.933083,0.359566,0.008223,-0.045727,0.141277,-0.988913,-0.356742,0.922363,0.148265,,,0.000000,,,,0.00,,,
34948,,,,,,,,,,,,,,0.272788,-9.734272,1.413254,0.196006,0.029973,0.025424,0.377441,0.911865,-0.288818,0.002746,-0.097338,0.014164,99888.0000,0.933025,0.359726,0.007862,-0.045855,0.140550,-0.989011,-0.356878,0.922412,0.147632,,,0.000000,,,,0.00,,,
34949,,,,,,,,,,,,,,0.276553,-9.715891,1.369418,0.211688,0.001554,0.000849,0.377441,0.905273,-0.295654,0.002779,-0.097153,0.013732,,0.932974,0.359857,0.007858,-0.045545,0.139680,-0.989149,-0.357049,0.922493,0.146707,,,0.000000,,,,0.00,,,
34950,,,,,,,,,,,,,,0.277905,-9.684809,1.411093,0.195859,0.053729,-0.023781,0.373047,0.907227,-0.293213,0.002790,-0.096841,0.014157,99881.0000,0.932939,0.359954,0.007637,-0.045420,0.138710,-0.989291,-0.357159,0.922601,0.145757,,,0.000000,,,,0.00,,,
34951,,,,,,,,,,,,,,0.244521,-9.737074,1.400974,0.166055,0.034818,0.026231,0.375244,0.902832,-0.288574,0.002453,-0.097363,0.014059,,0.932885,0.360090,0.007754,-0.044932,0.137712,-0.989453,-0.357360,0.922697,0.144649,,,0.000000,,,,0.00,,,
34952,,,,,,,,,,,,,,0.235199,-9.734010,1.424092,0.146523,0.063323,0.026460,0.375244,0.905029,-0.286377,0.002358,-0.097332,0.014293,99892.0000,0.932859,0.360160,0.007635,-0.044669,0.136679,-0.989608,-0.357461,0.922824,0.143591,,,0.000000,,,,0.00,,,
34953,,,,,,,,,,,,,,0.180698,-9.761192,1.422624,0.092063,0.049080,0.052731,0.381836,0.907471,-0.295654,0.001813,-0.097605,0.014276,,0.932842,0.360201,0.007758,-0.044148,0.135650,-0.989773,-0.357570,0.922959,0.142443,,,0.000000,,,,0.00,,,
34954,,,,,,,,,,,,,,0.171716,-9.758186,1.445841,0.072530,0.077595,0.052953,0.379639,0.907471,-0.293213,0.001721,-0.097574,0.014510,99889.0000,0.932793,0.360331,0.007671,-0.043870,0.134640,-0.989923,-0.357733,0.923056,0.141399,,,0.000000,,,,0.00,,,
34955,,,,,,,,,,,,,,0.151929,-9.806975,1.455753,0.048000,0.082202,0.102452,0.377441,0.907471,-0.288818,0.001526,-0.098063,0.014605,,0.932705,0.360558,0.007754,-0.043472,0.133747,-0.990062,-0.358012,0.923098,0.140420,,,0.000000,,,,0.00,,,
34956,,,,,,,,,,,,,,0.132124,-9.855673,1.466355,0.025512,0.087371,0.151933,0.377441,0.909668,-0.291016,0.001326,-0.098550,0.014708,99889.0000,0.932610,0.360804,0.007663,-0.043271,0.132878,-0.990187,-0.358282,0.923127,0.139535,,,0.000000,,,,0.00,,,
34957,,,,,,,,,,,,,,0.110503,-9.855911,1.471210,-0.001163,0.091442,0.152616,0.373047,0.907227,-0.291016,0.001109,-0.098554,0.014748,,0.932506,0.361069,0.007841,-0.042864,0.132206,-0.990295,-0.358602,0.923120,0.138759,,,0.000000,,,,0.00,,,
34958,,,,,,,,,,,,,,0.107576,-9.808692,1.457148,-0.002660,0.090813,0.103815,0.375244,0.902832,-0.286377,0.001081,-0.098081,0.014608,99884.0000,0.932444,0.361232,0.007741,-0.042712,0.131474,-0.990399,-0.358781,0.923161,0.138021,,,0.000000,,,,0.00,,,
34959,,,,,,,,,,,,,,0.082185,-9.840790,1.412052,-0.013230,0.042271,0.129135,0.377441,0.905273,-0.279541,0.000824,-0.098402,0.014159,,0.932369,0.361420,0.007947,-0.042264,0.130808,-0.990507,-0.359029,0.923182,0.137236,,,0.000000,,,,0.00,,,
34960,,,,,,,,,,,,,,0.081669,-9.841994,1.403664,-0.013237,0.042290,0.129135,0.379639,0.909668,-0.288818,0.000819,-0.098413,0.014082,99890.0000,0.932352,0.361466,0.007891,-0.041992,0.129938,-0.990632,-0.359105,0.923287,0.136327,,,0.000000,,,,0.00,,,
34961,,,,,,,,,,,,,,0.081160,-9.843285,1.394614,-0.015138,0.042205,0.129132,0.384033,0.907471,-0.284180,0.000814,-0.098426,0.013992,,0.932420,0.361288,0.008026,-0.041489,0.129085,-0.990765,-0.358987,0.923476,0.135351,,,0.000000,,,,0.00,,,
34962,,,,,,,,,,,,,,0.067826,-9.848012,1.364403,-0.019614,0.018234,0.129587,0.377441,0.907471,-0.286377,0.000681,-0.098473,0.013696,99889.0000,0.932488,0.361113,0.007972,-0.041137,0.128101,-0.990908,-0.358851,0.923682,0.134308,,,0.000000,,,,0.00,,,
34963,,,,,,,,,,,,,,0.079330,-9.821937,1.371302,-0.017033,0.041451,0.104731,0.381592,0.914062,-0.284424,0.000794,-0.098212,0.013764,,0.932596,0.360832,0.008085,-0.040621,0.127193,-0.991046,-0.358630,0.923917,0.133277,,,0.000000,,,,0.00,,,
34964,,,,,,,,,,,,,,0.058574,-9.822542,1.373441,-0.041014,0.045962,0.105392,0.372803,0.911621,-0.275146,0.000585,-0.098218,0.013790,99884.0000,0.932725,0.360497,0.008096,-0.040157,0.126160,-0.991197,-0.358344,0.924189,0.132149,,,0.000000,,,,0.00,,,
34965,,,,,,,,,,,,,,0.039004,-9.847417,1.378276,-0.066854,0.050752,0.130438,0.377441,0.911865,-0.281982,0.000389,-0.098466,0.013840,,0.932902,0.360032,0.008370,-0.039396,0.125128,-0.991358,-0.357968,0.924511,0.130916,,,0.000000,,,,0.00,,,
34966,,,,,,,,,,,,,,0.031444,-9.844849,1.400527,-0.086369,0.079270,0.130640,0.381836,0.911865,-0.281982,0.000312,-0.098441,0.014059,99887.0000,0.933045,0.359662,0.008425,-0.038902,0.124144,-0.991501,-0.357651,0.924787,0.129823,,,0.000000,,,,0.00,,,
34967,,,,,,,,,,,,,,0.015791,-9.838235,1.456368,-0.126776,0.135472,0.131039,0.379395,0.911865,-0.275146,0.000158,-0.098374,0.014618,,0.933185,0.359294,0.008590,-0.038314,0.123220,-0.991639,-0.357348,0.925054,0.128753,,,0.000000,,,,0.00,,,
34968,,,,,,,,,,,,,,-0.016349,-9.866446,1.440805,-0.154512,0.116316,0.156542,0.377197,0.911865,-0.275146,-0.000168,-0.098656,0.014464,99887.0000,0.933299,0.358996,0.008676,-0.037792,0.122217,-0.991784,-0.357107,0.925303,0.127632,,,0.000000,,,,0.00,,,
34969,,,,,,,,,,,,,,-0.025007,-9.839859,1.460001,-0.176117,0.144264,0.132322,0.377441,0.907471,-0.277344,-0.000249,-0.098391,0.014654,,0.933415,0.358690,0.008803,-0.037231,0.121230,-0.991926,-0.356861,0.925551,0.126512,,,0.000000,,,,0.00,,,
34970,,,,,,,,,,,,,,-0.084115,-9.850165,1.400558,-0.213536,0.076806,0.134316,0.377441,0.909668,-0.270508,-0.000842,-0.098494,0.014057,99889.0000,0.933468,0.358553,0.008822,-0.036822,0.120273,-0.992058,-0.356766,0.925729,0.125473,,,0.000000,,,,0.00,,,
34971,,,,,,,,,,,,,,-0.078375,-9.807195,1.350444,-0.195867,0.047023,0.085309,0.375000,0.911865,-0.279785,-0.000780,-0.098065,0.013558,,0.933509,0.358447,0.008815,-0.036440,0.119300,-0.992189,-0.356699,0.925896,0.124429,,,0.000000,,,,0.00,,,
34972,,,,,,,,,,,,,,-0.091462,-9.836012,1.322020,-0.199621,0.023391,0.110157,0.379639,0.909668,-0.279785,-0.000905,-0.098353,0.013276,99886.0000,0.933502,0.358469,0.008618,-0.036222,0.118183,-0.992331,-0.356738,0.926031,0.123309,,,0.000000,,,,0.00,,,
34973,,,,,,,,,,,,,,-0.070884,-9.886639,1.304186,-0.174204,0.017388,0.158315,0.377197,0.916260,-0.268555,-0.000697,-0.098859,0.013098,,0.933387,0.358772,0.008447,-0.036084,0.117246,-0.992447,-0.357052,0.926033,0.122382,,,0.000000,,,,0.00,,,
34974,,,,,,,,,,,,,,-0.087553,-9.866943,1.269517,-0.179385,-0.006904,0.134356,0.384033,0.911865,-0.268311,-0.000859,-0.098663,0.012750,99889.0000,0.933306,0.358991,0.008109,-0.036027,0.116084,-0.992586,-0.357271,0.926094,0.121276,,,0.000000,,,,0.00,,,
34975,,,,,,,,,,,,,,-0.092207,-9.844118,1.255455,-0.180333,-0.007133,0.109950,0.383789,0.914062,-0.268311,-0.000902,-0.098434,0.012610,,0.933237,0.359180,0.007722,-0.035996,0.114867,-0.992728,-0.357455,0.926173,0.120127,,,0.000000,,,,0.00,,,
34976,,,,,,,,,,,,,,-0.087539,-9.873461,1.213871,-0.160090,-0.035267,0.134146,0.379395,0.911865,-0.268311,-0.000853,-0.098728,0.012194,99892.0000,0.933101,0.359540,0.007261,-0.036060,0.113635,-0.992868,-0.357801,0.926185,0.118998,,,0.000000,,,,0.00,,,
34977,,,,,,,,,,,,,,-0.038872,-9.849015,1.194867,-0.107920,-0.020757,0.108009,0.379395,0.914062,-0.259277,-0.000364,-0.098484,0.012003,,0.932964,0.359906,0.006735,-0.036207,0.112440,-0.992999,-0.358144,0.926188,0.117934,,,0.000000,,,,0.00,,,
34978,,,,,,,,,,,,,,-0.045672,-9.801855,1.178248,-0.109340,-0.021346,0.059207,0.377197,0.911865,-0.268311,-0.000432,-0.098012,0.011836,99889.0000,0.932800,0.360341,0.006230,-0.036331,0.111220,-0.993131,-0.358559,0.926166,0.116838,,,0.000000,,,,0.00,,,
34979,,,,,,,,,,,,,,-0.071406,-9.802453,1.179833,-0.133794,-0.016722,0.059851,0.381836,0.907471,-0.263672,-0.000689,-0.098018,0.011857,,0.932676,0.360668,0.005761,-0.036362,0.109896,-0.993278,-0.358877,0.926197,0.115612,,,0.000000,,,,0.00,,,
34980,,,,,,,,,,,,,,-0.054614,-9.828831,1.157591,-0.109079,-0.020846,0.083604,0.375000,0.911621,-0.268311,-0.000522,-0.098281,0.011640,99882.0000,0.932508,0.361112,0.005277,-0.036392,0.108495,-0.993431,-0.359312,0.926190,0.114314,,,0.000000,,,,0.00,,,
34981,,,,,,,,,,,,,,-0.104748,-9.859594,1.118963,-0.140861,-0.064870,0.109539,0.377197,0.909424,-0.261475,-0.001025,-0.098588,0.011258,,0.932339,0.361552,0.004814,-0.036408,0.107115,-0.993580,-0.359747,0.926178,0.113031,,,0.000000,,,,0.00,,,
34982,,,,,,,,,,,,,,-0.121996,-9.863935,1.084553,-0.145336,-0.088817,0.109980,0.377197,0.909424,-0.257080,-0.001198,-0.098632,0.010916,99889.0000,0.932187,0.361951,0.004379,-0.036338,0.105611,-0.993743,-0.360149,0.926195,0.111602,,,0.000000,,,,0.00,,,
34983,,,,,,,,,,,,,,-0.159070,-9.891760,1.065502,-0.173246,-0.107855,0.135470,0.379395,0.914062,-0.266113,-0.001569,-0.098910,0.010726,,0.932050,0.362308,0.003945,-0.036255,0.104090,-0.993907,-0.360512,0.926228,0.110152,,,0.000000,,,,0.00,,,
34984,,,,,,,,,,,,,,-0.121558,-9.918853,1.027964,-0.124557,-0.116475,0.158573,0.381592,0.914062,-0.259277,-0.001190,-0.099181,0.010354,99886.0000,0.931887,0.362731,0.003424,-0.036241,0.102490,-0.994074,-0.360933,0.926241,0.108655,,,0.000000,,,,0.00,,,
34985,,,,,,,,,,,,,,-0.162047,-9.873865,0.999941,-0.154145,-0.137333,0.110856,0.377197,0.909424,-0.252441,-0.001595,-0.098731,0.010075,,0.931709,0.363195,0.002912,-0.036238,0.100932,-0.994233,-0.361394,0.926230,0.107201,,,0.000000,,,,0.00,,,
34986,,,,,,,,,,,,,,-0.199088,-9.925887,0.981736,-0.181186,-0.156164,0.160749,0.383789,0.916260,-0.248047,-0.001965,-0.099251,0.009900,99890.0000,0.931582,0.363523,0.002393,-0.036148,0.099180,-0.994413,-0.361729,0.926291,0.105535,,,0.000000,,,,0.00,,,
34987,,,,,,,,,,,,,,-0.189750,-9.973243,0.991432,-0.175584,-0.129760,0.209130,0.385986,0.914062,-0.254883,-0.001871,-0.099725,0.009992,,0.931553,0.363600,0.001831,-0.036044,0.097354,-0.994597,-0.361813,0.926454,0.103796,,,0.000000,,,,0.00,,,
34988,,,,,,,,,,,,,,-0.226246,-9.897949,1.014810,-0.221258,-0.097644,0.136781,0.381592,0.914062,-0.257080,-0.002234,-0.098972,0.010223,99890.0000,0.931475,0.363802,0.001259,-0.036042,0.095724,-0.994755,-0.362015,0.926545,0.102277,,,0.000000,,,,0.00,,,
34989,,,,,,,,,,,,,,-0.232166,-9.899351,0.999684,-0.220180,-0.097651,0.136804,0.388184,0.911865,-0.243408,-0.002291,-0.098986,0.010073,,0.931432,0.363915,0.000540,-0.036176,0.094068,-0.994908,-0.362113,0.926670,0.100783,,,0.000000,,,,0.00,,,
34990,,,,,,,,,,,,,,-0.272975,-9.878316,0.974438,-0.249402,-0.117392,0.113499,0.381592,0.914062,-0.252441,-0.002697,-0.098777,0.009819,99890.0000,0.931417,0.363953,-0.000128,-0.036248,0.092414,-0.995061,-0.362144,0.926821,0.099269,,,0.000000,,,,0.00,,,
34991,,,,,,,,,,,,,,-0.284836,-9.798006,1.040132,-0.285095,-0.035924,0.040299,0.385986,0.918457,-0.245850,-0.002813,-0.097974,0.010471,,0.931462,0.363839,-0.000988,-0.036481,0.090693,-0.995211,-0.362006,0.927036,0.097750,,,0.000000,,,,0.00,,,
34992,,,,,,,,,,,,,,-0.293120,-9.775054,1.022994,-0.285847,-0.036155,0.015898,0.388184,0.914062,-0.252441,-0.002891,-0.097744,0.010307,99884.0000,0.931489,0.363765,-0.001802,-0.036656,0.088933,-0.995363,-0.361918,0.927236,0.096175,,,0.000000,,,,0.00,,,
34993,,,,,,,,,,,,,,-0.334533,-9.802483,1.001943,-0.312330,-0.054787,0.041444,0.386230,0.909668,-0.247803,-0.003300,-0.098018,0.010100,,0.931502,0.363725,-0.002864,-0.037041,0.087026,-0.995517,-0.361845,0.927432,0.094537,,,0.000000,,,,0.00,,,
34994,,,,,,,,,,,,,,-0.365153,-9.803188,0.998327,-0.336343,-0.050192,0.042099,0.385986,0.914062,-0.241211,-0.003598,-0.098025,0.010068,99890.0000,0.931503,0.363711,-0.003955,-0.037425,0.085022,-0.995676,-0.361802,0.927623,0.092810,,,0.000000,,,,0.00,,,
34995,,,,,,,,,,,,,,-0.410204,-9.806199,0.973036,-0.363472,-0.069112,0.043259,0.390381,0.911865,-0.243408,-0.004041,-0.098055,0.009822,,0.931499,0.363706,-0.005333,-0.038028,0.082793,-0.995841,-0.361751,0.927827,0.090953,,,0.000000,,,,0.00,,,
34996,,,,,,,,,,,,,,-0.430431,-9.828890,0.990337,-0.382267,-0.040196,0.067866,0.394775,0.914062,-0.241211,-0.004234,-0.098283,0.009997,99889.0000,0.931451,0.363805,-0.006760,-0.038672,0.080504,-0.996004,-0.361807,0.927990,0.089055,,,0.000000,,,,0.00,,,
34997,,,,,,,,,,,,,,-0.425345,-9.806392,0.956799,-0.356347,-0.044276,0.042906,0.385986,0.911865,-0.241211,-0.004174,-0.098058,0.009659,,0.931389,0.363924,-0.008656,-0.039781,0.078118,-0.996150,-0.361846,0.928147,0.087235,,,0.000000,,,,0.00,,,
34998,,,,,,,,,,,,,,-0.408704,-9.805913,0.946489,-0.327887,-0.024683,0.041785,0.388184,0.914062,-0.250244,-0.003997,-0.098054,0.009554,99886.0000,0.931275,0.364167,-0.010495,-0.040846,0.075743,-0.996290,-0.362021,0.928249,0.085412,,,0.000000,,,,0.00,,,
34999,,,,,,,,,,,,,,-0.408197,-9.758803,0.911863,-0.304314,-0.031970,-0.007655,0.397217,0.911865,-0.234131,-0.003981,-0.097584,0.009204,,0.931062,0.364645,-0.012572,-0.042262,0.073558,-0.996395,-0.362406,0.928237,0.083897,,,0.000000,,,,0.00,,,
35000,,,,,,,,,,,,,,-0.393711,-9.855473,0.910671,-0.272911,-0.011122,0.088828,0.401367,0.918457,-0.238770,-0.003826,-0.098551,0.009193,99890.0000,0.930898,0.364979,-0.014814,-0.043732,0.071094,-0.996511,-0.362652,0.928297,0.082142,,,0.000000,,,,0.00,,,
35001,,,,,,,,,,,,,,-0.396976,-9.808116,0.876986,-0.247860,-0.015512,0.039424,0.396973,0.914062,-0.236572,-0.003850,-0.098079,0.008851,,0.930740,0.365261,-0.017521,-0.045678,0.068588,-0.996599,-0.362817,0.928375,0.080522,,,0.000000,,,,0.00,,,
35002,,,,,,,,,,,,,,-0.416046,-9.828358,0.917233,-0.262152,0.037369,0.063589,0.406006,0.914062,-0.234131,-0.004034,-0.098281,0.009251,99892.0000,0.930569,0.365564,-0.020091,-0.047504,0.066150,-0.996678,-0.363020,0.928433,0.078923,,,0.000000,,,,0.00,,,
35003,,,,,,,,,,,,,,-0.380308,-9.831010,0.862745,-0.188030,0.023795,0.061608,0.408203,0.911865,-0.231934,-0.003666,-0.098308,0.008706,,0.930377,0.365877,-0.023065,-0.049741,0.063649,-0.996732,-0.363214,0.928484,0.077417,,,0.000000,,,,0.00,,,
35004,,,,,,,,,,,,,,-0.428591,-9.879146,0.863334,-0.210536,0.029004,0.111088,0.410645,0.907471,-0.227295,-0.004142,-0.098790,0.008717,99894.0000,0.930207,0.366115,-0.025978,-0.051847,0.061003,-0.996790,-0.363355,0.928568,0.075727,,,0.000000,,,,0.00,,,
35005,,,,,,,,,,,,,,-0.424124,-9.951516,0.859754,-0.176566,0.050495,0.183207,0.410645,0.907471,-0.225098,-0.004088,-0.099514,0.008683,,0.930024,0.366322,-0.029386,-0.054411,0.058176,-0.996822,-0.363448,0.928668,0.074037,,,0.000000,,,,0.00,,,
35006,,,,,,,,,,,,,,-0.455451,-10.048999,0.849540,-0.173537,0.051875,0.280807,0.415039,0.907471,-0.225098,-0.004390,-0.100490,0.008585,99886.0000,0.929796,0.366625,-0.032654,-0.056812,0.055295,-0.996852,-0.363666,0.928724,0.072242,,,0.000000,,,,0.00,,,
35007,,,,,,,,,,,,,,-0.426996,-10.100486,0.796162,-0.097568,0.040159,0.327567,0.421631,0.905518,-0.224854,-0.004098,-0.101005,0.008053,,0.929530,0.366953,-0.036315,-0.059572,0.052250,-0.996856,-0.363902,0.928771,0.070429,,,0.000000,,,,0.00,,,
35008,,,,,,,,,,,,,,-0.408139,-10.149674,0.775809,-0.043584,0.055904,0.374519,0.421631,0.909912,-0.225098,-0.003899,-0.101497,0.007853,99886.0000,0.929219,0.367370,-0.039893,-0.062240,0.049181,-0.996849,-0.364251,0.928774,0.068565,,,0.000000,,,,0.00,,,
35009,,,,,,,,,,,,,,-0.369406,-10.127085,0.736395,0.035310,0.066534,0.347567,0.428223,0.907715,-0.218018,-0.003512,-0.101270,0.007464,,0.928887,0.367766,-0.043791,-0.065191,0.045964,-0.996814,-0.364581,0.928782,0.066670,,,0.000000,,,,0.00,,,
35010,,,,,,,,,,,,,,-0.313247,-10.173144,0.775669,0.102782,0.154265,0.393102,0.428467,0.903320,-0.220215,-0.002947,-0.101729,0.007862,99892.0000,0.928526,0.368225,-0.047431,-0.067838,0.042668,-0.996784,-0.365017,0.928757,0.064598,,,0.000000,,,,0.00,,,
35011,,,,,,,,,,,,,,-0.315993,-10.149186,0.760522,0.133282,0.174606,0.367480,0.426270,0.901123,-0.218018,-0.002978,-0.101489,0.007712,,0.928207,0.368509,-0.051306,-0.070687,0.039276,-0.996725,-0.365287,0.928794,0.062505,,,0.000000,,,,0.00,,,
35012,,,,,,,,,,,,,,-0.298113,-10.175289,0.735150,0.186539,0.190040,0.389997,0.439453,0.903320,-0.220215,-0.002803,-0.101750,0.007461,99890.0000,0.927904,0.368768,-0.054806,-0.073163,0.035970,-0.996671,-0.365569,0.928825,0.060356,,,0.000000,,,,0.00,,,
35013,,,,,,,,,,,,,,-0.292023,-10.178197,0.687694,0.237028,0.180601,0.388536,0.435059,0.901123,-0.218018,-0.002747,-0.101780,0.006982,,0.927649,0.368855,-0.058418,-0.075814,0.032834,-0.996581,-0.365676,0.928907,0.058423,,,0.000000,,,,0.00,,,
35014,,,,,,,,,,,,,,-0.252854,-10.230221,0.651422,0.315072,0.191861,0.434727,0.441650,0.903320,-0.215576,-0.002356,-0.102300,0.006617,99888.0000,0.927488,0.368712,-0.061786,-0.078201,0.029726,-0.996494,-0.365583,0.929068,0.056404,,,0.000000,,,,0.00,,,
35015,,,,,,,,,,,,,,-0.314621,-10.202800,0.676213,0.272608,0.223427,0.411255,0.444092,0.898926,-0.210938,-0.002977,-0.102026,0.006864,,0.927361,0.368442,-0.065214,-0.080709,0.026783,-0.996378,-0.365361,0.929265,0.054574,,,0.000000,,,,0.00,,,
35016,,,,,,,,,,,,,,-0.320899,-10.255232,0.611730,0.317704,0.191186,0.459088,0.450684,0.894531,-0.204102,-0.003048,-0.102551,0.006222,99891.0000,0.927274,0.368093,-0.068346,-0.082860,0.023750,-0.996278,-0.365100,0.929486,0.052523,,,0.000000,,,,0.00,,,
35017,,,,,,,,,,,,,,-0.339913,-10.254746,0.612031,0.324579,0.216052,0.458525,0.452881,0.894531,-0.208740,-0.003240,-0.102547,0.006219,,0.927176,0.367704,-0.071688,-0.085250,0.020751,-0.996144,-0.364798,0.929711,0.050586,,,0.000000,,,,0.00,,,
35018,,,,,,,,,,,,,,-0.338856,-10.280120,0.600249,0.353898,0.235984,0.481726,0.455078,0.899170,-0.201904,-0.003231,-0.102800,0.006111,99890.0000,0.927063,0.367379,-0.074748,-0.087315,0.017680,-0.996024,-0.364597,0.929903,0.048468,,,0.000000,,,,0.00,,,
35019,,,,,,,,,,,,,,-0.370682,-10.304729,0.578627,0.356909,0.236554,0.506043,0.457275,0.896973,-0.201904,-0.003556,-0.103046,0.005906,,0.926947,0.367022,-0.077872,-0.089379,0.014434,-0.995893,-0.364390,0.930100,0.046183,,,0.000000,,,,0.00,,,
35020,,,,,,,,,,,,,,-0.347933,-10.356360,0.550500,0.411035,0.252323,0.552908,0.457520,0.894775,-0.201904,-0.003336,-0.103561,0.005636,99893.0000,0.926829,0.366723,-0.080641,-0.091019,0.011065,-0.995788,-0.364286,0.930265,0.043634,,,0.000000,,,,0.00,,,
35021,,,,,,,,,,,,,,-0.408417,-10.331199,0.514432,0.382982,0.231961,0.529677,0.466064,0.896973,-0.190430,-0.003948,-0.103310,0.005286,,0.926750,0.366315,-0.083348,-0.092562,0.007629,-0.995678,-0.364096,0.930460,0.040977,,,0.000000,,,,0.00,,,
35022,,,,,,,,,,,,,,-0.424581,-10.380037,0.508250,0.389155,0.256736,0.577994,0.466309,0.894775,-0.190430,-0.004113,-0.103798,0.005230,99884.0000,0.926727,0.365785,-0.085892,-0.093882,0.004076,-0.995575,-0.363817,0.930690,0.038118,,,0.000000,,,,0.00,,,
35023,,,,,,,,,,,,,,-0.457759,-10.378741,0.511768,0.370877,0.287180,0.578153,0.468506,0.892578,-0.185791,-0.004455,-0.103785,0.005271,,0.926854,0.364864,-0.088414,-0.095086,0.000321,-0.995469,-0.363182,0.931061,0.034991,,,0.000000,,,,0.00,,,
35024,,,,,,,,,,,,,,-0.433984,-10.356296,0.508470,0.403126,0.330470,0.552056,0.472900,0.892578,-0.187988,-0.004222,-0.103560,0.005240,99890.0000,0.927002,0.363930,-0.090680,-0.096091,-0.003253,-0.995367,-0.362539,0.931421,0.031955,,,0.000000,,,,0.00,,,
35025,,,,,,,,,,,,,,-0.472602,-10.353818,0.544344,0.365738,0.388304,0.552473,0.472900,0.894775,-0.183594,-0.004612,-0.103535,0.005602,,0.927289,0.362608,-0.093012,-0.097129,-0.006904,-0.995248,-0.361527,0.931916,0.028818,,,0.000000,,,,0.00,,,
35026,,,,,,,,,,,,,,-0.456947,-10.283046,0.518413,0.391885,0.406938,0.478050,0.477051,0.901367,-0.179199,-0.004462,-0.102827,0.005341,99892.0000,0.927612,0.361244,-0.095070,-0.097927,-0.010436,-0.995139,-0.360480,0.932413,0.025694,,,0.000000,,,,0.00,,,
35027,,,,,,,,,,,,,,-0.399725,-10.188777,0.554511,0.430965,0.497228,0.377767,0.481689,0.899170,-0.179199,-0.003897,-0.101883,0.005702,,0.928058,0.359578,-0.097021,-0.098622,-0.013938,-0.995027,-0.359142,0.933011,0.022527,,,0.000000,,,,0.00,,,
35028,,,,,,,,,,,,,,-0.409396,-10.166561,0.488536,0.449735,0.468566,0.353104,0.473145,0.888184,-0.176514,-0.004004,-0.101661,0.005047,99895.0000,0.928549,0.357837,-0.098741,-0.099075,-0.017450,-0.994927,-0.357745,0.933621,0.019250,,,0.000000,,,,0.00,,,
35029,,,,,,,,,,,,,,-0.380047,-10.119189,0.572317,0.447262,0.590922,0.302679,0.484131,0.890381,-0.165283,-0.003719,-0.101186,0.005881,,0.929126,0.355910,-0.100262,-0.099430,-0.020681,-0.994830,-0.356143,0.934291,0.016172,,,0.000000,,,,0.00,,,
35030,,,,,,,,,,,,,,-0.393698,-9.973142,0.572009,0.423016,0.617590,0.156530,0.479736,0.890381,-0.174316,-0.003867,-0.099725,0.005876,99892.0000,0.929791,0.353794,-0.101579,-0.099547,-0.023989,-0.994744,-0.354371,0.935016,0.012914,,,0.000000,,,,0.00,,,
35031,,,,,,,,,,,,,,-0.384263,-9.901488,0.615445,0.411240,0.691752,0.082674,0.486084,0.894775,-0.167725,-0.003785,-0.099008,0.006306,,0.930548,0.351478,-0.102678,-0.099557,-0.026993,-0.994666,-0.352375,0.935807,0.009874,,,0.000000,,,,0.00,,,
35032,,,,,,,,,,,,,,-0.428516,-9.778069,0.609387,0.359327,0.699304,-0.037853,0.483887,0.892578,-0.158447,-0.004235,-0.097773,0.006243,99893.0000,0.931337,0.349116,-0.103581,-0.099345,-0.030072,-0.994599,-0.350345,0.936597,0.006676,,,0.000000,,,,0.00,,,
35033,,,,,,,,,,,,,,-0.418952,-9.682732,0.600194,0.361137,0.720101,-0.135807,0.488281,0.894775,-0.151611,-0.004143,-0.096820,0.006146,,0.932193,0.346588,-0.104374,-0.099146,-0.032833,-0.994531,-0.348119,0.937443,0.003757,,,0.000000,,,,0.00,,,
35034,,,,,,,,,,,,,,-0.451403,-9.658102,0.529941,0.351438,0.671968,-0.159272,0.484131,0.883789,-0.156006,-0.004471,-0.096575,0.005439,99890.0000,0.932959,0.344281,-0.105159,-0.098913,-0.035711,-0.994455,-0.346127,0.938187,0.000737,,,0.000000,,,,0.00,,,
35035,,,,,,,,,,,,,,-0.444952,-9.562319,0.469316,0.368205,0.640492,-0.257044,0.483887,0.890381,-0.149414,-0.004406,-0.095619,0.004824,,0.933689,0.342053,-0.105944,-0.098810,-0.038269,-0.994370,-0.344182,0.938901,-0.001933,,,0.000000,,,,0.00,,,
35036,,,,,,,,,,,,,,-0.469609,-9.488616,0.456359,0.341925,0.644220,-0.329511,0.488281,0.890381,-0.142578,-0.004651,-0.094882,0.004688,99888.0000,0.934236,0.340283,-0.106819,-0.098761,-0.040969,-0.994267,-0.342708,0.939430,-0.004668,,,0.000000,,,,0.00,,,
35037,,,,,,,,,,,,,,-0.414577,-9.420013,0.340352,0.425777,0.575309,-0.404604,0.483887,0.894775,-0.147217,-0.004100,-0.094198,0.003523,,0.934731,0.338679,-0.107582,-0.098702,-0.043389,-0.994171,-0.341372,0.939901,-0.007129,,,0.000000,,,,0.00,,,
35038,,,,,,,,,,,,,,-0.386764,-9.374211,0.325660,0.452798,0.594295,-0.454631,0.492920,0.890381,-0.142578,-0.003822,-0.093740,0.003373,99886.0000,0.935106,0.337348,-0.108504,-0.098749,-0.045998,-0.994049,-0.340331,0.940256,-0.009700,,,0.000000,,,,0.00,,,
35039,,,,,,,,,,,,,,-0.376253,-9.350891,0.235454,0.490394,0.533423,-0.479355,0.497070,0.894775,-0.135742,-0.003723,-0.093507,0.002474,,0.935511,0.336026,-0.109116,-0.098606,-0.048238,-0.993957,-0.339258,0.940617,-0.011993,,,0.000000,,,,0.00,,,
35040,,,,,,,,,,,,,,-0.369962,-9.400303,0.143246,0.531097,0.477164,-0.431148,0.492920,0.890381,-0.135742,-0.003665,-0.094002,0.001561,99893.0000,0.935837,0.334880,-0.109838,-0.098383,-0.051034,-0.993839,-0.338422,0.940878,-0.014813,,,0.000000,,,,0.00,,,
35041,,,,,,,,,,,,,,-0.339195,-9.476212,0.091474,0.581788,0.466970,-0.359359,0.490723,0.885986,-0.135498,-0.003368,-0.094762,0.001046,,0.936283,0.333495,-0.110248,-0.097947,-0.053531,-0.993751,-0.337313,0.941231,-0.017455,,,0.000000,,,,0.00,,,
35042,,,,,,,,,,,,,,-0.361804,-9.450614,0.078267,0.557176,0.471374,-0.383030,0.492920,0.885986,-0.128662,-0.003607,-0.094505,0.000911,99894.0000,0.936783,0.332020,-0.110456,-0.097271,-0.056127,-0.993674,-0.336119,0.941601,-0.020283,,,0.000000,,,,0.00,,,
35043,,,,,,,,,,,,,,-0.348819,-9.427771,0.074204,0.561035,0.491819,-0.407723,0.494873,0.892578,-0.124268,-0.003488,-0.094277,0.000870,,0.937488,0.330076,-0.110301,-0.096397,-0.058255,-0.993637,-0.334401,0.942155,-0.022795,,,0.000000,,,,0.00,,,
35044,,,,,,,,,,,,,,-0.391697,-9.499994,0.125704,0.500838,0.554495,-0.333196,0.495117,0.888184,-0.119629,-0.003930,-0.094998,0.001389,99888.0000,0.938279,0.327936,-0.109958,-0.095230,-0.060688,-0.993604,-0.332512,0.942749,-0.025713,,,0.000000,,,,0.00,,,
35045,,,,,,,,,,,,,,-0.425071,-9.475331,0.179282,0.436909,0.613792,-0.356100,0.499268,0.896973,-0.119873,-0.004274,-0.094750,0.001921,,0.939302,0.325238,-0.109232,-0.093828,-0.062727,-0.993610,-0.330011,0.943550,-0.028404,,,0.000000,,,,0.00,,,
35046,,,,,,,,,,,,,,-0.482677,-9.472450,0.190317,0.365204,0.627621,-0.353873,0.497070,0.894775,-0.124268,-0.004860,-0.094720,0.002030,99886.0000,0.940364,0.322437,-0.108400,-0.092293,-0.064878,-0.993616,-0.327411,0.944365,-0.031250,,,0.000000,,,,0.00,,,
35047,,,,,,,,,,,,,,-0.525782,-9.497699,0.276478,0.284499,0.713934,-0.327516,0.494873,0.892578,-0.115234,-0.005295,-0.094971,0.002889,,0.941478,0.319524,-0.107352,-0.090744,-0.066464,-0.993654,-0.324631,0.945244,-0.033579,,,0.000000,,,,0.00,,,
35048,,,,,,,,,,,,,,-0.532896,-9.451107,0.320925,0.244244,0.770598,-0.375692,0.492432,0.896973,-0.108643,-0.005369,-0.094505,0.003322,99888.0000,0.942544,0.316710,-0.106327,-0.089154,-0.068275,-0.993675,-0.321966,0.946062,-0.036116,,,0.000000,,,,0.00,,,
35049,,,,,,,,,,,,,,-0.556191,-9.425267,0.290477,0.214576,0.747154,-0.398599,0.494629,0.896973,-0.106201,-0.005603,-0.094247,0.003013,,0.943624,0.313895,-0.105094,-0.087532,-0.069569,-0.993729,-0.319238,0.946906,-0.038171,,,0.000000,,,,0.00,,,
35050,,,,,,,,,,,,,,-0.547212,-9.453029,0.322885,0.200781,0.800102,-0.374312,0.483643,0.899170,-0.104004,-0.005513,-0.094524,0.003332,99886.0000,0.944530,0.311500,-0.104071,-0.086006,-0.071219,-0.993746,-0.316964,0.947573,-0.040478,,,0.000000,,,,0.00,,,
35051,,,,,,,,,,,,,,-0.483205,-9.406710,0.247948,0.264812,0.757584,-0.424553,0.487793,0.903564,-0.101807,-0.004877,-0.094062,0.002575,,0.945421,0.309260,-0.102648,-0.084266,-0.072257,-0.993820,-0.314766,0.948228,-0.042253,,,0.000000,,,,0.00,,,
35052,,,,,,,,,,,,,,-0.418979,-9.411225,0.227468,0.317564,0.772564,-0.426490,0.485840,0.899170,-0.101807,-0.004243,-0.094108,0.002360,99885.0000,0.946272,0.307067,-0.101387,-0.082628,-0.073523,-0.993865,-0.312638,0.948844,-0.044200,,,0.000000,,,,0.00,,,
35053,,,,,,,,,,,,,,-0.344222,-9.439067,0.176063,0.388251,0.753756,-0.403832,0.483643,0.896973,-0.094971,-0.003512,-0.094387,0.001825,,0.947467,0.304039,-0.099327,-0.080572,-0.073654,-0.994024,-0.309538,0.949808,-0.045287,,,0.000000,,,,0.00,,,
