// Start Time: Unknown
// Update Rate: 100.0Hz
// Filter Profile: human (46.1)
// Firmware Version: 4.6.0
PacketCounter,SampleTimeFine,Year,Month,Day,Second,UTC_Nano,UTC_Year,UTC_Month,UTC_Day,UTC_Hour,UTC_Minute,UTC_Second,UTC_Valid,Acc_X,Acc_Y,Acc_Z,FreeAcc_X,FreeAcc_Y,FreeAcc_Z,Mag_X,Mag_Y,Mag_Z,VelInc_X,VelInc_Y,VelInc_Z,Pressure,Mat[1][1],Mat[2][1],Mat[3][1],Mat[1][2],Mat[2][2],Mat[3][2],Mat[1][3],Mat[2][3],Mat[3][3],Latitude,Longitude,Altitude,Vel_X,Vel_Y,Vel_Z,Temperature,GyrTemp_X,GyrTemp_Y,GyrTemp_Z
34893,,,,,,,,,,,,,,9.788781,0.049396,0.723927,-0.023870,0.047841,0.002804,-1.115967,-0.113525,-0.331055,0.097888,0.000500,0.007234,,0.067322,0.029493,0.997295,-0.395410,0.918505,-0.000471,-0.916034,-0.394308,0.073498,,,0.000000,,,,0.00,,,
34894,,,,,,,,,,,,,,9.768318,-0.000275,0.710005,0.007719,0.008804,-0.018607,-1.115967,-0.109131,-0.333252,0.097684,0.000004,0.007093,99737.0000,0.067399,0.029680,0.997285,-0.395401,0.918508,-0.000614,-0.916032,-0.394286,0.073642,,,0.000000,,,,0.00,,,
34895,,,,,,,,,,,,,,9.790305,-0.011919,0.713892,0.010844,-0.000768,0.003612,-1.122559,-0.106934,-0.331299,0.097904,-0.000111,0.007132,,0.067451,0.029899,0.997274,-0.395422,0.918499,-0.000792,-0.916020,-0.394291,0.073777,,,0.000000,,,,0.00,,,
34896,,,,,,,,,,,,,,9.811380,0.024595,0.682794,0.027046,0.047899,0.022300,-1.111572,-0.113525,-0.335449,0.098114,0.000255,0.006819,99738.0000,0.067539,0.030139,0.997261,-0.395436,0.918493,-0.000978,-0.916007,-0.394287,0.073952,,,0.000000,,,,0.00,,,
34897,,,,,,,,,,,,,,9.767591,-0.000474,0.738330,-0.016261,0.004002,-0.017246,-1.115967,-0.109131,-0.333252,0.097676,0.000005,0.007377,,0.067575,0.030379,0.997252,-0.395456,0.918484,-0.001183,-0.915996,-0.394289,0.074080,,,0.000000,,,,0.00,,,
34898,,,,,,,,,,,,,,9.768352,-0.050550,0.774871,-0.029263,-0.054262,-0.013714,-1.109375,-0.111328,-0.337402,0.097684,-0.000499,0.007741,99737.0000,0.067662,0.030570,0.997240,-0.395465,0.918480,-0.001324,-0.915986,-0.394284,0.074236,,,0.000000,,,,0.00,,,
34899,,,,,,,,,,,,,,9.800278,0.002942,0.715314,0.006999,0.021155,0.013637,-1.115967,-0.111328,-0.335449,0.098003,0.000036,0.007147,,0.067715,0.030752,0.997231,-0.395495,0.918467,-0.001468,-0.915969,-0.394300,0.074357,,,0.000000,,,,0.00,,,
34900,,,,,,,,,,,,,,9.810990,0.018025,0.688581,0.027049,0.047896,0.022300,-1.113770,-0.111328,-0.331055,0.098111,0.000189,0.006876,99735.0000,0.067825,0.030983,0.997216,-0.395498,0.918466,-0.001637,-0.915959,-0.394285,0.074549,,,0.000000,,,,0.00,,,
34901,,,,,,,,,,,,,,9.745886,-0.045024,0.776952,-0.032462,-0.044687,-0.035933,-1.118164,-0.109131,-0.335449,0.097460,-0.000442,0.007762,,0.067902,0.031201,0.997204,-0.395508,0.918461,-0.001806,-0.915949,-0.394279,0.074705,,,0.000000,,,,0.00,,,
34902,,,,,,,,,,,,,,9.811594,-0.033354,0.726814,0.014037,-0.010401,0.025831,-1.115967,-0.111328,-0.339600,0.098116,-0.000329,0.007262,99730.0000,0.067971,0.031338,0.997195,-0.395522,0.918455,-0.001904,-0.915938,-0.394283,0.074823,,,0.000000,,,,0.00,,,
34903,,,,,,,,,,,,,,9.821119,0.035399,0.688506,0.023197,0.069800,0.032325,-1.118164,-0.109131,-0.333252,0.098212,0.000362,0.006879,,0.068026,0.031536,0.997185,-0.395525,0.918453,-0.002064,-0.915932,-0.394271,0.074952,,,0.000000,,,,0.00,,,
34904,,,,,,,,,,,,,,9.831017,0.060378,0.709662,-0.004545,0.086911,0.043711,-1.113770,-0.109131,-0.333252,0.098311,0.000613,0.007087,99739.0000,0.068142,0.031786,0.997169,-0.395546,0.918444,-0.002247,-0.915915,-0.394273,0.075157,,,0.000000,,,,0.00,,,
34905,,,,,,,,,,,,,,9.810431,0.010146,0.696658,0.027032,0.047744,0.022300,-1.111572,-0.111328,-0.331055,0.098105,0.000112,0.006955,,0.068268,0.032060,0.997152,-0.395601,0.918419,-0.002444,-0.915882,-0.394308,0.075382,,,0.000000,,,,0.00,,,
34906,,,,,,,,,,,,,,9.756021,-0.036706,0.757343,-0.012420,-0.018066,-0.027271,-1.111572,-0.106934,-0.339600,0.097561,-0.000356,0.007561,99736.0000,0.068405,0.032365,0.997133,-0.395603,0.918418,-0.002671,-0.915871,-0.394286,0.075628,,,0.000000,,,,0.00,,,
34907,,,,,,,,,,,,,,9.744965,-0.055322,0.787756,-0.032496,-0.044963,-0.035935,-1.118164,-0.113525,-0.331055,0.097450,-0.000544,0.007868,,0.068510,0.032595,0.997118,-0.395593,0.918422,-0.002842,-0.915867,-0.394258,0.075815,,,0.000000,,,,0.00,,,
34908,,,,,,,,,,,,,,9.767043,-0.028599,0.708919,0.031498,0.013333,-0.019969,-1.115967,-0.113525,-0.329102,0.097671,-0.000280,0.007083,99732.0000,0.068575,0.032747,0.997108,-0.395608,0.918415,-0.002955,-0.915856,-0.394261,0.075935,,,0.000000,,,,0.00,,,
34909,,,,,,,,,,,,,,9.766511,-0.024667,0.734019,0.007576,0.008400,-0.018607,-1.115967,-0.109131,-0.333252,0.097666,-0.000241,0.007334,,0.068645,0.032890,0.997099,-0.395653,0.918395,-0.003055,-0.915831,-0.394295,0.076056,,,0.000000,,,,0.00,,,
34910,,,,,,,,,,,,,,9.765976,-0.020731,0.759103,-0.016319,0.003586,-0.017245,-1.113770,-0.113525,-0.329102,0.097660,-0.000202,0.007585,99734.0000,0.068706,0.033041,0.997090,-0.395681,0.918382,-0.003168,-0.915814,-0.394312,0.076172,,,0.000000,,,,0.00,,,
34911,,,,,,,,,,,,,,9.797948,-0.005325,0.782408,-0.040875,0.010973,0.016361,-1.115967,-0.109131,-0.333252,0.097980,-0.000048,0.007817,,0.068784,0.033185,0.997080,-0.395699,0.918375,-0.003268,-0.915801,-0.394318,0.076301,,,0.000000,,,,0.00,,,
34912,,,,,,,,,,,,,,9.755781,-0.049677,0.741822,0.011410,-0.013650,-0.028633,-1.114014,-0.104736,-0.335449,0.097558,-0.000490,0.007415,99735.0000,0.068798,0.033337,0.997073,-0.395719,0.918365,-0.003401,-0.915791,-0.394327,0.076374,,,0.000000,,,,0.00,,,
34913,,,,,,,,,,,,,,9.808720,0.009157,0.755895,-0.020796,0.037608,0.025026,-1.113770,-0.109131,-0.337646,0.098087,0.000094,0.007555,,0.068843,0.033408,0.997068,-0.395779,0.918339,-0.003443,-0.915762,-0.394381,0.076444,,,0.000000,,,,0.00,,,
34914,,,,,,,,,,,,,,9.787719,-0.034749,0.765514,-0.013103,-0.006242,0.004973,-1.113770,-0.113525,-0.335449,0.097878,-0.000343,0.007650,99734.0000,0.068914,0.033529,0.997059,-0.395805,0.918328,-0.003525,-0.915745,-0.394398,0.076557,,,0.000000,,,,0.00,,,
34915,,,,,,,,,,,,,,9.754002,0.006464,0.757057,-0.023252,0.034716,-0.029437,-1.113770,-0.113525,-0.333252,0.097540,0.000068,0.007566,,0.068982,0.033614,0.997051,-0.395842,0.918312,-0.003572,-0.915724,-0.394429,0.076653,,,0.000000,,,,0.00,,,
34916,,,,,,,,,,,,,,9.808969,0.001979,0.734680,0.003199,0.042258,0.023665,-1.109375,-0.111328,-0.337402,0.098090,0.000024,0.007344,99740.0000,0.069001,0.033720,0.997047,-0.395901,0.918286,-0.003658,-0.915697,-0.394479,0.076712,,,0.000000,,,,0.00,,,
34917,,,,,,,,,,,,,,9.721588,-0.049851,0.819087,-0.059384,-0.040970,-0.056794,-1.115967,-0.109131,-0.337646,0.097216,-0.000495,0.008189,,0.069011,0.033774,0.997044,-0.395940,0.918269,-0.003700,-0.915680,-0.394514,0.076744,,,0.000000,,,,0.00,,,
34918,,,,,,,,,,,,,,9.755017,-0.049150,0.769472,-0.012236,-0.019015,-0.027272,-1.113770,-0.109131,-0.335449,0.097550,-0.000488,0.007697,99742.0000,0.068947,0.033819,0.997047,-0.395948,0.918265,-0.003767,-0.915681,-0.394519,0.076703,,,0.000000,,,,0.00,,,
34919,,,,,,,,,,,,,,9.809408,-0.004857,0.710970,0.027431,0.046644,0.022305,-1.115967,-0.111328,-0.333252,0.098094,-0.000049,0.007110,,0.068966,0.033804,0.997046,-0.395962,0.918259,-0.003744,-0.915673,-0.394534,0.076713,,,0.000000,,,,0.00,,,
34920,,,,,,,,,,,,,,9.776436,-0.011345,0.736613,0.004183,0.029504,-0.008579,-1.113770,-0.109131,-0.335449,0.097764,-0.000113,0.007366,99742.0000,0.068955,0.033818,0.997046,-0.395990,0.918247,-0.003759,-0.915662,-0.394562,0.076709,,,0.000000,,,,0.00,,,
34921,,,,,,,,,,,,,,9.777078,-0.059927,0.771827,-0.008695,-0.029051,-0.005055,-1.111572,-0.113525,-0.333252,0.097771,-0.000598,0.007718,,0.068969,0.033822,0.997045,-0.396009,0.918239,-0.003756,-0.915653,-0.394580,0.076724,,,0.000000,,,,0.00,,,
34922,,,,,,,,,,,,,,9.786927,0.010127,0.732036,0.000462,0.051138,0.001450,-1.113770,-0.106934,-0.335449,0.097869,0.000099,0.007324,99736.0000,0.068920,0.033761,0.997051,-0.396080,0.918209,-0.003712,-0.915626,-0.394656,0.076655,,,0.000000,,,,0.00,,,
34923,,,,,,,,,,,,,,9.830399,0.038306,0.701666,0.020002,0.089908,0.042365,-1.115967,-0.111328,-0.333252,0.098304,0.000384,0.007017,,0.068930,0.033748,0.997050,-0.396138,0.918183,-0.003692,-0.915600,-0.394716,0.076660,,,0.000000,,,,0.00,,,
34924,,,,,,,,,,,,,,9.711648,-0.077479,0.798518,-0.031166,-0.058804,-0.068186,-1.111572,-0.111328,-0.339600,0.097116,-0.000776,0.007988,99734.0000,0.068895,0.033706,0.997054,-0.396199,0.918157,-0.003663,-0.915576,-0.394780,0.076611,,,0.000000,,,,0.00,,,
34925,,,,,,,,,,,,,,9.819316,0.065494,0.670221,0.037068,0.125906,0.028818,-1.118164,-0.109131,-0.331055,0.098193,0.000653,0.006704,,0.068903,0.033620,0.997057,-0.396250,0.918136,-0.003576,-0.915554,-0.394837,0.076585,,,0.000000,,,,0.00,,,
34926,,,,,,,,,,,,,,9.678955,-0.126312,0.882500,-0.091098,-0.139362,-0.094189,-1.115967,-0.113525,-0.335449,0.096789,-0.001266,0.008827,99734.0000,0.068884,0.033550,0.997060,-0.396281,0.918122,-0.003516,-0.915541,-0.394874,0.076539,,,0.000000,,,,0.00,,,
34927,,,,,,,,,,,,,,9.755711,-0.052404,0.742558,0.012527,-0.015650,-0.028637,-1.113770,-0.113525,-0.333252,0.097556,-0.000533,0.007436,,0.068780,0.033262,0.997077,-0.396347,0.918095,-0.003287,-0.915521,-0.394962,0.076330,,,0.000000,,,,0.00,,,
34928,,,,,,,,,,,,,,9.809322,0.004105,0.729932,0.004193,0.040514,0.023672,-1.117920,-0.115723,-0.331055,0.098092,0.000032,0.007310,99738.0000,0.068658,0.033011,0.997094,-0.396354,0.918093,-0.003103,-0.915527,-0.394989,0.076119,,,0.000000,,,,0.00,,,
34929,,,,,,,,,,,,,,9.786287,0.069460,0.713933,-0.009743,0.103049,-0.000693,-1.115967,-0.113525,-0.331055,0.097862,0.000686,0.007150,,0.068539,0.032705,0.997112,-0.396418,0.918066,-0.002864,-0.915508,-0.395077,0.075888,,,0.000000,,,,0.00,,,
34930,,,,,,,,,,,,,,9.832552,-0.012577,0.680602,0.055346,0.040011,0.043163,-1.115967,-0.109131,-0.337646,0.098325,-0.000134,0.006815,99735.0000,0.068445,0.032480,0.997126,-0.396476,0.918041,-0.002689,-0.915490,-0.395153,0.075713,,,0.000000,,,,0.00,,,
34931,,,,,,,,,,,,,,9.786089,0.077676,0.734298,-0.033531,0.097714,0.000675,-1.118164,-0.111328,-0.331055,0.097860,0.000771,0.007350,,0.068371,0.032273,0.997138,-0.396545,0.918012,-0.002523,-0.915466,-0.395237,0.075563,,,0.000000,,,,0.00,,,
34932,,,,,,,,,,,,,,9.669584,-0.138766,0.876284,-0.086816,-0.162702,-0.104238,-1.111572,-0.113525,-0.333252,0.096695,-0.001394,0.008774,99738.0000,0.068214,0.032061,0.997155,-0.396579,0.917997,-0.002386,-0.915463,-0.395288,0.075335,,,0.000000,,,,0.00,,,
34933,,,,,,,,,,,,,,9.755881,-0.032000,0.777591,-0.034770,-0.026742,-0.025913,-1.111572,-0.109131,-0.335449,0.097557,-0.000337,0.007797,,0.067964,0.031543,0.997189,-0.396677,0.917956,-0.002001,-0.915439,-0.395426,0.074900,,,0.000000,,,,0.00,,,
34934,,,,,,,,,,,,,,9.820824,0.037525,0.710855,0.000841,0.060961,0.033712,-1.115723,-0.115723,-0.333252,0.098207,0.000359,0.007126,99744.0000,0.067762,0.031104,0.997217,-0.396706,0.917944,-0.001675,-0.915441,-0.395489,0.074541,,,0.000000,,,,0.00,,,
34935,,,,,,,,,,,,,,9.789403,-0.019348,0.744242,-0.011079,-0.009907,0.004973,-1.109375,-0.113525,-0.335449,0.097893,-0.000207,0.007462,,0.067553,0.030670,0.997244,-0.396775,0.917915,-0.001353,-0.915427,-0.395590,0.074177,,,0.000000,,,,0.00,,,
34936,,,,,,,,,,,,,,9.811726,0.011844,0.659893,0.052919,0.048375,0.020950,-1.115967,-0.111328,-0.335449,0.098116,0.000101,0.006619,99738.0000,0.067326,0.030191,0.997274,-0.396824,0.917894,-0.000998,-0.915422,-0.395675,0.073779,,,0.000000,,,,0.00,,,
34937,,,,,,,,,,,,,,9.876045,0.086534,0.617513,0.065121,0.131094,0.081939,-1.115967,-0.111328,-0.331055,0.098760,0.000850,0.006189,,0.067243,0.029773,0.997292,-0.396858,0.917880,-0.000644,-0.915414,-0.395740,0.073537,,,0.000000,,,,0.00,,,
34938,,,,,,,,,,,,,,9.832510,0.066206,0.669248,0.021821,0.087225,0.042385,-1.115723,-0.115723,-0.331055,0.098325,0.000651,0.006702,99742.0000,0.067154,0.029485,0.997307,-0.396910,0.917858,-0.000410,-0.915398,-0.395813,0.073341,,,0.000000,,,,0.00,,,
34939,,,,,,,,,,,,,,9.810516,0.078251,0.665189,0.018633,0.096115,0.020178,-1.115723,-0.115723,-0.335449,0.098105,0.000775,0.006658,,0.067110,0.029219,0.997318,-0.396935,0.917847,-0.000180,-0.915390,-0.395859,0.073194,,,0.000000,,,,0.00,,,
34940,,,,,,,,,,,,,,9.777889,0.035006,0.772747,-0.065411,0.011089,-0.004473,-1.113770,-0.113525,-0.337402,0.097778,0.000344,0.007734,99731.0000,0.067040,0.029050,0.997327,-0.396961,0.917835,-0.000051,-0.915384,-0.395897,0.073064,,,0.000000,,,,0.00,,,
34941,,,,,,,,,,,,,,9.724012,-0.008338,0.829561,-0.104262,-0.055333,-0.054065,-1.120361,-0.113525,-0.333252,0.097239,-0.000091,0.008306,,0.066958,0.028760,0.997341,-0.396976,0.917829,0.000184,-0.915383,-0.395933,0.072873,,,0.000000,,,,0.00,,,
34942,,,,,,,,,,,,,,9.746512,0.016695,0.722261,-0.016350,0.007775,-0.039453,-1.117920,-0.115723,-0.329102,0.097464,0.000154,0.007241,99737.0000,0.066718,0.028374,0.997368,-0.396976,0.917829,0.000444,-0.915401,-0.395960,0.072499,,,0.000000,,,,0.00,,,
34943,,,,,,,,,,,,,,9.800354,0.068737,0.684050,-0.000504,0.067955,0.011516,-1.115723,-0.115723,-0.326904,0.098002,0.000678,0.006857,,0.066512,0.027974,0.997393,-0.396929,0.917849,0.000727,-0.915436,-0.395942,0.072152,,,0.000000,,,,0.00,,,
34944,,,,,,,,,,,,,,9.801276,0.060583,0.633122,0.047302,0.077591,0.008782,-1.111328,-0.115723,-0.331055,0.098012,0.000596,0.006346,99733.0000,0.066316,0.027666,0.997415,-0.396916,0.917854,0.000931,-0.915456,-0.395952,0.071850,,,0.000000,,,,0.00,,,
34945,,,,,,,,,,,,,,9.877080,0.102148,0.598267,0.066224,0.128105,0.081971,-1.115723,-0.120117,-0.328857,0.098770,0.001013,0.005994,,0.066193,0.027342,0.997432,-0.396905,0.917859,0.001180,-0.915470,-0.395964,0.071608,,,0.000000,,,,0.00,,,
34946,,,,,,,,,,,,,,9.898580,0.136569,0.540079,0.106343,0.181577,0.099323,-1.115723,-0.117920,-0.328857,0.098986,0.001361,0.005405,99736.0000,0.066145,0.027228,0.997438,-0.396912,0.917856,0.001265,-0.915470,-0.395979,0.071519,,,0.000000,,,,0.00,,,
34947,,,,,,,,,,,,,,9.941750,0.164683,0.509894,0.125797,0.218995,0.140288,-1.117920,-0.120117,-0.331055,0.099418,0.001652,0.005093,,0.066216,0.027202,0.997434,-0.396947,0.917841,0.001320,-0.915450,-0.396016,0.071573,,,0.000000,,,,0.00,,,
34948,,,,,,,,,,,,,,9.843214,0.143481,0.589455,0.056033,0.167642,0.047620,-1.113525,-0.115723,-0.331055,0.098433,0.001446,0.005880,99742.0000,0.066385,0.027533,0.997414,-0.396985,0.917824,0.001086,-0.915421,-0.396031,0.071860,,,0.000000,,,,0.00,,,
34949,,,,,,,,,,,,,,9.854774,0.108926,0.599773,0.063055,0.134275,0.059808,-1.117920,-0.115723,-0.329102,0.098549,0.001106,0.005978,,0.066621,0.027816,0.997391,-0.396978,0.917828,0.000919,-0.915407,-0.396003,0.072189,,,0.000000,,,,0.00,,,
34950,,,,,,,,,,,,,,9.843790,0.088452,0.632570,0.043026,0.107531,0.051122,-1.117920,-0.115723,-0.329102,0.098439,0.000907,0.006301,99731.0000,0.066906,0.028426,0.997354,-0.396939,0.917845,0.000468,-0.915403,-0.395921,0.072692,,,0.000000,,,,0.00,,,
34951,,,,,,,,,,,,,,9.875425,0.138373,0.577085,0.078632,0.180790,0.078588,-1.113770,-0.111328,-0.333252,0.098756,0.001410,0.005740,,0.067198,0.028943,0.997320,-0.396840,0.917888,0.000101,-0.915425,-0.395783,0.073166,,,0.000000,,,,0.00,,,
34952,,,,,,,,,,,,,,9.884694,0.163773,0.627957,0.027013,0.193052,0.091368,-1.115967,-0.113525,-0.333252,0.098849,0.001675,0.006235,99737.0000,0.067729,0.029967,0.997254,-0.396620,0.917983,-0.000648,-0.915481,-0.395486,0.074060,,,0.000000,,,,0.00,,,
34953,,,,,,,,,,,,,,9.603268,-0.131745,0.991943,-0.203799,-0.222476,-0.162142,-1.115723,-0.115723,-0.335449,0.096037,-0.001282,0.009882,,0.068126,0.030748,0.997203,-0.396432,0.918063,-0.001225,-0.915533,-0.395240,0.074733,,,0.000000,,,,0.00,,,
34954,,,,,,,,,,,,,,9.682171,-0.181911,0.833808,-0.030741,-0.195745,-0.094997,-1.118164,-0.111328,-0.335449,0.096824,-0.001794,0.008317,99737.0000,0.068321,0.031377,0.997170,-0.396338,0.918103,-0.001734,-0.915559,-0.395098,0.075162,,,0.000000,,,,0.00,,,
34955,,,,,,,,,,,,,,9.841209,0.107637,0.629231,0.055010,0.160149,0.047750,-1.115967,-0.106934,-0.333252,0.098413,0.001097,0.006269,,0.068607,0.031766,0.997138,-0.396201,0.918162,-0.001990,-0.915597,-0.394931,0.075578,,,0.000000,,,,0.00,,,
34956,,,,,,,,,,,,,,9.776348,-0.006430,0.755800,-0.017478,0.009408,-0.007186,-1.118164,-0.111328,-0.335449,0.097765,-0.000040,0.007534,99738.0000,0.068869,0.032415,0.997099,-0.396078,0.918213,-0.002493,-0.915630,-0.394758,0.076076,,,0.000000,,,,0.00,,,
34957,,,,,,,,,,,,,,9.798919,-0.031324,0.715346,0.032978,0.008008,0.012299,-1.118164,-0.111328,-0.331055,0.097991,-0.000292,0.007130,,0.069076,0.032860,0.997070,-0.396005,0.918244,-0.002827,-0.915646,-0.394650,0.076442,,,0.000000,,,,0.00,,,
34958,,,,,,,,,,,,,,9.820002,0.002685,0.687602,0.049196,0.056633,0.031072,-1.111572,-0.109131,-0.335449,0.098202,0.000047,0.006851,99735.0000,0.069391,0.033428,0.997029,-0.395896,0.918289,-0.003234,-0.915670,-0.394496,0.076955,,,0.000000,,,,0.00,,,
34959,,,,,,,,,,,,,,9.807161,0.040183,0.733784,-0.006334,0.076914,0.021666,-1.109375,-0.106934,-0.335449,0.098074,0.000425,0.007310,,0.069657,0.033921,0.996994,-0.395828,0.918318,-0.003589,-0.915679,-0.394388,0.077394,,,0.000000,,,,0.00,,,
34960,,,,,,,,,,,,,,9.884759,0.054673,0.612501,0.108018,0.147425,0.089494,-1.114014,-0.104736,-0.333252,0.098849,0.000571,0.006093,99733.0000,0.070056,0.034615,0.996942,-0.395750,0.918349,-0.004077,-0.915683,-0.394254,0.078035,,,0.000000,,,,0.00,,,
34961,,,,,,,,,,,,,,9.893929,0.124072,0.604114,0.092372,0.221829,0.097531,-1.115967,-0.111328,-0.335449,0.098941,0.001273,0.006001,,0.070455,0.035419,0.996886,-0.395583,0.918418,-0.004673,-0.915724,-0.394022,0.078718,,,0.000000,,,,0.00,,,
34962,,,,,,,,,,,,,,9.927059,0.117992,0.563677,0.139512,0.243716,0.127096,-1.115967,-0.109131,-0.337646,0.099273,0.001222,0.005587,99735.0000,0.071048,0.036580,0.996802,-0.395407,0.918489,-0.005523,-0.915754,-0.393750,0.079721,,,0.000000,,,,0.00,,,
34963,,,,,,,,,,,,,,9.881505,0.047659,0.711590,0.034548,0.129201,0.093617,-1.111572,-0.109131,-0.337646,0.098819,0.000525,0.007053,,0.071738,0.037677,0.996712,-0.395166,0.918588,-0.006282,-0.915804,-0.393416,0.080786,,,0.000000,,,,0.00,,,
34964,,,,,,,,,,,,,,9.395940,-0.330011,1.287680,-0.372163,-0.449781,-0.341157,-1.109619,-0.104736,-0.341797,0.093967,-0.003256,0.012829,99733.0000,0.072318,0.038895,0.996623,-0.394910,0.918692,-0.007197,-0.915869,-0.393056,0.081798,,,0.000000,,,,0.00,,,
34965,,,,,,,,,,,,,,9.607882,-0.307613,0.993937,-0.093246,-0.298083,-0.153683,-1.116211,-0.104736,-0.341797,0.096082,-0.003052,0.009920,,0.072492,0.039347,0.996593,-0.394816,0.918729,-0.007554,-0.915896,-0.392923,0.082135,,,0.000000,,,,0.00,,,
34966,,,,,,,,,,,,,,9.846757,0.020678,0.759467,0.011168,0.110513,0.062712,-1.111816,-0.104736,-0.337646,0.098469,0.000225,0.007575,99736.0000,0.072720,0.039836,0.996557,-0.394685,0.918782,-0.007926,-0.915934,-0.392750,0.082536,,,0.000000,,,,0.00,,,
34967,,,,,,,,,,,,,,9.792637,-0.086030,0.808708,0.005908,-0.005382,0.013659,-1.109619,-0.100098,-0.337646,0.097928,-0.000840,0.008066,,0.072895,0.040220,0.996528,-0.394581,0.918825,-0.008220,-0.915965,-0.392612,0.082847,,,0.000000,,,,0.00,,,
34968,,,,,,,,,,,,,,9.770376,-0.127722,0.844999,-0.010317,-0.054039,-0.005162,-1.107422,-0.100098,-0.339600,0.097706,-0.001262,0.008432,99736.0000,0.073110,0.040643,0.996495,-0.394570,0.918826,-0.008527,-0.915953,-0.392564,0.083212,,,0.000000,,,,0.00,,,
34969,,,,,,,,,,,,,,9.824541,-0.032828,0.779652,0.017319,0.064810,0.042567,-1.109619,-0.100098,-0.339600,0.098247,-0.000315,0.007779,,0.073245,0.041006,0.996471,-0.394463,0.918870,-0.008818,-0.915988,-0.392425,0.083478,,,0.000000,,,,0.00,,,
34970,,,,,,,,,,,,,,9.769676,-0.084898,0.817103,0.001725,0.003918,-0.008535,-1.107422,-0.102295,-0.348145,0.097698,-0.000835,0.008153,99736.0000,0.073467,0.041400,0.996438,-0.394451,0.918872,-0.009095,-0.915976,-0.392378,0.083838,,,0.000000,,,,0.00,,,
34971,,,,,,,,,,,,,,9.756842,-0.045839,0.861488,-0.052992,0.025504,-0.017955,-1.114014,-0.100098,-0.337646,0.097570,-0.000444,0.008597,,0.073696,0.041776,0.996405,-0.394440,0.918874,-0.009352,-0.915962,-0.392333,0.084195,,,0.000000,,,,0.00,,,
34972,,,,,,,,,,,,,,9.700659,-0.088056,0.946405,-0.116379,-0.045012,-0.066372,-1.109375,-0.106934,-0.345947,0.097008,-0.000866,0.009449,99737.0000,0.073868,0.042171,0.996376,-0.394434,0.918874,-0.009649,-0.915951,-0.392292,0.084509,,,0.000000,,,,0.00,,,
34973,,,,,,,,,,,,,,9.768163,-0.088204,0.850571,-0.022392,-0.002782,-0.007192,-1.111816,-0.102295,-0.341797,0.097683,-0.000871,0.008494,,0.073959,0.042318,0.996363,-0.394443,0.918869,-0.009747,-0.915939,-0.392287,0.084650,,,0.000000,,,,0.00,,,
34974,,,,,,,,,,,,,,9.777469,-0.010418,0.861261,-0.061066,0.067709,0.002223,-1.107422,-0.102295,-0.339600,0.097776,-0.000094,0.008602,99736.0000,0.074067,0.042594,0.996343,-0.394440,0.918868,-0.009959,-0.915932,-0.392260,0.084858,,,0.000000,,,,0.00,,,
34975,,,,,,,,,,,,,,9.767744,-0.092715,0.854892,-0.022934,-0.004138,-0.007194,-1.105225,-0.102295,-0.341797,0.097679,-0.000914,0.008538,,0.074119,0.042784,0.996331,-0.394406,0.918881,-0.010118,-0.915942,-0.392209,0.084980,,,0.000000,,,,0.00,,,
34976,,,,,,,,,,,,,,9.744973,-0.079951,0.877989,-0.050081,0.000652,-0.028044,-1.103027,-0.104736,-0.341797,0.097451,-0.000786,0.008771,99734.0000,0.074173,0.043090,0.996314,-0.394384,0.918887,-0.010381,-0.915948,-0.392160,0.085150,,,0.000000,,,,0.00,,,
34977,,,,,,,,,,,,,,9.800814,-0.042993,0.798142,0.013658,0.069987,0.020407,-1.111816,-0.102295,-0.343994,0.098009,-0.000420,0.007973,,0.074284,0.043226,0.996300,-0.394387,0.918885,-0.010461,-0.915937,-0.392151,0.085306,,,0.000000,,,,0.00,,,
34978,,,,,,,,,,,,,,9.789296,-0.061757,0.827923,-0.006450,0.043198,0.011654,-1.109619,-0.104492,-0.343994,0.097894,-0.000605,0.008270,99732.0000,0.074344,0.043518,0.996283,-0.394422,0.918867,-0.010704,-0.915917,-0.392160,0.085476,,,0.000000,,,,0.00,,,
34979,,,,,,,,,,,,,,9.777741,-0.080808,0.857892,-0.026307,0.014774,0.002904,-1.114014,-0.102295,-0.350342,0.097778,-0.000795,0.008569,,0.074446,0.043667,0.996269,-0.394461,0.918849,-0.010798,-0.915892,-0.392186,0.085630,,,0.000000,,,,0.00,,,
34980,,,,,,,,,,,,,,9.778847,-0.093284,0.812243,0.021429,0.024312,0.000224,-1.107422,-0.100098,-0.346191,0.097790,-0.000921,0.008111,99745.0000,0.074557,0.043970,0.996247,-0.394407,0.918870,-0.011038,-0.915906,-0.392104,0.085850,,,0.000000,,,,0.00,,,
34981,,,,,,,,,,,,,,9.720767,-0.071606,0.932519,-0.099700,-0.003179,-0.047541,-1.105469,-0.097900,-0.343994,0.097209,-0.000703,0.009315,,0.074743,0.044209,0.996222,-0.394407,0.918868,-0.011185,-0.915891,-0.392081,0.086115,,,0.000000,,,,0.00,,,
34982,,,,,,,,,,,,,,9.676714,-0.203170,1.009845,-0.121258,-0.153936,-0.083275,-1.107422,-0.100098,-0.341797,0.096768,-0.002024,0.010093,99735.0000,0.074793,0.044378,0.996211,-0.394369,0.918882,-0.011325,-0.915903,-0.392028,0.086227,,,0.000000,,,,0.00,,,
34983,,,,,,,,,,,,,,9.766363,-0.110586,0.868429,-0.021910,-0.008677,-0.007194,-1.109619,-0.102295,-0.348145,0.097664,-0.001101,0.008686,,0.074695,0.044395,0.996218,-0.394272,0.918923,-0.011389,-0.915953,-0.391930,0.086143,,,0.000000,,,,0.00,,,
34984,,,,,,,,,,,,,,9.799278,-0.051981,0.831804,-0.009606,0.061709,0.021770,-1.109863,-0.097900,-0.348145,0.097993,-0.000515,0.008318,99738.0000,0.074658,0.044472,0.996217,-0.394235,0.918938,-0.011477,-0.915972,-0.391887,0.086138,,,0.000000,,,,0.00,,,
34985,,,,,,,,,,,,,,9.745101,-0.107133,0.841692,-0.000290,0.005111,-0.030720,-1.114014,-0.100098,-0.341797,0.097451,-0.001066,0.008416,,0.074731,0.044518,0.996210,-0.394247,0.918933,-0.011491,-0.915961,-0.391894,0.086224,,,0.000000,,,,0.00,,,
34986,,,,,,,,,,,,,,9.755164,-0.081563,0.861588,-0.028075,0.022079,-0.019274,-1.105225,-0.102295,-0.341797,0.097552,-0.000812,0.008615,99735.0000,0.074717,0.044585,0.996208,-0.394199,0.918952,-0.011562,-0.915983,-0.391840,0.086236,,,0.000000,,,,0.00,,,
34987,,,,,,,,,,,,,,9.777727,-0.097738,0.840484,-0.001559,0.015556,0.001571,-1.111816,-0.102295,-0.346191,0.097777,-0.000973,0.008406,,0.074608,0.044480,0.996220,-0.394185,0.918959,-0.011509,-0.915998,-0.391836,0.086095,,,0.000000,,,,0.00,,,
34988,,,,,,,,,,,,,,9.788480,-0.076930,0.836258,-0.005461,0.037321,0.011679,-1.107422,-0.102295,-0.343994,0.097885,-0.000766,0.008362,99740.0000,0.074587,0.044528,0.996220,-0.394177,0.918962,-0.011563,-0.916003,-0.391825,0.086095,,,0.000000,,,,0.00,,,
34989,,,,,,,,,,,,,,9.811036,-0.093084,0.815221,0.022126,0.030849,0.032526,-1.105225,-0.102295,-0.343994,0.098110,-0.000926,0.008152,,0.074604,0.044457,0.996222,-0.394252,0.918931,-0.011483,-0.915969,-0.391906,0.086083,,,0.000000,,,,0.00,,,
34990,,,,,,,,,,,,,,9.765877,-0.063136,0.857643,-0.032113,0.040439,-0.009156,-1.111816,-0.102295,-0.341797,0.097659,-0.000628,0.008575,99741.0000,0.074599,0.044524,0.996219,-0.394222,0.918943,-0.011550,-0.915982,-0.391870,0.086105,,,0.000000,,,,0.00,,,
34991,,,,,,,,,,,,,,9.754792,-0.134179,0.897220,-0.041294,-0.041533,-0.015976,-1.107666,-0.095703,-0.337646,0.097548,-0.001335,0.008970,,0.074581,0.044481,0.996222,-0.394211,0.918948,-0.011519,-0.915989,-0.391863,0.086071,,,0.000000,,,,0.00,,,
34992,,,,,,,,,,,,,,9.766475,-0.070178,0.834329,-0.008302,0.043290,-0.010487,-1.109619,-0.100098,-0.343994,0.097665,-0.000699,0.008343,99736.0000,0.074552,0.044522,0.996223,-0.394175,0.918963,-0.011571,-0.916007,-0.391823,0.086060,,,0.000000,,,,0.00,,,
34993,,,,,,,,,,,,,,9.765528,-0.114329,0.893116,-0.046395,-0.020591,-0.005869,-1.103027,-0.104492,-0.348145,0.097655,-0.001140,0.008933,,0.074381,0.044483,0.996237,-0.394053,0.919014,-0.011614,-0.916073,-0.391706,0.085886,,,0.000000,,,,0.00,,,
34994,,,,,,,,,,,,,,9.744015,-0.158107,0.901141,-0.038776,-0.064525,-0.026104,-1.105469,-0.097900,-0.348145,0.097440,-0.001577,0.009013,99735.0000,0.074307,0.044525,0.996241,-0.393994,0.919039,-0.011688,-0.916104,-0.391645,0.085834,,,0.000000,,,,0.00,,,
34995,,,,,,,,,,,,,,9.766930,-0.125352,0.844272,0.003294,-0.011622,-0.008541,-1.107422,-0.102295,-0.339600,0.097669,-0.001254,0.008448,,0.074415,0.044416,0.996238,-0.394049,0.919017,-0.011540,-0.916072,-0.391708,0.085890,,,0.000000,,,,0.00,,,
34996,,,,,,,,,,,,,,9.810749,-0.044086,0.802590,0.011746,0.080554,0.030598,-1.111816,-0.100098,-0.343994,0.098107,-0.000442,0.008031,99734.0000,0.074316,0.044336,0.996249,-0.394043,0.919020,-0.011505,-0.916082,-0.391710,0.085769,,,0.000000,,,,0.00,,,
34997,,,,,,,,,,,,,,9.777885,-0.103526,0.837946,-0.001118,0.008380,0.001580,-1.114014,-0.100098,-0.346191,0.097778,-0.001035,0.008385,,0.074165,0.044115,0.996270,-0.394049,0.919019,-0.011360,-0.916092,-0.391736,0.085543,,,0.000000,,,,0.00,,,
34998,,,,,,,,,,,,,,9.833493,-0.059404,0.779134,0.038261,0.073775,0.051452,-1.107422,-0.102295,-0.346191,0.098334,-0.000593,0.007799,99736.0000,0.074018,0.044053,0.996283,-0.394080,0.919006,-0.011358,-0.916091,-0.391775,0.085383,,,0.000000,,,,0.00,,,
34999,,,,,,,,,,,,,,9.811006,-0.044245,0.799431,0.011945,0.077507,0.030622,-1.109619,-0.102295,-0.350342,0.098110,-0.000441,0.007995,,0.074061,0.043963,0.996284,-0.394125,0.918988,-0.011254,-0.916068,-0.391828,0.085388,,,0.000000,,,,0.00,,,
35000,,,,,,,,,,,,,,9.810730,-0.093274,0.834376,-0.001105,0.019024,0.033882,-1.105225,-0.104736,-0.343994,0.098107,-0.000929,0.008343,99739.0000,0.074032,0.044017,0.996284,-0.394135,0.918983,-0.011315,-0.916066,-0.391832,0.085383,,,0.000000,,,,0.00,,,
35001,,,,,,,,,,,,,,9.766923,-0.073202,0.828815,-0.005766,0.036907,-0.010459,-1.109863,-0.097900,-0.346191,0.097669,-0.000728,0.008289,,0.074161,0.043937,0.996278,-0.394223,0.918947,-0.011182,-0.916018,-0.391927,0.085471,,,0.000000,,,,0.00,,,
35002,,,,,,,,,,,,,,9.754192,-0.080665,0.904803,-0.073632,0.000332,-0.016565,-1.111816,-0.100098,-0.352539,0.097542,-0.000802,0.009046,99736.0000,0.074161,0.044012,0.996275,-0.394168,0.918969,-0.011256,-0.916041,-0.391865,0.085500,,,0.000000,,,,0.00,,,
35003,,,,,,,,,,,,,,9.755205,-0.139748,0.891868,-0.037407,-0.048350,-0.015992,-1.111816,-0.104736,-0.341797,0.097552,-0.001395,0.008922,,0.074224,0.044017,0.996270,-0.394150,0.918977,-0.011237,-0.916044,-0.391846,0.085560,,,0.000000,,,,0.00,,,
35004,,,,,,,,,,,,,,9.766967,-0.075056,0.828121,-0.004397,0.036430,-0.010457,-1.107666,-0.097900,-0.341797,0.097669,-0.000749,0.008284,99741.0000,0.074158,0.043989,0.996276,-0.394099,0.918999,-0.011243,-0.916071,-0.391797,0.085487,,,0.000000,,,,0.00,,,
35005,,,,,,,,,,,,,,9.789569,-0.090775,0.806256,0.022200,0.029845,0.010376,-1.107422,-0.104736,-0.341797,0.097895,-0.000906,0.008067,,0.074011,0.043817,0.996294,-0.394089,0.919005,-0.011143,-0.916087,-0.391804,0.085284,,,0.000000,,,,0.00,,,
35006,,,,,,,,,,,,,,9.833707,-0.063622,0.776089,0.041574,0.068486,0.051477,-1.107422,-0.102295,-0.346191,0.098337,-0.000634,0.007763,99741.0000,0.073941,0.043822,0.996299,-0.394071,0.919012,-0.011176,-0.916101,-0.391787,0.085222,,,0.000000,,,,0.00,,,
35007,,,,,,,,,,,,,,9.777869,-0.054900,0.822313,-0.007992,0.054414,-0.000302,-1.112061,-0.095703,-0.350342,0.097779,-0.000546,0.008223,,0.073997,0.043687,0.996301,-0.394170,0.918971,-0.011020,-0.916054,-0.391897,0.085221,,,0.000000,,,,0.00,,,
35008,,,,,,,,,,,,,,9.801042,-0.075794,0.777315,0.042989,0.054116,0.019180,-1.114258,-0.097900,-0.341797,0.098010,-0.000756,0.007773,99734.0000,0.073981,0.043707,0.996301,-0.394178,0.918968,-0.011044,-0.916051,-0.391903,0.085214,,,0.000000,,,,0.00,,,
35009,,,,,,,,,,,,,,9.809837,-0.040191,0.845468,-0.032661,0.061639,0.033351,-1.105225,-0.104736,-0.343994,0.098099,-0.000396,0.008448,,0.074041,0.043874,0.996290,-0.394141,0.918982,-0.011178,-0.916062,-0.391851,0.085335,,,0.000000,,,,0.00,,,
35010,,,,,,,,,,,,,,9.756161,-0.100538,0.832232,-0.000440,0.010333,-0.020584,-1.107422,-0.100098,-0.343994,0.097562,-0.000998,0.008320,99734.0000,0.074031,0.044010,0.996284,-0.394121,0.918989,-0.011310,-0.916072,-0.391820,0.085379,,,0.000000,,,,0.00,,,
35011,,,,,,,,,,,,,,9.822095,-0.084725,0.806103,0.022884,0.037809,0.042696,-1.105225,-0.100098,-0.341797,0.098221,-0.000841,0.008058,,0.074116,0.043979,0.996279,-0.394155,0.918975,-0.011244,-0.916051,-0.391855,0.085446,,,0.000000,,,,0.00,,,
35012,,,,,,,,,,,,,,9.855014,-0.026564,0.770615,0.035206,0.107995,0.071793,-1.107422,-0.100098,-0.343994,0.098551,-0.000258,0.007700,99742.0000,0.074162,0.044150,0.996268,-0.394193,0.918957,-0.011380,-0.916031,-0.391878,0.085556,,,0.000000,,,,0.00,,,
35013,,,,,,,,,,,,,,9.876772,-0.038941,0.774996,0.038368,0.097108,0.093970,-1.114014,-0.100098,-0.346191,0.098769,-0.000378,0.007740,,0.074255,0.044326,0.996254,-0.394226,0.918942,-0.011502,-0.916009,-0.391895,0.085710,,,0.000000,,,,0.00,,,
35014,,,,,,,,,,,,,,9.798815,-0.021761,0.820972,-0.015216,0.094471,0.020018,-1.114258,-0.097900,-0.346191,0.097989,-0.000203,0.008197,99736.0000,0.074374,0.044685,0.996229,-0.394329,0.918894,-0.011778,-0.915955,-0.391966,0.085962,,,0.000000,,,,0.00,,,
35015,,,,,,,,,,,,,,9.798485,-0.126967,0.869493,-0.017314,-0.018339,0.025087,-1.111816,-0.100098,-0.343994,0.097986,-0.001252,0.008684,,0.074427,0.045012,0.996210,-0.394454,0.918837,-0.012046,-0.915897,-0.392063,0.086141,,,0.000000,,,,0.00,,,
35016,,,,,,,,,,,,,,9.776762,-0.071440,0.834123,-0.007569,0.049409,-0.000275,-1.111816,-0.100098,-0.348145,0.097769,-0.000698,0.008328,99735.0000,0.074536,0.045401,0.996184,-0.394559,0.918787,-0.012352,-0.915842,-0.392133,0.086396,,,0.000000,,,,0.00,,,
35017,,,,,,,,,,,,,,9.797726,-0.080429,0.863356,-0.028003,0.033288,0.023236,-1.103271,-0.095703,-0.341797,0.097979,-0.000786,0.008621,,0.074638,0.045702,0.996163,-0.394731,0.918711,-0.012574,-0.915760,-0.392278,0.086611,,,0.000000,,,,0.00,,,
35018,,,,,,,,,,,,,,9.798809,-0.094232,0.818103,0.019770,0.042684,0.020553,-1.107666,-0.093506,-0.341797,0.097989,-0.000922,0.008168,99736.0000,0.074710,0.046164,0.996136,-0.394896,0.918634,-0.012955,-0.915683,-0.392403,0.086861,,,0.000000,,,,0.00,,,
35019,,,,,,,,,,,,,,9.819740,-0.103894,0.847399,-0.002266,0.027910,0.044056,-1.109863,-0.095703,-0.348145,0.098199,-0.001018,0.008461,,0.074641,0.046653,0.996119,-0.394985,0.918589,-0.013425,-0.915650,-0.392450,0.086992,,,0.000000,,,,0.00,,,
35020,,,,,,,,,,,,,,9.809800,-0.086372,0.795496,0.038429,0.068896,0.029377,-1.107666,-0.095703,-0.350342,0.098099,-0.000840,0.007940,99741.0000,0.074727,0.047205,0.996086,-0.395236,0.918475,-0.013876,-0.915535,-0.392653,0.087292,,,0.000000,,,,0.00,,,
35021,,,,,,,,,,,,,,9.830655,-0.096803,0.825496,0.018612,0.054180,0.052875,-1.105469,-0.093506,-0.339844,0.098308,-0.000942,0.008237,,0.074925,0.047829,0.996041,-0.395540,0.918337,-0.014344,-0.915388,-0.392899,0.087725,,,0.000000,,,,0.00,,,
35022,,,,,,,,,,,,,,9.764172,-0.119084,0.855474,-0.004015,0.024811,-0.010420,-1.109863,-0.097900,-0.346191,0.097644,-0.001162,0.008538,99734.0000,0.074989,0.048490,0.996005,-0.395814,0.918210,-0.014902,-0.915264,-0.393115,0.088049,,,0.000000,,,,0.00,,,
35023,,,,,,,,,,,,,,9.728988,-0.120686,0.931848,-0.076240,-0.003218,-0.038728,-1.107666,-0.095703,-0.346191,0.097292,-0.001179,0.009301,,0.074953,0.049036,0.995981,-0.396026,0.918110,-0.015399,-0.915175,-0.393280,0.088235,,,0.000000,,,,0.00,,,
35024,,,,,,,,,,,,,,9.729341,-0.184504,0.922140,-0.041462,-0.052119,-0.038230,-1.107666,-0.093506,-0.343994,0.097295,-0.001820,0.009209,99732.0000,0.074960,0.049616,0.995951,-0.396353,0.917960,-0.015899,-0.915033,-0.393557,0.088476,,,0.000000,,,,0.00,,,
35025,,,,,,,,,,,,,,9.750192,-0.141307,0.939804,-0.073697,-0.014352,-0.016576,-1.103271,-0.093506,-0.354736,0.097503,-0.001392,0.009389,,0.074872,0.049998,0.995939,-0.396658,0.917823,-0.016256,-0.914908,-0.393830,0.088551,,,0.000000,,,,0.00,,,
35026,,,,,,,,,,,,,,9.783422,-0.139814,0.916256,-0.050491,0.002319,0.014411,-1.109863,-0.095703,-0.346191,0.097835,-0.001376,0.009155,99742.0000,0.074814,0.050477,0.995919,-0.397033,0.917653,-0.016685,-0.914750,-0.394165,0.088694,,,0.000000,,,,0.00,,,
35027,,,,,,,,,,,,,,9.784633,-0.154242,0.869916,-0.001372,0.011398,0.011744,-1.105469,-0.093506,-0.350342,0.097847,-0.001521,0.008693,,0.074874,0.050908,0.995893,-0.397491,0.917448,-0.017013,-0.914546,-0.394585,0.088928,,,0.000000,,,,0.00,,,
35028,,,,,,,,,,,,,,9.806268,-0.169140,0.873959,0.001813,0.001373,0.033901,-1.107666,-0.093506,-0.348145,0.098064,-0.001670,0.008734,99734.0000,0.074769,0.051359,0.995877,-0.397956,0.917239,-0.017426,-0.914353,-0.395012,0.089020,,,0.000000,,,,0.00,,,
35029,,,,,,,,,,,,,,9.774165,-0.136127,0.841113,0.016179,0.046904,-0.001579,-1.105469,-0.095703,-0.346191,0.097742,-0.001337,0.008406,,0.074718,0.051819,0.995857,-0.398481,0.917004,-0.017818,-0.914128,-0.395499,0.089165,,,0.000000,,,,0.00,,,
35030,,,,,,,,,,,,,,9.816185,-0.152201,0.895731,-0.025200,0.017463,0.045408,-1.101074,-0.093506,-0.343994,0.098163,-0.001496,0.008951,99735.0000,0.074592,0.052363,0.995838,-0.398981,0.916776,-0.018321,-0.913920,-0.395954,0.089276,,,0.000000,,,,0.00,,,
35031,,,,,,,,,,,,,,9.772402,-0.136124,0.891288,-0.031668,0.035248,0.001105,-1.107666,-0.095703,-0.343994,0.097725,-0.001336,0.008905,,0.074490,0.052775,0.995824,-0.399550,0.916521,-0.018685,-0.913680,-0.396489,0.089358,,,0.000000,,,,0.00,,,
35032,,,,,,,,,,,,,,9.783900,-0.125273,0.864648,-0.011649,0.061637,0.009943,-1.114258,-0.093506,-0.346191,0.097840,-0.001224,0.008639,99735.0000,0.074359,0.053385,0.995802,-0.400115,0.916263,-0.019244,-0.913443,-0.397004,0.089492,,,0.000000,,,,0.00,,,
35033,,,,,,,,,,,,,,9.815763,-0.115269,0.888878,-0.036981,0.066519,0.043620,-1.112061,-0.095703,-0.346191,0.098159,-0.001123,0.008879,,0.074193,0.053816,0.995791,-0.400688,0.916004,-0.019650,-0.913205,-0.397544,0.089524,,,0.000000,,,,0.00,,,
35034,,,,,,,,,,,,,,9.714724,-0.191598,0.977480,-0.095824,-0.038080,-0.047576,-1.105469,-0.095703,-0.346191,0.097148,-0.001884,0.009769,99737.0000,0.074008,0.054489,0.995768,-0.401252,0.915743,-0.020289,-0.912973,-0.398052,0.089636,,,0.000000,,,,0.00,,,
35035,,,,,,,,,,,,,,9.783618,-0.202094,0.856699,0.022484,0.007560,0.010418,-1.101074,-0.091309,-0.343994,0.097837,-0.001991,0.008561,,0.073845,0.054858,0.995760,-0.401882,0.915459,-0.020631,-0.912709,-0.398654,0.089648,,,0.000000,,,,0.00,,,
35036,,,,,,,,,,,,,,9.770583,-0.160741,0.922303,-0.056291,0.024297,0.002455,-1.105469,-0.091309,-0.346191,0.097707,-0.001576,0.009216,99732.0000,0.073689,0.055505,0.995735,-0.402419,0.915209,-0.021236,-0.912485,-0.399138,0.089777,,,0.000000,,,,0.00,,,
35037,,,,,,,,,,,,,,9.771760,-0.177446,0.875875,-0.008661,0.032577,-0.000205,-1.110107,-0.086914,-0.352539,0.097719,-0.001742,0.008753,,0.073483,0.056062,0.995719,-0.402931,0.914971,-0.021780,-0.912276,-0.399605,0.089824,,,0.000000,,,,0.00,,,
35038,,,,,,,,,,,,,,9.782168,-0.216211,0.884325,-0.001619,0.000611,0.011751,-1.105713,-0.086914,-0.352539,0.097823,-0.002128,0.008837,99737.0000,0.073283,0.056759,0.995695,-0.403452,0.914725,-0.022449,-0.912061,-0.400070,0.089933,,,0.000000,,,,0.00,,,
35039,,,,,,,,,,,,,,9.781903,-0.223173,0.885529,-0.000349,0.001127,0.011751,-1.105469,-0.093506,-0.352539,0.097820,-0.002197,0.008849,,0.073200,0.057559,0.995655,-0.404018,0.914458,-0.023162,-0.911818,-0.400567,0.090193,,,0.000000,,,,0.00,,,
35040,,,,,,,,,,,,,,9.803893,-0.187211,0.878149,-0.008083,0.044476,0.032132,-1.107910,-0.089111,-0.352539,0.098040,-0.001841,0.008775,99743.0000,0.073033,0.058204,0.995630,-0.404596,0.914187,-0.023764,-0.911575,-0.401092,0.090314,,,0.000000,,,,0.00,,,
35041,,,,,,,,,,,,,,9.803638,-0.194162,0.879495,-0.005941,0.043113,0.032140,-1.103516,-0.089111,-0.348389,0.098038,-0.001903,0.008788,,0.073024,0.058887,0.995590,-0.405311,0.913855,-0.024324,-0.911258,-0.401747,0.090601,,,0.000000,,,,0.00,,,
35042,,,,,,,,,,,,,,9.814539,-0.180462,0.876379,-0.009797,0.064603,0.042337,-1.103271,-0.091309,-0.350342,0.098147,-0.001767,0.008758,99732.0000,0.072781,0.059640,0.995563,-0.405930,0.913561,-0.025052,-0.911001,-0.402306,0.090699,,,0.000000,,,,0.00,,,
35043,,,,,,,,,,,,,,9.837342,-0.151056,0.845054,0.007720,0.111435,0.061407,-1.107910,-0.089111,-0.354736,0.098375,-0.001469,0.008444,,0.072663,0.060344,0.995529,-0.406690,0.913205,-0.025671,-0.910672,-0.403007,0.090897,,,0.000000,,,,0.00,,,
35044,,,,,,,,,,,,,,9.824449,-0.228908,0.886588,-0.001343,0.030921,0.054291,-1.107910,-0.089111,-0.348389,0.098246,-0.002245,0.008856,99742.0000,0.072436,0.061252,0.995490,-0.407375,0.912876,-0.026527,-0.910384,-0.403617,0.091077,,,0.000000,,,,0.00,,,
35045,,,,,,,,,,,,,,9.802388,-0.227261,0.885478,-0.003045,0.038961,0.032158,-1.110107,-0.086914,-0.346191,0.098026,-0.002225,0.008845,,0.072326,0.062105,0.995446,-0.408209,0.912481,-0.027270,-0.910019,-0.404378,0.091348,,,0.000000,,,,0.00,,,
35046,,,,,,,,,,,,,,9.781004,-0.231293,0.860719,0.017647,0.053209,0.008678,-1.098877,-0.091309,-0.352539,0.097812,-0.002265,0.008596,99736.0000,0.072094,0.063113,0.995399,-0.408977,0.912108,-0.028210,-0.909692,-0.405062,0.091569,,,0.000000,,,,0.00,,,
35047,,,,,,,,,,,,,,9.812115,-0.220369,0.909083,-0.029503,0.053146,0.043727,-1.096924,-0.086914,-0.348389,0.098123,-0.002151,0.009081,,0.071909,0.063981,0.995357,-0.409873,0.911682,-0.028992,-0.909304,-0.405885,0.091783,,,0.000000,,,,0.00,,,
35048,,,,,,,,,,,,,,9.790036,-0.220110,0.908202,-0.032691,0.062527,0.021594,-1.103516,-0.084717,-0.354736,0.097903,-0.002147,0.009070,99742.0000,0.071645,0.065110,0.995303,-0.410678,0.911285,-0.030052,-0.908961,-0.406596,0.092028,,,0.000000,,,,0.00,,,
35049,,,,,,,,,,,,,,9.811871,-0.247268,0.889842,-0.003476,0.056235,0.042392,-1.099121,-0.082520,-0.352539,0.098121,-0.002418,0.008887,,0.071551,0.066156,0.995241,-0.411631,0.910825,-0.030951,-0.908538,-0.407457,0.092403,,,0.000000,,,,0.00,,,
35050,,,,,,,,,,,,,,9.800002,-0.279725,0.896802,0.000458,0.033995,0.032177,-1.101562,-0.077881,-0.348389,0.098003,-0.002739,0.008954,99740.0000,0.071276,0.067363,0.995179,-0.412443,0.910418,-0.032085,-0.908191,-0.408168,0.092675,,,0.000000,,,,0.00,,,
35051,,,,,,,,,,,,,,9.787332,-0.307194,0.927930,-0.018589,0.006954,0.023312,-1.105957,-0.077881,-0.354736,0.097877,-0.003013,0.009264,,0.071102,0.068609,0.995107,-0.413231,0.910020,-0.033217,-0.907846,-0.408848,0.093056,,,0.000000,,,,0.00,,,
35052,,,,,,,,,,,,,,9.775955,-0.345407,0.911596,0.009241,-0.010424,0.011741,-1.101562,-0.077881,-0.350586,0.097763,-0.003396,0.009101,99737.0000,0.070847,0.069822,0.995041,-0.414019,0.909620,-0.034350,-0.907507,-0.409533,0.093351,,,0.000000,,,,0.00,,,
