// Start Time: Unknown
// Update Rate: 100.0Hz
// Filter Profile: human (46.1)
// Firmware Version: 4.6.0
PacketCounter,SampleTimeFine,Year,Month,Day,Second,UTC_Nano,UTC_Year,UTC_Month,UTC_Day,UTC_Hour,UTC_Minute,UTC_Second,UTC_Valid,Acc_X,Acc_Y,Acc_Z,FreeAcc_X,FreeAcc_Y,FreeAcc_Z,Mag_X,Mag_Y,Mag_Z,VelInc_X,VelInc_Y,VelInc_Z,Pressure,Mat[1][1],Mat[2][1],Mat[3][1],Mat[1][2],Mat[2][2],Mat[3][2],Mat[1][3],Mat[2][3],Mat[3][3],Latitude,Longitude,Altitude,Vel_X,Vel_Y,Vel_Z,Temperature,GyrTemp_X,GyrTemp_Y,GyrTemp_Z
34893,,,,,,,,,,,,,,-9.545567,1.474917,1.708627,-0.066007,0.015091,-0.004118,1.057373,-0.313477,0.380127,-0.095456,0.014740,0.017095,,0.137151,0.187962,-0.972553,-0.262802,0.953551,0.147229,0.955052,0.235397,0.180177,,,0.000000,,,,0.00,,,
34894,,,,,,,,,,,,,,-9.539761,1.533049,1.818228,0.025931,0.095902,0.018557,1.063965,-0.315430,0.380127,-0.095398,0.015321,0.018187,99882.0000,0.137089,0.188072,-0.972541,-0.262411,0.953628,0.147425,0.955169,0.234995,0.180084,,,0.000000,,,,0.00,,,
34895,,,,,,,,,,,,,,-9.570374,1.497812,1.843085,0.055999,0.060864,0.047618,1.059814,-0.315430,0.380127,-0.095704,0.014970,0.018435,,0.137046,0.188153,-0.972531,-0.262019,0.953711,0.147589,0.955282,0.234595,0.180002,,,0.000000,,,,0.00,,,
34896,,,,,,,,,,,,,,-9.549013,1.505056,1.806121,0.022938,0.061617,0.021264,1.055176,-0.311279,0.384521,-0.095491,0.015041,0.018065,99877.0000,0.136981,0.188275,-0.972517,-0.261748,0.953756,0.147775,0.955366,0.234312,0.179927,,,0.000000,,,,0.00,,,
34897,,,,,,,,,,,,,,-9.534977,1.469131,1.791489,0.021273,0.025262,-0.000325,1.055176,-0.307129,0.384521,-0.095350,0.014686,0.017918,,0.136928,0.188351,-0.972509,-0.261597,0.953779,0.147891,0.955415,0.234155,0.179871,,,0.000000,,,,0.00,,,
34898,,,,,,,,,,,,,,-9.539258,1.492844,1.725934,-0.047432,0.030825,-0.004442,1.055176,-0.311279,0.380127,-0.095393,0.014924,0.017261,99882.0000,0.136864,0.188439,-0.972502,-0.261612,0.953760,0.147990,0.955420,0.234164,0.179833,,,0.000000,,,,0.00,,,
34899,,,,,,,,,,,,,,-9.534857,1.470986,1.790601,0.021267,0.025209,-0.000324,1.055176,-0.311279,0.375732,-0.095349,0.014707,0.017908,,0.136776,0.188517,-0.972499,-0.261745,0.953712,0.148062,0.955396,0.234295,0.179789,,,0.000000,,,,0.00,,,
34900,,,,,,,,,,,,,,-9.542888,1.472630,1.736152,-0.031731,0.012234,-0.002059,1.055420,-0.315674,0.377930,-0.095429,0.014726,0.017364,99885.0000,0.136690,0.188544,-0.972505,-0.261920,0.953662,0.148077,0.955360,0.234478,0.179740,,,0.000000,,,,0.00,,,
34901,,,,,,,,,,,,,,-9.584006,1.494589,1.764118,-0.015668,0.031972,0.046208,1.059326,-0.309082,0.382324,-0.095839,0.014945,0.017646,,0.136570,0.188556,-0.972520,-0.262046,0.953625,0.148094,0.955343,0.234620,0.179647,,,0.000000,,,,0.00,,,
34902,,,,,,,,,,,,,,-9.541025,1.461658,1.766725,0.002622,0.009378,-0.000000,1.057129,-0.307129,0.380127,-0.095409,0.014615,0.017675,99877.0000,0.136403,0.188554,-0.972544,-0.262031,0.953622,0.148135,0.955371,0.234631,0.179484,,,0.000000,,,,0.00,,,
34903,,,,,,,,,,,,,,-9.547114,1.452114,1.743403,-0.016014,-0.006482,0.000323,1.052979,-0.309326,0.382324,-0.095470,0.014518,0.017445,,0.136193,0.188565,-0.972571,-0.261921,0.953640,0.148216,0.955431,0.234551,0.179268,,,0.000000,,,,0.00,,,
34904,,,,,,,,,,,,,,-9.545211,1.441691,1.773832,0.018339,-0.009264,0.002382,1.055420,-0.313477,0.384521,-0.095451,0.014411,0.017749,99880.0000,0.136000,0.188593,-0.972593,-0.261694,0.953684,0.148333,0.955521,0.234348,0.179055,,,0.000000,,,,0.00,,,
34905,,,,,,,,,,,,,,-9.527904,1.473294,1.836287,0.074285,0.037919,0.001411,1.055420,-0.313477,0.377930,-0.095279,0.014726,0.018371,,0.135846,0.188662,-0.972601,-0.261427,0.953733,0.148488,0.955616,0.234093,0.178882,,,0.000000,,,,0.00,,,
34906,,,,,,,,,,,,,,-9.530101,1.486214,1.802146,0.039932,0.040701,-0.000647,1.059570,-0.313477,0.382324,-0.095301,0.014854,0.018029,99879.0000,0.135721,0.188748,-0.972602,-0.261103,0.953795,0.148663,0.955722,0.233773,0.178732,,,0.000000,,,,0.00,,,
34907,,,,,,,,,,,,,,-9.543249,1.435204,1.801531,0.052591,-0.012298,0.004441,1.057617,-0.317627,0.380127,-0.095433,0.014341,0.018022,,0.135607,0.188905,-0.972587,-0.260815,0.953837,0.148898,0.955817,0.233474,0.178616,,,0.000000,,,,0.00,,,
34908,,,,,,,,,,,,,,-9.580519,1.480599,1.817694,0.052945,0.026051,0.050327,1.057373,-0.311279,0.382324,-0.095805,0.014796,0.018184,99876.0000,0.135468,0.189028,-0.972583,-0.260583,0.953870,0.149095,0.955900,0.233241,0.178477,,,0.000000,,,,0.00,,,
34909,,,,,,,,,,,,,,-9.576875,1.503659,1.804969,0.037011,0.044412,0.047946,1.059570,-0.313477,0.384521,-0.095768,0.015030,0.018059,,0.135311,0.189103,-0.972590,-0.260408,0.953895,0.149239,0.955970,0.233076,0.178317,,,0.000000,,,,0.00,,,
34910,,,,,,,,,,,,,,-9.549968,1.520466,1.788074,0.022597,0.060924,0.021269,1.059570,-0.313477,0.380127,-0.095498,0.015198,0.017894,99880.0000,0.135052,0.189142,-0.972618,-0.260266,0.953914,0.149366,0.956045,0.232967,0.178055,,,0.000000,,,,0.00,,,
34911,,,,,,,,,,,,,,-9.546541,1.543064,1.774467,0.006594,0.079160,0.018890,1.053223,-0.311279,0.384521,-0.095464,0.015425,0.017757,,0.134841,0.189205,-0.972635,-0.260144,0.953926,0.149500,0.956108,0.232867,0.177848,,,0.000000,,,,0.00,,,
34912,,,,,,,,,,,,,,-9.552647,1.533853,1.750606,-0.012052,0.063403,0.019211,1.055420,-0.315430,0.380127,-0.095525,0.015335,0.017518,99882.0000,0.134592,0.189207,-0.972669,-0.260076,0.953933,0.149574,0.956162,0.232837,0.177600,,,0.000000,,,,0.00,,,
34913,,,,,,,,,,,,,,-9.552881,1.534935,1.748377,-0.012317,0.062924,0.019214,1.055420,-0.315430,0.382324,-0.095528,0.015342,0.017494,,0.134394,0.189337,-0.972671,-0.260020,0.953919,0.149760,0.956205,0.232787,0.177433,,,0.000000,,,,0.00,,,
34914,,,,,,,,,,,,,,-9.550765,1.478412,1.689532,-0.051254,-0.004909,-0.001741,1.051025,-0.313477,0.377930,-0.095506,0.014779,0.016906,99882.0000,0.134169,0.189365,-0.972697,-0.259925,0.953929,0.149858,0.956262,0.232722,0.177209,,,0.000000,,,,0.00,,,
34915,,,,,,,,,,,,,,-9.543144,1.478424,1.741144,0.001574,0.007520,0.000001,1.053223,-0.311279,0.386719,-0.095430,0.014778,0.017424,,0.133940,0.189454,-0.972711,-0.259695,0.953963,0.150043,0.956357,0.232512,0.176974,,,0.000000,,,,0.00,,,
34916,,,,,,,,,,,,,,-9.564742,1.474526,1.774699,0.034632,0.006761,0.026359,1.046875,-0.313477,0.386719,-0.095646,0.014737,0.017760,99882.0000,0.133706,0.189508,-0.972733,-0.259420,0.954013,0.150202,0.956464,0.232263,0.176720,,,0.000000,,,,0.00,,,
34917,,,,,,,,,,,,,,-9.606044,1.498013,1.800617,0.050521,0.026068,0.074634,1.050781,-0.309326,0.384521,-0.096059,0.014973,0.018019,,0.133487,0.189588,-0.972747,-0.259114,0.954066,0.150390,0.956578,0.231977,0.176481,,,0.000000,,,,0.00,,,
34918,,,,,,,,,,,,,,-9.561213,1.454839,1.834484,0.103171,0.000704,0.030484,1.057617,-0.317627,0.384766,-0.095610,0.014543,0.018360,99882.0000,0.133214,0.189588,-0.972785,-0.258831,0.954125,0.150506,0.956692,0.231738,0.176174,,,0.000000,,,,0.00,,,
34919,,,,,,,,,,,,,,-9.571704,1.514883,1.834496,0.088645,0.054986,0.049710,1.053223,-0.315674,0.384766,-0.095716,0.015143,0.018356,,0.133059,0.189665,-0.972791,-0.258579,0.954168,0.150666,0.956782,0.231496,0.176004,,,0.000000,,,,0.00,,,
34920,,,,,,,,,,,,,,-9.554303,1.499832,1.807406,0.071297,0.037209,0.025730,1.052979,-0.307129,0.388916,-0.095542,0.014994,0.018084,99880.0000,0.132884,0.189666,-0.972815,-0.258321,0.954224,0.150756,0.956876,0.231265,0.175796,,,0.000000,,,,0.00,,,
34921,,,,,,,,,,,,,,-9.557010,1.558097,1.861873,0.109560,0.104397,0.046713,1.049072,-0.315674,0.382324,-0.095568,0.015581,0.018630,,0.132757,0.189647,-0.972836,-0.258169,0.954259,0.150794,0.956935,0.231137,0.175645,,,0.000000,,,,0.00,,,
34922,,,,,,,,,,,,,,-9.532171,1.584894,1.812919,0.060801,0.123701,0.017971,1.055176,-0.311279,0.382324,-0.095321,0.015848,0.018135,99873.0000,0.132651,0.189636,-0.972852,-0.258098,0.954274,0.150822,0.956969,0.231085,0.175530,,,0.000000,,,,0.00,,,
34923,,,,,,,,,,,,,,-9.528578,1.606446,1.800799,0.044141,0.141204,0.015611,1.057373,-0.311279,0.386719,-0.095285,0.016064,0.018012,,0.132681,0.189715,-0.972833,-0.258045,0.954275,0.150902,0.956979,0.231013,0.175569,,,0.000000,,,,0.00,,,
34924,,,,,,,,,,,,,,-9.557947,1.602149,1.781948,0.024195,0.127464,0.040217,1.055420,-0.315430,0.384766,-0.095578,0.016022,0.017825,99880.0000,0.132599,0.189664,-0.972854,-0.257958,0.954301,0.150887,0.957014,0.230948,0.175465,,,0.000000,,,,0.00,,,
34925,,,,,,,,,,,,,,-9.546015,1.531895,1.810784,0.071509,0.068351,0.023077,1.059570,-0.311279,0.384521,-0.095459,0.015320,0.018114,,0.132598,0.189745,-0.972838,-0.257889,0.954305,0.150980,0.957032,0.230865,0.175473,,,0.000000,,,,0.00,,,
34926,,,,,,,,,,,,,,-9.524923,1.536968,1.773155,0.038458,0.069122,-0.003291,1.052979,-0.307129,0.384521,-0.095247,0.015371,0.017740,99877.0000,0.132463,0.189656,-0.972874,-0.257705,0.954358,0.150958,0.957101,0.230718,0.175292,,,0.000000,,,,0.00,,,
34927,,,,,,,,,,,,,,-9.554456,1.532742,1.753283,0.017219,0.053838,0.021321,1.052979,-0.307129,0.384521,-0.095543,0.015326,0.017543,,0.132434,0.189746,-0.972860,-0.257449,0.954405,0.151101,0.957174,0.230451,0.175246,,,0.000000,,,,0.00,,,
34928,,,,,,,,,,,,,,-9.568751,1.570469,1.764790,0.018849,0.090148,0.042939,1.055420,-0.313477,0.384521,-0.095685,0.015704,0.017660,99876.0000,0.132270,0.189655,-0.972901,-0.257079,0.954502,0.151117,0.957296,0.230124,0.175009,,,0.000000,,,,0.00,,,
34929,,,,,,,,,,,,,,-9.569141,1.570914,1.762278,0.017678,0.088496,0.042957,1.055420,-0.313477,0.389160,-0.095690,0.015706,0.017636,,0.132205,0.189755,-0.972890,-0.256611,0.954597,0.151316,0.957430,0.229649,0.174895,,,0.000000,,,,0.00,,,
34930,,,,,,,,,,,,,,-9.592984,1.577446,1.762953,0.016361,0.090507,0.067253,1.052979,-0.307129,0.384521,-0.095928,0.015772,0.017644,99891.0000,0.131979,0.189683,-0.972935,-0.256251,0.954685,0.151365,0.957558,0.229339,0.174605,,,0.000000,,,,0.00,,,
34931,,,,,,,,,,,,,,-9.537080,1.597656,1.763391,0.020806,0.118983,0.016013,1.053223,-0.313477,0.384521,-0.095369,0.015974,0.017648,,0.131831,0.189812,-0.972930,-0.256083,0.954700,0.151557,0.957623,0.229171,0.174466,,,0.000000,,,,0.00,,,
34932,,,,,,,,,,,,,,-9.543231,1.587873,1.739288,0.002150,0.103234,0.016304,1.053223,-0.313477,0.386719,-0.095430,0.015877,0.017405,99880.0000,0.131562,0.189798,-0.972969,-0.256118,0.954684,0.151600,0.957651,0.229250,0.174210,,,0.000000,,,,0.00,,,
34933,,,,,,,,,,,,,,-9.469523,1.591669,1.715634,-0.010633,0.113616,-0.058936,1.052734,-0.304932,0.386719,-0.094694,0.015917,0.017165,,0.131449,0.189994,-0.972946,-0.256295,0.954607,0.151786,0.957619,0.229409,0.174176,,,0.000000,,,,0.00,,,
34934,,,,,,,,,,,,,,-9.514738,1.592430,1.753408,0.021079,0.114825,-0.008256,1.048584,-0.304932,0.388916,-0.095146,0.015924,0.017542,99877.0000,0.131233,0.189995,-0.972975,-0.256533,0.954541,0.151795,0.957585,0.229679,0.174007,,,0.000000,,,,0.00,,,
34935,,,,,,,,,,,,,,-9.489639,1.575371,1.781048,0.055920,0.108348,-0.030443,1.057617,-0.315430,0.389160,-0.094895,0.015754,0.017818,,0.131133,0.190149,-0.972958,-0.256714,0.954470,0.151936,0.957550,0.229848,0.173976,,,0.000000,,,,0.00,,,
34936,,,,,,,,,,,,,,-9.517197,1.559666,1.794025,0.070296,0.091809,-0.003775,1.055176,-0.311279,0.388916,-0.095170,0.015599,0.017949,99880.0000,0.130902,0.190098,-0.972999,-0.257008,0.954399,0.151887,0.957503,0.230186,0.173790,,,0.000000,,,,0.00,,,
34937,,,,,,,,,,,,,,-9.520218,1.616684,1.848785,0.107890,0.156863,0.017367,1.055176,-0.311279,0.384521,-0.095199,0.016173,0.018497,,0.130815,0.190252,-0.972981,-0.257371,0.954284,0.151993,0.957417,0.230534,0.173800,,,0.000000,,,,0.00,,,
34938,,,,,,,,,,,,,,-9.575222,1.584325,1.876243,0.136646,0.123757,0.070696,1.055420,-0.315430,0.389160,-0.095749,0.015851,0.018771,99883.0000,0.130590,0.190120,-0.973037,-0.257826,0.954186,0.151835,0.957325,0.231047,0.173625,,,0.000000,,,,0.00,,,
34939,,,,,,,,,,,,,,-9.556236,1.598998,1.805997,0.067625,0.124352,0.042263,1.061768,-0.315430,0.384766,-0.095559,0.016000,0.018068,,0.130524,0.190265,-0.973017,-0.258407,0.954021,0.151887,0.957178,0.231610,0.173689,,,0.000000,,,,0.00,,,
34940,,,,,,,,,,,,,,-9.502282,1.584287,1.852068,0.123253,0.133377,-0.004502,1.048828,-0.313477,0.386719,-0.095021,0.015851,0.018524,99879.0000,0.130396,0.190148,-0.973057,-0.258858,0.953925,0.151721,0.957073,0.232099,0.173609,,,0.000000,,,,0.00,,,
34941,,,,,,,,,,,,,,-9.459571,1.549562,1.855658,0.139749,0.107622,-0.050670,1.057373,-0.311279,0.382324,-0.094594,0.015502,0.018560,,0.130474,0.190375,-0.973003,-0.259206,0.953808,0.151861,0.956968,0.232395,0.173794,,,0.000000,,,,0.00,,,
34942,,,,,,,,,,,,,,-9.465542,1.494405,1.909810,0.205482,0.067751,-0.043844,1.059326,-0.309082,0.382324,-0.094654,0.014949,0.019101,99880.0000,0.130408,0.190284,-0.973029,-0.259316,0.953793,0.151768,0.956948,0.232530,0.173726,,,0.000000,,,,0.00,,,
34943,,,,,,,,,,,,,,-9.444280,1.498991,1.873018,0.169539,0.065144,-0.070171,1.061523,-0.309082,0.384521,-0.094441,0.014993,0.018735,,0.130647,0.190528,-0.972949,-0.259248,0.953781,0.151963,0.956934,0.232382,0.174003,,,0.000000,,,,0.00,,,
34944,,,,,,,,,,,,,,-9.468056,1.504458,1.875097,0.168160,0.067111,-0.045872,1.053223,-0.311279,0.388916,-0.094679,0.015046,0.018760,99879.0000,0.130525,0.190424,-0.972986,-0.259048,0.953841,0.151926,0.957004,0.232220,0.173829,,,0.000000,,,,0.00,,,
34945,,,,,,,,,,,,,,-9.462885,1.558088,1.818074,0.099500,0.103902,-0.052640,1.055420,-0.315430,0.386963,-0.094626,0.015583,0.018194,,0.130612,0.190585,-0.972943,-0.258869,0.953863,0.152096,0.957041,0.231999,0.173922,,,0.000000,,,,0.00,,,
34946,,,,,,,,,,,,,,-9.490787,1.585909,1.753149,0.029409,0.111445,-0.032586,1.053223,-0.311279,0.386719,-0.094904,0.015862,0.017550,99883.0000,0.130313,0.190403,-0.973019,-0.258633,0.953937,0.152032,0.957146,0.231843,0.173555,,,0.000000,,,,0.00,,,
34947,,,,,,,,,,,,,,-9.489788,1.617718,1.705207,-0.022996,0.129732,-0.037031,1.052979,-0.307129,0.388916,-0.094893,0.016182,0.017076,,0.130132,0.190465,-0.973031,-0.258485,0.953956,0.152162,0.957210,0.231713,0.173373,,,0.000000,,,,0.00,,,
34948,,,,,,,,,,,,,,-9.494685,1.595151,1.711258,-0.007352,0.111191,-0.034675,1.053223,-0.311279,0.388916,-0.094941,0.015958,0.017140,99879.0000,0.129646,0.190187,-0.973150,-0.258378,0.954007,0.152024,0.957305,0.231731,0.172824,,,0.000000,,,,0.00,,,
34949,,,,,,,,,,,,,,-9.456521,1.539349,1.721476,0.024755,0.067646,-0.078537,1.057373,-0.311279,0.391357,-0.094559,0.015399,0.017241,,0.129348,0.190197,-0.973188,-0.258371,0.953996,0.152106,0.957347,0.231769,0.172539,,,0.000000,,,,0.00,,,
34950,,,,,,,,,,,,,,-9.465310,1.451928,1.814972,0.140489,0.006428,-0.067200,1.053223,-0.311279,0.388916,-0.094648,0.014522,0.018175,99877.0000,0.128874,0.190016,-0.973286,-0.258316,0.954020,0.152051,0.957426,0.231820,0.172032,,,0.000000,,,,0.00,,,
34951,,,,,,,,,,,,,,-9.432585,1.386586,1.804389,0.153535,-0.053303,-0.110848,1.053223,-0.313477,0.386719,-0.094321,0.013869,0.018066,,0.128713,0.190116,-0.973288,-0.258183,0.954030,0.152210,0.957483,0.231695,0.171881,,,0.000000,,,,0.00,,,
34952,,,,,,,,,,,,,,-9.444843,1.322298,1.833382,0.200570,-0.108939,-0.103788,1.052979,-0.309326,0.388916,-0.094444,0.013221,0.018356,99880.0000,0.128349,0.189980,-0.973362,-0.257732,0.954147,0.152244,0.957654,0.231326,0.171427,,,0.000000,,,,0.00,,,
34953,,,,,,,,,,,,,,-9.512243,1.361761,1.827625,0.178220,-0.087066,-0.033217,1.049072,-0.315674,0.393555,-0.095118,0.013616,0.018300,,0.128258,0.190041,-0.973363,-0.257070,0.954293,0.152444,0.957844,0.230670,0.171249,,,0.000000,,,,0.00,,,
34954,,,,,,,,,,,,,,-9.527107,1.399713,1.836794,0.179726,-0.050832,-0.011468,1.059570,-0.313477,0.391357,-0.095267,0.013994,0.018389,99888.0000,0.128001,0.189863,-0.973431,-0.256202,0.954520,0.152485,0.958111,0.229877,0.170823,,,0.000000,,,,0.00,,,
34955,,,,,,,,,,,,,,-9.572788,1.444144,1.795307,0.124220,-0.028221,0.032653,1.053223,-0.311279,0.395752,-0.095724,0.014443,0.017975,,0.127979,0.189887,-0.973429,-0.255562,0.954669,0.152628,0.958285,0.229238,0.170705,,,0.000000,,,,0.00,,,
34956,,,,,,,,,,,,,,-9.564192,1.518355,1.724207,0.042694,0.030198,0.023435,1.050781,-0.304932,0.388916,-0.095636,0.015192,0.017269,99882.0000,0.127606,0.189512,-0.973551,-0.254959,0.954858,0.152455,0.958495,0.228762,0.170163,,,0.000000,,,,0.00,,,
34957,,,,,,,,,,,,,,-9.575936,1.574928,1.720619,0.026027,0.083498,0.042861,1.050781,-0.307129,0.395508,-0.095751,0.015764,0.017238,,0.127381,0.189162,-0.973649,-0.254571,0.954997,0.152233,0.958628,0.228471,0.169803,,,0.000000,,,,0.00,,,
34958,,,,,,,,,,,,,,-9.531739,1.650381,1.720021,0.017519,0.168738,0.011136,1.051025,-0.311279,0.397949,-0.095308,0.016522,0.017235,99877.0000,0.126840,0.188604,-0.973827,-0.254306,0.955127,0.151859,0.958770,0.228389,0.169112,,,0.000000,,,,0.00,,,
34959,,,,,,,,,,,,,,-9.540922,1.647140,1.658823,-0.037325,0.154129,0.009166,1.052979,-0.307129,0.400146,-0.095399,0.016494,0.016625,,0.126430,0.188137,-0.973971,-0.254172,0.955216,0.151520,0.958860,0.228400,0.168587,,,0.000000,,,,0.00,,,
34960,,,,,,,,,,,,,,-9.519310,1.637682,1.648412,-0.036015,0.152206,-0.015133,1.048828,-0.309326,0.402344,-0.095185,0.016391,0.016520,99876.0000,0.125872,0.187642,-0.974139,-0.253773,0.955367,0.151235,0.959039,0.228174,0.167872,,,0.000000,,,,0.00,,,
34961,,,,,,,,,,,,,,-9.483756,1.548402,1.701043,0.046875,0.088192,-0.054473,1.055420,-0.313477,0.397949,-0.094829,0.015495,0.017048,,0.125419,0.187337,-0.974256,-0.253180,0.955539,0.151145,0.959255,0.227706,0.167273,,,0.000000,,,,0.00,,,
34962,,,,,,,,,,,,,,-9.516342,1.510370,1.719415,0.076832,0.052991,-0.025468,1.052734,-0.302979,0.395508,-0.095157,0.015105,0.017229,99879.0000,0.124947,0.186999,-0.974382,-0.252085,0.955834,0.151114,0.959605,0.226745,0.166568,,,0.000000,,,,0.00,,,
34963,,,,,,,,,,,,,,-9.579720,1.437385,1.763643,0.134139,-0.020100,0.032573,1.052734,-0.302979,0.397705,-0.095792,0.014366,0.017672,,0.124732,0.187044,-0.974401,-0.250736,0.956137,0.151442,0.959986,0.225427,0.166159,,,0.000000,,,,0.00,,,
34964,,,,,,,,,,,,,,-9.675067,1.383032,1.724531,0.105362,-0.098808,0.110660,1.048584,-0.304932,0.395508,-0.096747,0.013819,0.017277,99879.0000,0.124375,0.186867,-0.974480,-0.248990,0.956559,0.151652,0.960487,0.223774,0.165500,,,0.000000,,,,0.00,,,
34965,,,,,,,,,,,,,,-9.688454,1.411858,1.764662,0.138824,-0.067038,0.134661,1.048584,-0.307129,0.397705,-0.096881,0.014108,0.017672,,0.124410,0.186839,-0.974481,-0.247127,0.956997,0.151936,0.960963,0.221918,0.165233,,,0.000000,,,,0.00,,,
34966,,,,,,,,,,,,,,-9.739803,1.366400,1.655599,0.044121,-0.143980,0.159731,1.050537,-0.302979,0.404541,-0.097393,0.013665,0.016582,99877.0000,0.124189,0.186495,-0.974575,-0.245549,0.957406,0.151919,0.961396,0.220440,0.164693,,,0.000000,,,,0.00,,,
34967,,,,,,,,,,,,,,-9.692999,1.476457,1.611078,-0.016129,-0.038885,0.123507,1.050537,-0.302979,0.399902,-0.096923,0.014772,0.016143,,0.124020,0.186171,-0.974659,-0.244207,0.957757,0.151868,0.961760,0.219183,0.164245,,,0.000000,,,,0.00,,,
34968,,,,,,,,,,,,,,-9.606998,1.611168,1.625793,-0.017342,0.113084,0.062553,1.046387,-0.304932,0.402344,-0.096061,0.016123,0.016301,99874.0000,0.123503,0.185587,-0.974835,-0.242846,0.958139,0.151642,0.962171,0.218006,0.163402,,,0.000000,,,,0.00,,,
34969,,,,,,,,,,,,,,-9.555932,1.650027,1.554800,-0.081904,0.147570,0.007054,1.050293,-0.296631,0.404297,-0.095549,0.016515,0.015598,,0.122999,0.185078,-0.974996,-0.241599,0.958482,0.151465,0.962549,0.216928,0.162607,,,0.000000,,,,0.00,,,
34970,,,,,,,,,,,,,,-9.532263,1.673296,1.497433,-0.130630,0.166957,-0.021808,1.050537,-0.298584,0.411133,-0.095312,0.016746,0.015025,99877.0000,0.122335,0.184435,-0.975201,-0.240160,0.958882,0.151221,0.962994,0.215705,0.161599,,,0.000000,,,,0.00,,,
34971,,,,,,,,,,,,,,-9.525122,1.623057,1.453025,-0.152084,0.113858,-0.043479,1.048340,-0.298584,0.408691,-0.095242,0.016238,0.014582,,0.121779,0.183994,-0.975354,-0.238577,0.959285,0.151175,0.963458,0.214287,0.160718,,,0.000000,,,,0.00,,,
34972,,,,,,,,,,,,,,-9.491100,1.547131,1.471822,-0.102234,0.054405,-0.085024,1.050293,-0.294434,0.406494,-0.094904,0.015472,0.014766,99877.0000,0.121182,0.183570,-0.975509,-0.236772,0.959730,0.151187,0.963978,0.212652,0.159766,,,0.000000,,,,0.00,,,
34973,,,,,,,,,,,,,,-9.499960,1.505572,1.486038,-0.072005,0.015908,-0.080326,1.050293,-0.296631,0.410889,-0.094994,0.015048,0.014902,,0.120825,0.183432,-0.975579,-0.234674,0.960200,0.151476,0.964536,0.210640,0.159063,,,0.000000,,,,0.00,,,
34974,,,,,,,,,,,,,,-9.513871,1.535200,1.523294,-0.036230,0.049270,-0.056291,1.048096,-0.296631,0.410889,-0.095135,0.015337,0.015273,99875.0000,0.120402,0.183283,-0.975659,-0.232378,0.960707,0.151797,0.965144,0.208445,0.158262,,,0.000000,,,,0.00,,,
34975,,,,,,,,,,,,,,-9.505378,1.489899,1.481827,-0.057252,-0.004448,-0.077981,1.048096,-0.296631,0.406494,-0.095051,0.014882,0.014855,,0.120105,0.183355,-0.975682,-0.230037,0.961189,0.152313,0.965742,0.206150,0.157622,,,0.000000,,,,0.00,,,
34976,,,,,,,,,,,,,,-9.560675,1.462692,1.503779,-0.028777,-0.037844,-0.024682,1.048096,-0.292236,0.417480,-0.095604,0.014611,0.015072,99881.0000,0.119795,0.183240,-0.975742,-0.227659,0.961701,0.152653,0.966344,0.203849,0.156923,,,0.000000,,,,0.00,,,
34977,,,,,,,,,,,,,,-9.540422,1.398991,1.385756,-0.119883,-0.122012,-0.072672,1.048096,-0.294434,0.413086,-0.095401,0.013981,0.013887,,0.119623,0.183211,-0.975768,-0.225535,0.962145,0.153004,0.966863,0.201767,0.156415,,,0.000000,,,,0.00,,,
34978,,,,,,,,,,,,,,-9.559318,1.335913,1.360564,-0.125846,-0.190705,-0.067732,1.050049,-0.288086,0.417480,-0.095588,0.013359,0.013641,99875.0000,0.119207,0.182879,-0.975882,-0.223822,0.962540,0.153038,0.967312,0.200181,0.155674,,,0.000000,,,,0.00,,,
34979,,,,,,,,,,,,,,-9.585480,1.350409,1.323111,-0.162162,-0.187116,-0.045685,1.047852,-0.290283,0.417480,-0.095848,0.013518,0.013268,,0.118776,0.182437,-0.976017,-0.222658,0.962835,0.152877,0.967634,0.199159,0.154982,,,0.000000,,,,0.00,,,
34980,,,,,,,,,,,,,,-9.527018,1.388378,1.307965,-0.172180,-0.138067,-0.099103,1.045898,-0.294434,0.415283,-0.095263,0.013904,0.013113,99880.0000,0.118344,0.181808,-0.976187,-0.221755,0.963105,0.152488,0.967894,0.198428,0.154295,,,0.000000,,,,0.00,,,
34981,,,,,,,,,,,,,,-9.594520,1.493502,1.372503,-0.134654,-0.031712,-0.007078,1.043701,-0.288086,0.417480,-0.095936,0.014958,0.013764,,0.117790,0.181243,-0.976359,-0.220965,0.963338,0.152168,0.968142,0.197818,0.153520,,,0.000000,,,,0.00,,,
34982,,,,,,,,,,,,,,-9.606972,1.496893,1.475240,-0.030216,-0.003933,0.021436,1.045654,-0.288086,0.419678,-0.096059,0.014993,0.014797,99881.0000,0.117178,0.180475,-0.976575,-0.220023,0.963630,0.151683,0.968431,0.197095,0.152624,,,0.000000,,,,0.00,,,
34983,,,,,,,,,,,,,,-9.643405,1.556783,1.469470,-0.045239,0.052114,0.065238,1.047852,-0.288086,0.417480,-0.096424,0.015591,0.014735,,0.116596,0.179799,-0.976769,-0.219019,0.963920,0.151290,0.968729,0.196291,0.151769,,,0.000000,,,,0.00,,,
34984,,,,,,,,,,,,,,-9.705706,1.592041,1.512304,-0.012330,0.089151,0.137905,1.045898,-0.290283,0.413086,-0.097048,0.015941,0.015157,99878.0000,0.116236,0.179131,-0.976935,-0.217814,0.964256,0.150890,0.969044,0.195251,0.151098,,,0.000000,,,,0.00,,,
34985,,,,,,,,,,,,,,-9.720692,1.616286,1.550847,0.022469,0.120712,0.161995,1.050049,-0.288086,0.419678,-0.097199,0.016181,0.015538,,0.116077,0.178697,-0.977033,-0.216586,0.964565,0.150685,0.969338,0.194120,0.150667,,,0.000000,,,,0.00,,,
34986,,,,,,,,,,,,,,-9.713235,1.644922,1.554774,0.025278,0.154905,0.159543,1.045898,-0.290283,0.419678,-0.097126,0.016466,0.015571,99876.0000,0.116022,0.178091,-0.977150,-0.214982,0.964976,0.150346,0.969702,0.192627,0.150245,,,0.000000,,,,0.00,,,
34987,,,,,,,,,,,,,,-9.639718,1.595416,1.642239,0.131978,0.138594,0.093363,1.041260,-0.286133,0.421875,-0.096392,0.015968,0.016439,,0.116104,0.177784,-0.977196,-0.213460,0.965327,0.150262,0.970028,0.191146,0.150028,,,0.000000,,,,0.00,,,
34988,,,,,,,,,,,,,,-9.577118,1.605085,1.729798,0.224942,0.179323,0.046670,1.043457,-0.283936,0.419678,-0.095765,0.016066,0.017317,99876.0000,0.116120,0.177201,-0.977300,-0.211880,0.965727,0.149927,0.970373,0.189661,0.149685,,,0.000000,,,,0.00,,,
34989,,,,,,,,,,,,,,-9.512624,1.573532,1.697069,0.210902,0.156159,-0.026105,1.045410,-0.283936,0.424072,-0.095120,0.015751,0.016991,,0.115955,0.176839,-0.977386,-0.210806,0.965987,0.149767,0.970626,0.188672,0.149290,,,0.000000,,,,0.00,,,
34990,,,,,,,,,,,,,,-9.530333,1.545742,1.596943,0.120557,0.111391,-0.028014,1.045654,-0.288086,0.424072,-0.095297,0.015476,0.015988,99881.0000,0.115837,0.176294,-0.977498,-0.209926,0.966238,0.149386,0.970831,0.187897,0.148935,,,0.000000,,,,0.00,,,
34991,,,,,,,,,,,,,,-9.566535,1.534770,1.520428,0.047563,0.081574,-0.005706,1.041260,-0.281738,0.426270,-0.095659,0.015365,0.015225,,0.115548,0.176123,-0.977563,-0.209616,0.966315,0.149320,0.970933,0.187659,0.148574,,,0.000000,,,,0.00,,,
34992,,,,,,,,,,,,,,-9.525479,1.509006,1.490264,0.031686,0.061899,-0.054210,1.041016,-0.277588,0.421631,-0.095250,0.015103,0.014922,99880.0000,0.115331,0.175726,-0.977660,-0.208968,0.966494,0.149067,0.971098,0.187107,0.148188,,,0.000000,,,,0.00,,,
34993,,,,,,,,,,,,,,-9.546278,1.533326,1.477075,0.015012,0.080885,-0.032222,1.043213,-0.279785,0.421875,-0.095459,0.015342,0.014787,,0.115106,0.175543,-0.977719,-0.208337,0.966637,0.149026,0.971260,0.186541,0.147838,,,0.000000,,,,0.00,,,
34994,,,,,,,,,,,,,,-9.585482,1.575402,1.487967,0.014944,0.118649,0.013965,1.041016,-0.277588,0.426270,-0.095852,0.015760,0.014894,99880.0000,0.114984,0.175306,-0.977776,-0.207645,0.966802,0.148920,0.971423,0.185907,0.147569,,,0.000000,,,,0.00,,,
34995,,,,,,,,,,,,,,-9.564944,1.538155,1.527973,0.066472,0.093920,-0.005774,1.043213,-0.277588,0.421631,-0.095646,0.015388,0.015294,,0.114825,0.175218,-0.977811,-0.207134,0.966909,0.148941,0.971551,0.185436,0.147319,,,0.000000,,,,0.00,,,
34996,,,,,,,,,,,,,,-9.568257,1.555243,1.458721,-0.002324,0.099157,-0.010221,1.045410,-0.281738,0.424072,-0.095678,0.015563,0.014602,99877.0000,0.114649,0.174918,-0.977885,-0.206743,0.967024,0.148737,0.971655,0.185119,0.147032,,,0.000000,,,,0.00,,,
34997,,,,,,,,,,,,,,-9.534311,1.560235,1.528330,0.069725,0.123758,-0.032451,1.047607,-0.281738,0.424072,-0.095338,0.015619,0.015299,,0.114531,0.174750,-0.977929,-0.206548,0.967083,0.148622,0.971710,0.184967,0.146855,,,0.000000,,,,0.00,,,
34998,,,,,,,,,,,,,,-9.534149,1.547338,1.558149,0.103958,0.120760,-0.030219,1.043213,-0.281738,0.424072,-0.095336,0.015492,0.015600,99874.0000,0.114317,0.174285,-0.978037,-0.206177,0.967218,0.148258,0.971814,0.184700,0.146503,,,0.000000,,,,0.00,,,
34999,,,,,,,,,,,,,,-9.549167,1.571844,1.598544,0.138693,0.150845,-0.006025,1.043213,-0.277588,0.428467,-0.095484,0.015740,0.016008,,0.114114,0.174055,-0.978102,-0.205815,0.967316,0.148123,0.971915,0.184405,0.146207,,,0.000000,,,,0.00,,,
35000,,,,,,,,,,,,,,-9.558071,1.526325,1.617666,0.170038,0.113501,-0.001396,1.040771,-0.273438,0.423828,-0.095573,0.015281,0.016207,99880.0000,0.113760,0.173493,-0.978243,-0.204886,0.967566,0.147774,0.972152,0.183618,0.145617,,,0.000000,,,,0.00,,,
35001,,,,,,,,,,,,,,-9.534607,1.435383,1.567985,0.148200,0.023628,-0.045133,1.047363,-0.275391,0.428467,-0.095338,0.014373,0.015712,,0.113403,0.173026,-0.978367,-0.203823,0.967827,0.147537,0.972418,0.182683,0.145021,,,0.000000,,,,0.00,,,
35002,,,,,,,,,,,,,,-9.564443,1.353278,1.469093,0.070751,-0.074199,-0.042444,1.043213,-0.279785,0.428467,-0.095637,0.013552,0.014721,99877.0000,0.113067,0.172407,-0.978515,-0.202677,0.968125,0.147157,0.972696,0.181684,0.144406,,,0.000000,,,,0.00,,,
35003,,,,,,,,,,,,,,-9.528402,1.314843,1.416745,0.035653,-0.112384,-0.090933,1.045166,-0.275391,0.430664,-0.095277,0.013171,0.014192,,0.112872,0.172059,-0.978599,-0.201756,0.968344,0.146985,0.972910,0.180848,0.144013,,,0.000000,,,,0.00,,,
35004,,,,,,,,,,,,,,-9.531370,1.391833,1.453183,0.058444,-0.026463,-0.071443,1.041016,-0.275391,0.423828,-0.095307,0.013944,0.014549,99884.0000,0.112838,0.171360,-0.978725,-0.200526,0.968676,0.146482,0.973169,0.179731,0.143666,,,0.000000,,,,0.00,,,
35005,,,,,,,,,,,,,,-9.497298,1.506611,1.518098,0.103140,0.105283,-0.078652,1.038574,-0.273438,0.426025,-0.094967,0.015094,0.015192,,0.113016,0.170931,-0.978780,-0.199599,0.968915,0.146161,0.973338,0.178845,0.143620,,,0.000000,,,,0.00,,,
35006,,,,,,,,,,,,,,-9.480310,1.556483,1.566521,0.143084,0.170865,-0.081128,1.042969,-0.271240,0.426025,-0.094797,0.015594,0.015675,99880.0000,0.113097,0.170244,-0.978890,-0.198799,0.969167,0.145585,0.973493,0.178137,0.143454,,,0.000000,,,,0.00,,,
35007,,,,,,,,,,,,,,-9.438572,1.591532,1.645694,0.217668,0.229639,-0.105586,1.044922,-0.269043,0.426025,-0.094379,0.015945,0.016468,,0.113235,0.169781,-0.978955,-0.198145,0.969359,0.145197,0.973610,0.177533,0.143406,,,0.000000,,,,0.00,,,
35008,,,,,,,,,,,,,,-9.495056,1.628960,1.746474,0.303347,0.279325,-0.030575,1.040527,-0.267090,0.437012,-0.094945,0.016310,0.017477,99875.0000,0.113233,0.169240,-0.979049,-0.197315,0.969590,0.144784,0.973779,0.176787,0.143183,,,0.000000,,,,0.00,,,
35009,,,,,,,,,,,,,,-9.504572,1.593364,1.735021,0.300136,0.243090,-0.028168,1.038574,-0.269043,0.432617,-0.095041,0.015945,0.017367,,0.113180,0.168978,-0.979100,-0.196274,0.969816,0.144687,0.973995,0.175796,0.142929,,,0.000000,,,,0.00,,,
35010,,,,,,,,,,,,,,-9.538768,1.573792,1.692320,0.261348,0.212847,-0.003750,1.042480,-0.264893,0.430420,-0.095384,0.015744,0.016940,99880.0000,0.113173,0.168631,-0.979161,-0.194787,0.970134,0.144563,0.974295,0.174367,0.142640,,,0.000000,,,,0.00,,,
35011,,,,,,,,,,,,,,-9.571706,1.545739,1.682385,0.256686,0.178021,0.022947,1.044678,-0.264893,0.434814,-0.095712,0.015463,0.016846,,0.113112,0.168407,-0.979206,-0.193041,0.970476,0.144607,0.974649,0.172670,0.142282,,,0.000000,,,,0.00,,,
35012,,,,,,,,,,,,,,-9.520907,1.433218,1.699579,0.305290,0.082415,-0.040771,1.040527,-0.264893,0.428223,-0.095203,0.014341,0.017021,99877.0000,0.113005,0.167868,-0.979311,-0.190990,0.970914,0.144390,0.975065,0.170722,0.141780,,,0.000000,,,,0.00,,,
35013,,,,,,,,,,,,,,-9.539001,1.365849,1.677301,0.298234,0.011231,-0.036065,1.040527,-0.269043,0.432617,-0.095382,0.013674,0.016804,,0.112938,0.167386,-0.979401,-0.188862,0.971354,0.144232,0.975488,0.168683,0.141316,,,0.000000,,,,0.00,,,
35014,,,,,,,,,,,,,,-9.541972,1.259368,1.643714,0.291008,-0.093954,-0.053409,1.040527,-0.264893,0.437012,-0.095411,0.012614,0.016472,99872.0000,0.112696,0.166562,-0.979570,-0.186518,0.971872,0.143795,0.975967,0.166502,0.140593,,,0.000000,,,,0.00,,,
35015,,,,,,,,,,,,,,-9.534564,1.213424,1.570977,0.236267,-0.147004,-0.077656,1.042725,-0.267090,0.439453,-0.095334,0.012162,0.015756,,0.112200,0.165950,-0.979731,-0.184471,0.972296,0.143565,0.976413,0.164624,0.139704,,,0.000000,,,,0.00,,,
35016,,,,,,,,,,,,,,-9.563042,1.118339,1.502631,0.193301,-0.247785,-0.072997,1.044434,-0.260742,0.441406,-0.095617,0.011217,0.015086,99875.0000,0.111471,0.164775,-0.980012,-0.181921,0.972877,0.142883,0.976974,0.162358,0.138424,,,0.000000,,,,0.00,,,
35017,,,,,,,,,,,,,,-9.620290,1.081058,1.519804,0.221819,-0.285016,-0.019934,1.042236,-0.256592,0.443604,-0.096188,0.010848,0.015265,,0.110546,0.163894,-0.980264,-0.179761,0.973340,0.142464,0.977479,0.160465,0.137060,,,0.000000,,,,0.00,,,
35018,,,,,,,,,,,,,,-9.633847,1.057726,1.430466,0.150210,-0.314529,-0.022156,1.037842,-0.254395,0.447998,-0.096323,0.010617,0.014382,99877.0000,0.109492,0.162540,-0.980608,-0.176922,0.973973,0.141686,0.978116,0.157977,0.135399,,,0.000000,,,,0.00,,,
35019,,,,,,,,,,,,,,-9.637009,1.094712,1.300657,0.032243,-0.290086,-0.031234,1.041992,-0.250244,0.445801,-0.096353,0.010993,0.013094,,0.108107,0.161261,-0.980973,-0.174479,0.974517,0.140972,0.978708,0.155919,0.133489,,,0.000000,,,,0.00,,,
35020,,,,,,,,,,,,,,-9.645653,1.242842,1.392173,0.111945,-0.120759,0.010462,1.043945,-0.250244,0.447998,-0.096436,0.012476,0.014020,99877.0000,0.106701,0.159711,-0.981380,-0.171657,0.975154,0.140034,0.979361,0.153519,0.131465,,,0.000000,,,,0.00,,,
35021,,,,,,,,,,,,,,-9.788504,1.389237,1.395993,0.093148,0.010790,0.171537,1.037598,-0.245850,0.449951,-0.097863,0.013940,0.014068,,0.105240,0.158334,-0.981761,-0.169021,0.975727,0.139242,0.979978,0.151284,0.129447,,,0.000000,,,,0.00,,,
35022,,,,,,,,,,,,,,-9.842329,1.510397,1.335073,0.028346,0.123702,0.233157,1.037598,-0.248047,0.454590,-0.098401,0.015147,0.013469,99880.0000,0.103566,0.156837,-0.982179,-0.165909,0.976379,0.138416,0.980688,0.148617,0.127140,,,0.000000,,,,0.00,,,
35023,,,,,,,,,,,,,,-9.802931,1.574925,1.344527,0.053709,0.203913,0.204352,1.035156,-0.241699,0.456543,-0.098006,0.015787,0.013570,,0.101760,0.155641,-0.982558,-0.162849,0.976968,0.137890,0.981389,0.145977,0.124762,,,0.000000,,,,0.00,,,
35024,,,,,,,,,,,,,,-9.774322,1.579757,1.391392,0.126576,0.230697,0.182295,1.032959,-0.239502,0.465576,-0.097719,0.015830,0.014049,99883.0000,0.099768,0.154266,-0.982979,-0.159461,0.977618,0.137240,0.982150,0.143055,0.122135,,,0.000000,,,,0.00,,,
35025,,,,,,,,,,,,,,-9.749973,1.469435,1.392030,0.175310,0.135392,0.142704,1.032959,-0.239502,0.460938,-0.097475,0.014724,0.014064,,0.097317,0.153139,-0.983401,-0.156625,0.978136,0.136820,0.982852,0.140710,0.119175,,,0.000000,,,,0.00,,,
35026,,,,,,,,,,,,,,-9.614281,1.455137,1.251919,0.080953,0.132360,-0.009883,1.032959,-0.239502,0.465576,-0.096119,0.014580,0.012664,99875.0000,0.094926,0.151889,-0.983829,-0.153737,0.978672,0.136260,0.983542,0.138316,0.116252,,,0.000000,,,,0.00,,,
35027,,,,,,,,,,,,,,-9.526731,1.466184,1.048064,-0.085476,0.134915,-0.118300,1.034912,-0.237549,0.469971,-0.095247,0.014691,0.010624,,0.092454,0.151074,-0.984189,-0.151579,0.979038,0.136044,0.984112,0.136604,0.113416,,,0.000000,,,,0.00,,,
35028,,,,,,,,,,,,,,-9.474414,1.629459,0.932428,-0.191962,0.296218,-0.160515,1.030518,-0.233398,0.472168,-0.094726,0.016322,0.009463,99877.0000,0.090074,0.150009,-0.984573,-0.149360,0.979446,0.135564,0.984672,0.134845,0.110628,,,0.000000,,,,0.00,,,
35029,,,,,,,,,,,,,,-9.538391,1.782075,0.993921,-0.134399,0.449953,-0.069793,1.026123,-0.227051,0.476318,-0.095366,0.017845,0.010070,,0.087813,0.149401,-0.984870,-0.147755,0.979706,0.135443,0.985118,0.133626,0.108106,,,0.000000,,,,0.00,,,
35030,,,,,,,,,,,,,,-9.625600,1.843994,1.001797,-0.119022,0.506256,0.025278,1.021973,-0.231201,0.478760,-0.096239,0.018461,0.010139,99879.0000,0.085833,0.148548,-0.985173,-0.145583,0.980079,0.135096,0.985616,0.131829,0.105749,,,0.000000,,,,0.00,,,
35031,,,,,,,,,,,,,,-9.691690,1.791711,0.933737,-0.160334,0.440834,0.076239,1.026367,-0.235352,0.476562,-0.096903,0.017935,0.009446,,0.083931,0.148013,-0.985418,-0.143468,0.980399,0.135040,0.986090,0.130042,0.103521,,,0.000000,,,,0.00,,,
35032,,,,,,,,,,,,,,-9.709346,1.722027,0.898626,-0.165772,0.371424,0.080686,1.030273,-0.227051,0.483154,-0.097080,0.017239,0.009090,99875.0000,0.082329,0.147261,-0.985665,-0.141064,0.980787,0.134750,0.986571,0.127948,0.101520,,,0.000000,,,,0.00,,,
35033,,,,,,,,,,,,,,-9.690028,1.581389,0.902333,-0.121437,0.238993,0.043262,1.023682,-0.220703,0.485107,-0.096887,0.015837,0.009125,,0.080763,0.146872,-0.985853,-0.138897,0.981092,0.134784,0.987008,0.126046,0.099636,,,0.000000,,,,0.00,,,
35034,,,,,,,,,,,,,,-9.657670,1.375303,0.946064,-0.027452,0.053840,-0.012003,1.021484,-0.220703,0.487305,-0.096563,0.013776,0.009562,99878.0000,0.079230,0.145975,-0.986110,-0.135813,0.981577,0.134392,0.987561,0.123278,0.097596,,,0.000000,,,,0.00,,,
35035,,,,,,,,,,,,,,-9.566922,1.232886,0.879509,-0.045669,-0.075736,-0.127045,1.014893,-0.218506,0.487305,-0.095657,0.012352,0.008900,,0.077528,0.145194,-0.986361,-0.132171,0.982103,0.134179,0.988190,0.119965,0.095331,,,0.000000,,,,0.00,,,
35036,,,,,,,,,,,,,,-9.492290,1.114901,0.888334,0.005002,-0.172811,-0.215512,1.025635,-0.216309,0.489502,-0.094910,0.011174,0.008991,99881.0000,0.075876,0.144169,-0.986640,-0.128035,0.982710,0.133748,0.988863,0.116176,0.093022,,,0.000000,,,,0.00,,,
35037,,,,,,,,,,,,,,-9.476337,0.967224,0.838479,-0.002560,-0.316357,-0.255523,1.019287,-0.218506,0.493896,-0.094751,0.009698,0.008497,,0.074057,0.143325,-0.986901,-0.123606,0.983307,0.133528,0.989564,0.112098,0.090537,,,0.000000,,,,0.00,,,
35038,,,,,,,,,,,,,,-9.506140,0.972748,0.695003,-0.125593,-0.323739,-0.237963,1.023193,-0.212158,0.491699,-0.095050,0.009757,0.007063,99878.0000,0.072272,0.142262,-0.987187,-0.119114,0.983923,0.133071,0.990247,0.107971,0.088055,,,0.000000,,,,0.00,,,
35039,,,,,,,,,,,,,,-9.576434,1.001009,0.660687,-0.146402,-0.304412,-0.167354,1.020996,-0.212158,0.498291,-0.095752,0.010046,0.006725,,0.070471,0.141430,-0.987437,-0.114750,0.984476,0.132817,0.990892,0.103949,0.085606,,,0.000000,,,,0.00,,,
35040,,,,,,,,,,,,,,-9.612525,1.063773,0.684045,-0.109582,-0.235783,-0.120809,1.016846,-0.210205,0.498291,-0.096112,0.010677,0.006966,99875.0000,0.068494,0.140181,-0.987754,-0.110307,0.985073,0.132151,0.991535,0.099904,0.082935,,,0.000000,,,,0.00,,,
35041,,,,,,,,,,,,,,-9.700308,1.121909,0.687312,-0.094726,-0.183570,-0.025741,1.016602,-0.208008,0.507080,-0.096988,0.011266,0.007003,,0.066471,0.139193,-0.988032,-0.106370,0.985567,0.131690,0.992102,0.096343,0.080318,,,0.000000,,,,0.00,,,
35042,,,,,,,,,,,,,,-9.805374,1.216677,0.695884,-0.078179,-0.091703,0.091621,1.016357,-0.199463,0.509277,-0.098037,0.012222,0.007091,99880.0000,0.064416,0.137682,-0.988380,-0.102480,0.986113,0.130687,0.992647,0.092871,0.077631,,,0.000000,,,,0.00,,,
35043,,,,,,,,,,,,,,-9.918617,1.265816,0.766002,0.005427,-0.042320,0.215579,1.014160,-0.197510,0.511475,-0.099169,0.012714,0.007792,,0.062208,0.136511,-0.988683,-0.099212,0.986542,0.129972,0.993120,0.090004,0.074915,,,0.000000,,,,0.00,,,
35044,,,,,,,,,,,,,,-9.998743,1.233694,0.857493,0.120001,-0.064380,0.297385,1.018311,-0.195312,0.513672,-0.099970,0.012386,0.008708,99872.0000,0.060164,0.135112,-0.989002,-0.095356,0.987044,0.129043,0.993623,0.086543,0.072268,,,0.000000,,,,0.00,,,
35045,,,,,,,,,,,,,,-9.965357,1.156256,0.873245,0.170546,-0.126404,0.255217,1.013916,-0.193359,0.513428,-0.099637,0.011607,0.008863,,0.058117,0.134051,-0.989269,-0.091462,0.987491,0.128437,0.994111,0.083016,0.069650,,,0.000000,,,,0.00,,,
35046,,,,,,,,,,,,,,-9.837786,1.045027,0.990977,0.330003,-0.199712,0.122468,1.009521,-0.188965,0.515625,-0.098361,0.010486,0.010035,99875.0000,0.056164,0.132806,-0.989550,-0.087005,0.987995,0.127659,0.994623,0.078926,0.067044,,,0.000000,,,,0.00,,,
35047,,,,,,,,,,,,,,-9.700564,0.994415,0.944257,0.319388,-0.228949,-0.023564,1.007324,-0.187012,0.524414,-0.096989,0.009984,0.009570,,0.054190,0.131783,-0.989796,-0.082596,0.988447,0.127081,0.995109,0.074867,0.064449,,,0.000000,,,,0.00,,,
35048,,,,,,,,,,,,,,-9.597087,1.030372,0.718418,0.121689,-0.186880,-0.136320,1.005127,-0.187012,0.517822,-0.095957,0.010349,0.007307,99879.0000,0.052171,0.130484,-0.990077,-0.078496,0.988895,0.126192,0.995548,0.071133,0.061834,,,0.000000,,,,0.00,,,
35049,,,,,,,,,,,,,,-9.475830,1.150388,0.488232,-0.086542,-0.060925,-0.255394,1.004883,-0.184814,0.526611,-0.094745,0.011558,0.005006,,0.050085,0.129451,-0.990320,-0.074938,0.989257,0.125522,0.995930,0.067926,0.059248,,,0.000000,,,,0.00,,,
35050,,,,,,,,,,,,,,-9.412266,1.225214,0.267411,-0.284576,0.018600,-0.321532,1.006836,-0.180664,0.531006,-0.094111,0.012311,0.002802,99881.0000,0.047968,0.128066,-0.990605,-0.071162,0.989665,0.124499,0.996311,0.064521,0.056586,,,0.000000,,,,0.00,,,
35051,,,,,,,,,,,,,,-9.377423,1.276082,0.251238,-0.277490,0.080910,-0.349920,1.000244,-0.176514,0.535400,-0.093763,0.012818,0.002641,,0.045737,0.127143,-0.990829,-0.067848,0.989972,0.123901,0.996647,0.061559,0.053905,,,0.000000,,,,0.00,,,
35052,,,,,,,,,,,,,,-9.458187,1.246406,0.342894,-0.162914,0.058738,-0.268141,1.000244,-0.172119,0.533203,-0.094570,0.012518,0.003557,99873.0000,0.043638,0.125847,-0.991089,-0.063832,0.990359,0.122944,0.997006,0.057898,0.051250,,,0.000000,,,,0.00,,,
35053,,,,,,,,,,,,,,-9.536647,1.232282,0.453234,-0.028676,0.049735,-0.186254,1.000000,-0.170166,0.541992,-0.095353,0.012374,0.004666,,0.041255,0.124872,-0.991315,-0.060208,0.990667,0.122285,0.997333,0.054640,0.048389,,,0.000000,,,,0.00,,,
35054,,,,,,,,,,,,,,-9.696648,1.184023,0.538422,0.078961,-0.002211,-0.029514,1.000000,-0.167969,0.539795,-0.096952,0.011894,0.005520,99877.0000,0.038979,0.123556,-0.991572,-0.056528,0.991009,0.121264,0.997640,0.051325,0.045613,,,0.000000,,,,0.00,,,
35055,,,,,,,,,,,,,,-9.882273,1.264849,0.619976,0.176394,0.067422,0.167684,0.997803,-0.165771,0.548584,-0.098807,0.012701,0.006340,,0.036512,0.122602,-0.991784,-0.053571,0.991259,0.120565,0.997896,0.048729,0.042761,,,0.000000,,,,0.00,,,
